DATE,TIME,SYS-CTL,RF-CTRL,ECONCTRL,ACCH-SEL,HWC-VLV,CHWC-VLV,EA-DMPR,RA-DMPR,OA-DMPR,SF-SST,RF-SST,SF-WAT,RF-WAT,HWP-GPM,CHWP-GPM,RFCFMLAG,RF-SFSPD,SAT_SPT,SA_SPSPT,RMT-CFM,SA-CFM,RA-CFM,OA-CFM,SA-TEMP,MA-TEMP,RA-TEMP,HWC-DAT,CHWC-DAT,SA-SP,SF-DP,RF-DP,SF-SPD,RF-SPD,SA-HUMD,RA-HUMD,OA-TEMP,OAD-TEMP,HWC-EWT,HWC-LWT,HWC-MWT,CHWC-EWT,CHWC-LWT,CHWC-MWT,HWP-DP,CHWC-EAH,CHWC-LAH,RM-TEMP,PLN-TEMP,VAV-EAT,VAV-DAT,VAVHCVLV,VAV-DMPR,RMCLGSPT,RMHTGSPT,OCC-MAX,OCC-MIN,VAV-DP,VAVCFMDP,VAVHCEWT,VAVHCLWT,VAVHCGPM,RM-TEMP.1,PLN-TEMP.1,VAV-EAT.1,VAV-DAT.1,VAVHCVLV.1,VAV-DMPR.1,RMCLGSPT.1,RMHTGSPT.1,OCC-MAX.1,OCC-MIN.1,VAV-DP.1,VAVCFMDP.1,VAVHCEWT.1,VAVHCLWT.1,VAVHCGPM.1,RM-TEMP.2,PLN-TEMP.2,VAV-EAT.2,VAV-DAT.2,VAVHCVLV.2,VAV-DMPR.2,RMCLGSPT.2,RMHTGSPT.2,OCC-MAX.2,OCC-MIN.2,VAV-DP.2,VAVCFMDP.2,VAVHCEWT.2,VAVHCLWT.2,VAVHCGPM.2,RM-TEMP.3,PLN-TEMP.3,VAV-EAT.3,VAV-DAT.3,VAVHCVLV.3,VAV-DMPR.3,RMCLGSPT.3,RMHTGSPT.3,OCC-MAX.3,OCC-MIN.3,VAV-DP.3,VAVCFMDP.3,VAVHCEWT.3,VAVHCLWT.3,VAVHCGPM.3,IABBHT1,IABBHT2,IBBBHT1,IBBBHT2,WABBHT1,WABBHT2,WBBBHT1,WBBBHT2,SABBHT1,SABBHT2,SBBBHT1,SBBBHT2,EABBHT1,EABBHT2,EBBBHT1,EBBBHT2,IBBAMPS,WBBAMPS,SBBAMPS,EBBAMPS,IALITES1,IALITES2,IBLITES1,IBLITES2,WALITES1,WALITES2,WBLITES1,WBLITES2,SALITES1,SALITES2,SBLITES1,SBLITES2,EALITES1,EALITES2,EBLITES1,EBLITES2,IALITWAT,WALITWAT,SALITWAT,EALITWAT,IBLITWAT,WBLITWAT,SBLITWAT,EBLITWAT,HWC_GPM,CHWC_GPM,E_hcoil,E_ccoil,E_SF,E_RF,E_ZONE_I,E_ZONE_W,E_ZONE_S,E_ZONE_E
9072007,0,0.0,1.0,1.0,1.0,100.0,0.0,0.0,0.0,0.0,0.0,0.0,35.139,35.139,0.012,0.02,0.0,80.0,55.0,1.4,15.266,2.248,3.993,1.405,71.293,71.315,73.548,69.456,67.962,0.0,0.036,0.087,20.0,20.0,75.223,49.769,0.0,73.647,75.052,73.79,77.543,55.706,64.376,60.541,-10.82,55.063,85.438,72.0,71.875,71.25,71.75,0.0,0.0,72.0,70.0,1000.0,200.0,0.0,15.195,73.375,71.938,-0.052,75.188,75.438,73.438,76.875,0.0,97.625,72.0,70.0,1000.0,200.0,-0.002,0.0,77.938,77.563,0.008,75.25,75.625,73.5,76.75,0.0,53.938,72.0,70.0,1000.0,200.0,-0.001,0.0,77.063,77.063,0.017,73.688,75.438,73.0,74.938,0.0,44.469,72.0,70.0,1000.0,200.0,0.0,0.0,75.313,75.125,-0.004,0.0,0.0,0.0,0.0,0.0,0.0,0.0,0.0,0.0,0.0,0.0,0.0,0.0,0.0,0.0,0.0,0.017,0.031,0.011,0.034,0.0,0.0,0.0,0.0,0.0,0.0,0.0,0.0,0.0,0.0,0.0,0.0,0.0,0.0,0.0,0.0,0.0,-0.149,-0.148,0.0,0.001,0.149,-0.148,0.149,-0.024,0.011,0.0,0.0,0.035,0.035,-0.011,0.0,0.0,-0.0
9072007,1,0.0,1.0,1.0,1.0,100.0,0.0,0.0,0.0,0.0,0.0,0.0,33.968,35.139,0.012,0.02,0.0,80.0,55.0,1.4,15.43,2.248,2.228,0.524,71.293,71.315,73.653,69.456,67.962,0.0,0.036,0.083,20.0,20.0,75.139,49.797,0.0,73.755,74.904,73.79,77.543,55.706,64.481,60.541,-10.82,55.031,85.438,72.0,71.875,71.5,71.75,0.0,0.0,72.0,70.0,1000.0,200.0,0.0,15.352,73.25,71.938,-0.052,75.188,75.313,73.438,76.875,0.0,97.625,72.0,70.0,1000.0,200.0,-0.002,0.0,77.938,77.563,0.008,75.188,75.625,73.5,76.563,0.0,53.938,72.0,70.0,1000.0,200.0,-0.001,0.0,77.063,77.063,0.017,73.688,75.438,73.0,74.938,0.0,44.469,72.0,70.0,1000.0,200.0,0.0,0.0,75.313,75.0,-0.004,0.0,0.0,0.0,0.0,0.0,0.0,0.0,0.0,0.0,0.0,0.0,0.0,0.0,0.0,0.0,0.0,0.017,0.031,0.011,0.035,0.0,0.0,0.0,0.0,0.0,0.0,0.0,0.0,0.0,0.0,0.0,0.0,0.0,0.0,0.0,0.0,0.147,-0.149,0.0,0.0,0.149,0.001,0.0,0.001,-0.028,0.011,0.0,0.0,0.034,0.035,-0.01,0.0,0.0,-0.0
9072007,2,0.0,1.0,1.0,1.0,100.0,0.0,0.0,0.0,0.0,0.0,0.0,33.968,35.139,0.012,0.02,0.0,80.0,55.0,1.4,15.43,2.248,2.228,0.396,71.293,71.422,73.653,69.456,67.962,0.0,0.036,0.087,20.0,20.0,75.279,49.769,0.0,73.755,74.904,73.79,77.617,55.779,64.69,60.614,-10.82,55.031,85.438,72.0,71.875,71.25,71.75,0.0,0.0,72.0,70.0,1000.0,200.0,0.0,15.313,73.25,71.938,-0.052,75.188,75.313,73.438,76.875,0.0,97.625,72.0,70.0,1000.0,200.0,-0.002,0.0,77.938,77.563,0.008,75.25,75.625,73.5,76.563,0.0,53.938,72.0,70.0,1000.0,200.0,-0.001,0.0,77.063,76.938,0.017,73.688,75.438,73.0,74.938,0.0,44.469,72.0,70.0,1000.0,200.0,0.0,0.0,75.313,75.125,-0.004,0.0,0.0,0.0,0.0,0.0,0.0,0.0,0.0,0.0,0.0,0.0,0.0,0.0,0.0,0.0,0.0,0.017,0.031,0.011,0.035,0.0,0.0,0.0,0.0,0.0,0.0,0.0,0.0,0.0,0.0,0.0,0.0,0.0,0.0,0.0,0.0,0.147,-0.149,0.0,0.0,0.001,0.149,-0.148,0.149,-0.029,0.011,0.0,0.0,0.034,0.035,-0.01,0.0,0.0,-0.0
9072007,3,0.0,1.0,1.0,1.0,100.0,0.0,0.0,0.0,0.0,0.0,0.0,35.139,35.139,0.012,0.02,0.0,80.0,55.0,1.4,15.258,2.248,2.228,1.25,71.293,71.209,73.443,69.456,67.962,0.0,0.04,0.087,20.0,20.0,75.055,49.825,0.0,73.647,75.052,73.79,77.469,55.779,64.585,60.469,-10.828,55.0,85.438,72.0,71.875,71.25,71.75,0.0,0.0,72.0,70.0,1000.0,200.0,0.0,15.305,73.25,71.875,-0.052,75.188,75.313,73.438,76.875,0.0,97.625,72.0,70.0,1000.0,200.0,-0.002,0.0,77.938,77.563,0.008,75.188,75.625,73.5,76.75,0.0,53.938,72.0,70.0,1000.0,200.0,-0.001,0.0,77.063,76.938,0.017,73.688,75.438,73.0,74.938,0.0,44.469,72.0,70.0,1000.0,200.0,0.0,0.0,75.313,75.0,-0.004,0.0,0.0,0.0,0.0,0.0,0.0,0.0,0.0,0.0,0.0,0.0,0.0,0.0,0.0,0.0,0.0,0.017,0.031,0.011,0.035,0.0,0.0,0.0,0.0,0.0,0.0,0.0,0.0,0.0,0.0,0.0,0.0,0.0,0.0,0.0,0.0,0.147,-0.149,0.0,0.0,0.001,0.149,-0.222,0.149,-0.023,0.011,0.0,0.0,0.035,0.035,-0.01,0.0,0.0,-0.0
9072007,4,0.0,1.0,1.0,1.0,100.0,0.0,0.0,0.0,0.0,0.0,0.0,33.968,35.139,0.012,0.02,0.0,80.0,55.0,1.4,15.313,2.248,2.228,0.358,71.293,71.315,73.548,69.35,68.069,0.0,0.036,0.087,20.0,20.0,75.279,49.825,0.0,73.755,74.978,73.684,77.543,55.852,64.794,60.687,-10.82,54.969,85.438,71.938,71.875,71.25,71.75,0.0,0.0,72.0,70.0,1000.0,200.0,0.0,15.57,73.25,71.938,-0.052,75.188,75.313,73.438,76.875,0.0,97.625,72.0,70.0,1000.0,200.0,-0.002,0.0,77.938,77.563,0.008,75.25,75.625,73.5,76.563,0.0,53.938,72.0,70.0,1000.0,200.0,-0.001,0.0,77.063,76.938,0.017,73.688,75.438,73.0,74.938,0.0,44.469,72.0,70.0,1000.0,200.0,0.0,0.0,75.313,75.125,-0.004,0.0,0.0,0.0,0.0,0.0,0.0,0.0,0.0,0.0,0.0,0.0,0.0,0.0,0.0,0.0,0.0,0.017,0.031,0.013,0.034,0.0,0.0,0.0,0.0,0.0,0.0,0.0,0.0,0.0,0.0,0.0,0.0,0.0,0.0,0.0,0.0,0.147,-0.149,-0.148,0.0,0.001,0.001,-0.148,0.149,-0.024,0.011,0.0,0.0,0.034,0.035,-0.01,0.0,0.0,-0.0
9072007,5,0.0,1.0,1.0,1.0,100.0,0.0,0.0,0.0,0.0,0.0,0.0,35.139,35.139,0.012,0.02,0.0,80.0,55.0,1.4,15.641,2.248,2.228,1.542,71.293,71.315,73.548,69.456,68.069,0.0,0.04,0.087,20.0,20.0,75.419,49.825,0.0,73.647,74.978,73.79,77.543,55.852,64.794,60.614,-10.82,54.938,85.438,72.0,71.875,71.5,71.75,0.0,0.0,72.0,70.0,1000.0,200.0,0.0,15.344,73.25,71.938,-0.052,75.188,75.313,73.375,76.875,0.0,97.625,72.0,70.0,1000.0,200.0,-0.002,0.0,77.938,77.563,0.008,75.25,75.688,73.5,76.563,0.0,53.938,72.0,70.0,1000.0,200.0,-0.001,0.0,77.063,76.938,0.017,73.813,75.438,72.875,74.938,0.0,44.469,72.0,70.0,1000.0,200.0,0.0,0.0,75.313,75.125,-0.004,0.0,0.0,0.0,0.0,0.0,0.0,0.0,0.0,0.0,0.0,0.0,0.0,0.0,0.0,0.0,0.0,0.017,0.031,0.011,0.034,0.0,0.0,0.0,0.0,0.0,0.0,0.0,0.0,0.0,0.0,0.0,0.0,0.0,0.0,0.0,0.0,0.147,-0.149,0.0,0.0,0.001,0.149,-0.148,0.149,-0.026,0.011,0.0,0.0,0.035,0.035,-0.01,0.0,0.0,-0.0
9072007,6,0.0,1.0,1.0,1.0,100.0,0.0,0.0,0.0,0.0,0.0,0.0,35.139,35.139,0.012,0.02,0.0,80.0,55.0,1.4,15.344,2.248,2.228,0.391,71.293,71.315,73.548,69.456,68.069,0.0,0.04,0.087,20.0,20.0,74.915,49.965,0.0,73.755,74.904,73.896,77.469,55.999,64.585,60.687,-10.82,54.938,85.438,71.938,71.875,71.25,71.75,0.0,0.0,72.0,70.0,1000.0,200.0,0.0,15.125,73.25,72.063,-0.052,75.125,75.313,73.438,76.875,0.0,97.625,72.0,70.0,1000.0,200.0,-0.002,0.0,77.938,77.563,0.008,75.25,75.625,73.5,76.563,0.0,53.938,72.0,70.0,1000.0,200.0,-0.001,0.0,77.063,76.938,0.017,73.688,75.438,73.0,74.938,0.0,44.469,72.0,70.0,1000.0,200.0,0.0,0.0,75.313,75.125,-0.004,0.0,0.0,0.0,0.0,0.0,0.0,0.0,0.0,0.0,0.0,0.0,0.0,0.0,0.0,0.0,0.0,0.017,0.029,0.011,0.034,0.0,0.0,0.0,0.0,0.0,0.0,0.0,0.0,0.0,0.0,0.0,0.0,0.0,0.0,0.0,0.0,0.147,-0.149,0.0,0.0,0.149,0.001,0.0,0.001,-0.031,0.011,0.0,0.0,0.035,0.035,-0.009,0.0,0.0,-0.0
9072007,7,0.0,1.0,1.0,1.0,100.0,0.0,0.0,0.0,0.0,0.0,0.0,35.139,35.139,0.012,0.02,0.0,80.0,55.0,1.4,14.961,2.248,2.228,0.361,71.293,71.315,73.443,69.456,68.069,0.0,0.036,0.087,20.0,20.0,75.644,49.937,0.0,73.647,74.978,73.79,77.543,55.926,64.585,60.687,-10.82,54.906,85.438,71.938,71.875,71.25,71.75,0.0,0.0,72.0,70.0,1000.0,200.0,0.0,15.227,73.25,71.938,-0.052,75.125,75.313,73.375,76.688,0.0,97.625,72.0,70.0,1000.0,200.0,-0.002,0.0,77.875,77.688,0.008,75.25,75.625,73.625,76.563,0.0,53.938,72.0,70.0,1000.0,200.0,-0.001,0.0,77.063,76.938,0.017,73.813,75.438,73.0,74.938,0.0,44.469,72.0,70.0,1000.0,200.0,0.0,0.0,75.313,75.125,-0.004,0.0,0.0,0.0,0.0,0.0,0.0,0.0,0.0,0.0,0.0,0.0,0.0,0.0,0.0,0.0,0.0,0.017,0.031,0.011,0.034,0.0,0.0,0.0,0.0,0.0,0.0,0.0,0.0,0.0,0.0,0.0,0.0,0.0,0.0,0.0,0.0,0.147,-0.149,0.0,0.0,0.001,0.149,-0.148,0.149,-0.026,0.011,0.0,0.0,0.035,0.035,-0.01,0.0,0.0,-0.0
9072007,8,0.0,1.0,1.0,1.0,100.0,0.0,0.0,0.0,0.0,0.0,0.0,33.968,35.139,0.012,0.02,0.0,80.0,55.0,1.4,14.961,2.248,2.228,0.602,71.293,71.315,73.443,69.456,68.069,0.0,0.036,0.083,20.0,20.0,75.167,49.937,0.0,73.755,74.904,73.684,77.469,55.999,64.794,60.687,-10.82,54.875,85.438,71.938,71.875,71.25,71.688,0.0,0.0,72.0,70.0,1000.0,200.0,0.0,15.453,73.25,71.875,-0.052,75.125,75.25,73.438,76.875,0.0,97.625,72.0,70.0,1000.0,200.0,-0.002,0.0,77.938,77.563,0.008,75.188,75.625,73.5,76.75,0.0,53.938,72.0,70.0,1000.0,200.0,-0.001,0.0,77.063,76.938,0.017,73.688,75.438,73.0,74.938,0.0,44.469,72.0,70.0,1000.0,200.0,0.0,0.0,75.313,75.125,-0.004,0.0,0.0,0.0,0.0,0.0,0.0,0.0,0.0,0.0,0.0,0.0,0.0,0.0,0.0,0.0,0.0,0.017,0.031,0.011,0.034,0.0,0.0,0.0,0.0,0.0,0.0,0.0,0.0,0.0,0.0,0.0,0.0,0.0,0.0,0.0,0.0,0.0,-0.149,-0.148,0.0,0.149,0.149,-0.148,0.149,-0.025,0.011,0.0,0.0,0.034,0.035,-0.01,0.0,0.0,-0.0
9072007,9,0.0,1.0,1.0,1.0,100.0,0.0,0.0,0.0,0.0,0.0,0.0,33.968,35.139,0.012,0.02,0.0,80.0,55.0,1.4,15.391,2.248,2.228,2.136,71.293,71.315,73.443,69.456,68.069,0.0,0.036,0.087,20.0,20.0,75.251,49.909,0.0,73.755,74.904,73.79,77.469,55.999,64.585,60.76,-10.828,54.906,85.438,71.938,71.875,71.25,71.75,0.0,0.0,72.0,70.0,1000.0,200.0,0.0,15.367,73.25,71.875,-0.052,75.125,75.25,73.438,76.875,0.0,97.625,72.0,70.0,1000.0,200.0,-0.002,0.0,77.938,77.563,0.008,75.188,75.625,73.5,76.563,0.0,53.938,72.0,70.0,1000.0,200.0,-0.001,0.0,77.063,76.938,0.017,73.688,75.438,73.0,74.938,0.0,44.469,72.0,70.0,1000.0,200.0,0.0,0.0,75.313,75.125,-0.004,0.0,0.0,0.0,0.0,0.0,0.0,0.0,0.0,0.0,0.0,0.0,0.0,0.0,0.0,0.0,0.0,0.017,0.031,0.011,0.034,0.0,0.0,0.0,0.0,0.0,0.0,0.0,0.0,0.0,0.0,0.0,0.0,0.0,0.0,0.0,0.0,0.0,-0.149,0.0,0.0,0.001,0.149,-0.148,0.149,-0.028,0.011,0.0,0.0,0.034,0.035,-0.01,0.0,0.0,-0.0
9072007,10,0.0,1.0,1.0,1.0,100.0,0.0,0.0,0.0,0.0,0.0,0.0,33.968,35.139,0.012,0.02,0.0,80.0,55.0,1.4,15.461,2.248,2.228,1.248,71.293,71.422,73.443,69.456,68.176,0.0,0.036,0.087,20.0,20.0,75.419,49.965,0.0,73.755,74.904,73.79,77.469,56.072,64.899,60.76,-10.82,54.844,85.5,71.938,71.875,71.25,71.75,0.0,0.0,72.0,70.0,1000.0,200.0,0.0,15.703,73.188,71.875,-0.052,75.188,75.25,73.438,76.875,0.0,97.625,72.0,70.0,1000.0,200.0,-0.002,0.0,77.938,77.563,0.008,75.188,75.625,73.5,76.563,0.0,53.938,72.0,70.0,1000.0,200.0,-0.001,0.0,77.063,76.938,0.017,73.813,75.438,73.063,74.938,0.0,44.469,72.0,70.0,1000.0,200.0,0.0,0.0,75.313,75.125,-0.004,0.0,0.0,0.0,0.0,0.0,0.0,0.0,0.0,0.0,0.0,0.0,0.0,0.0,0.0,0.0,0.0,0.017,0.031,0.011,0.034,0.0,0.0,0.0,0.0,0.0,0.0,0.0,0.0,0.0,0.0,0.0,0.0,0.0,0.0,0.0,0.0,0.147,-0.149,0.0,0.0,0.149,0.001,-0.148,0.001,-0.028,0.011,0.0,0.0,0.034,0.035,-0.01,0.0,0.0,-0.0
9072007,11,0.0,1.0,1.0,1.0,100.0,0.0,0.0,0.0,0.0,0.0,0.0,33.968,35.139,0.012,0.02,0.0,80.0,55.0,1.4,15.297,2.248,2.228,1.32,71.293,71.422,73.443,69.456,68.069,0.0,0.036,0.083,20.0,20.0,75.279,49.937,0.0,73.647,74.904,73.79,77.469,56.072,64.899,60.76,-10.828,54.844,85.5,71.938,71.875,71.25,71.75,0.0,0.0,72.0,70.0,1000.0,200.0,0.0,15.406,73.25,71.938,-0.052,75.125,75.25,73.438,76.688,0.0,97.625,72.0,70.0,1000.0,200.0,-0.002,0.0,77.938,77.563,0.008,75.188,75.625,73.5,76.563,0.0,53.938,72.0,70.0,1000.0,200.0,-0.001,0.0,77.063,76.938,0.017,73.688,75.438,73.0,74.938,0.0,44.469,72.0,70.0,1000.0,200.0,0.0,0.0,75.313,75.125,-0.004,0.0,0.0,0.0,0.0,0.0,0.0,0.0,0.0,0.0,0.0,0.0,0.0,0.0,0.0,0.0,0.0,0.017,0.031,0.011,0.034,0.0,0.0,0.0,0.0,0.0,0.0,0.0,0.0,0.0,0.0,0.0,0.0,0.0,0.0,0.0,0.0,0.147,-0.149,0.0,0.0,0.149,0.001,-0.148,0.001,-0.028,0.011,0.0,0.0,0.034,0.035,-0.01,0.0,0.0,-0.0
9072007,12,0.0,1.0,1.0,1.0,100.0,0.0,0.0,0.0,0.0,0.0,0.0,33.968,35.139,0.012,0.02,0.0,80.0,55.0,1.4,15.297,2.248,2.228,1.258,71.293,71.422,73.443,69.456,68.069,0.0,0.04,0.087,20.0,20.0,75.588,49.965,0.0,73.647,74.904,73.684,77.469,56.145,64.69,60.833,-10.82,54.781,85.5,71.938,71.75,71.25,71.75,0.0,0.0,72.0,70.0,1000.0,200.0,0.0,15.328,73.25,71.875,-0.052,75.125,75.25,73.438,76.875,0.0,97.625,72.0,70.0,1000.0,200.0,-0.002,0.0,77.938,77.563,0.008,75.188,75.625,73.625,76.563,0.0,53.938,72.0,70.0,1000.0,200.0,-0.001,0.0,77.063,76.938,0.017,73.688,75.438,73.0,74.938,0.0,44.469,72.0,70.0,1000.0,200.0,0.0,0.0,75.313,75.125,-0.004,0.0,0.0,0.0,0.0,0.0,0.0,0.0,0.0,0.0,0.0,0.0,0.0,0.0,0.0,0.0,0.0,0.017,0.031,0.013,0.034,0.0,0.0,0.0,0.0,0.0,0.0,0.0,0.0,0.0,0.0,0.0,0.0,0.0,0.0,0.0,0.0,0.147,-0.149,-0.148,0.0,0.149,0.001,-0.148,0.001,-0.025,0.011,0.0,0.0,0.034,0.035,-0.01,0.0,0.0,-0.0
9072007,13,0.0,1.0,1.0,1.0,100.0,0.0,0.0,0.0,0.0,0.0,0.0,33.968,35.139,0.012,0.02,0.0,80.0,55.0,1.4,15.414,2.248,2.228,0.405,71.293,71.422,73.443,69.561,68.069,0.0,0.036,0.087,20.0,20.0,75.504,49.965,0.0,73.647,74.83,73.684,77.469,56.145,64.899,60.906,-10.82,54.75,85.5,72.0,71.875,71.25,71.75,0.0,0.0,72.0,70.0,1000.0,200.0,0.0,15.352,73.25,71.938,-0.052,75.125,75.25,73.438,76.875,0.0,97.625,72.0,70.0,1000.0,200.0,-0.002,0.0,77.938,77.563,0.008,75.188,75.625,73.5,76.438,0.0,53.938,72.0,70.0,1000.0,200.0,-0.001,0.0,77.063,76.938,0.017,73.688,75.438,73.0,74.938,0.0,44.469,72.0,70.0,1000.0,200.0,0.0,0.0,75.313,75.0,-0.004,0.0,0.0,0.0,0.0,0.0,0.0,0.0,0.0,0.0,0.0,0.0,0.0,0.0,0.0,0.0,0.0,0.017,0.031,0.011,0.034,0.0,0.0,0.0,0.0,0.0,0.0,0.0,0.0,0.0,0.0,0.0,0.0,0.0,0.0,0.0,0.0,0.0,-0.149,-0.148,0.0,0.149,0.001,-0.148,0.149,-0.028,0.011,0.0,0.0,0.034,0.035,-0.01,0.0,0.0,-0.0
9072007,14,0.0,1.0,1.0,1.0,100.0,0.0,0.0,0.0,0.0,0.0,0.0,33.968,35.139,0.012,0.02,0.0,80.0,55.0,1.4,15.461,2.248,2.228,0.24,71.293,71.422,73.443,69.561,68.283,0.0,0.036,0.087,20.0,20.0,75.363,50.049,0.0,73.862,74.904,73.684,77.469,56.219,65.003,60.906,-10.82,54.75,85.5,71.938,71.875,71.25,71.75,0.0,0.0,72.0,70.0,1000.0,200.0,0.0,15.367,73.375,71.875,-0.052,75.125,75.25,73.438,76.875,0.0,97.625,72.0,70.0,1000.0,200.0,-0.002,0.0,77.938,77.563,0.008,75.188,75.625,73.625,76.563,0.0,53.938,72.0,70.0,1000.0,200.0,-0.001,0.0,77.063,76.938,0.017,73.688,75.625,73.0,74.938,0.0,44.469,72.0,70.0,1000.0,200.0,0.0,0.0,75.313,75.125,-0.004,0.0,0.0,0.0,0.0,0.0,0.0,0.0,0.0,0.0,0.0,0.0,0.0,0.0,0.0,0.0,0.0,0.017,0.031,0.013,0.035,0.0,0.0,0.0,0.0,0.0,0.0,0.0,0.0,0.0,0.0,0.0,0.0,0.0,0.0,0.0,0.0,0.147,-0.149,0.0,0.0,0.149,0.001,0.0,0.001,-0.025,0.011,0.0,0.0,0.034,0.035,-0.011,0.0,0.0,-0.0
9072007,15,0.0,1.0,1.0,1.0,100.0,0.0,0.0,0.0,0.0,0.0,0.0,33.968,35.139,0.012,0.02,0.0,80.0,55.0,1.4,15.07,2.248,2.228,1.245,71.293,71.315,73.337,69.456,68.069,0.0,0.04,0.087,20.0,20.0,75.251,50.049,0.0,73.54,74.904,73.684,77.469,56.292,64.794,60.978,-10.82,54.719,85.5,71.938,71.75,71.25,71.75,0.0,0.0,72.0,70.0,1000.0,200.0,0.0,15.203,73.25,71.938,-0.052,75.125,75.25,73.438,76.875,0.0,97.625,72.0,70.0,1000.0,200.0,-0.002,0.0,77.938,77.563,0.008,75.188,75.625,73.5,76.563,0.0,53.938,72.0,70.0,1000.0,200.0,-0.001,0.0,77.063,76.938,0.017,73.688,75.438,73.0,74.938,0.0,44.469,72.0,70.0,1000.0,200.0,0.0,0.0,75.313,75.0,-0.004,0.0,0.0,0.0,0.0,0.0,0.0,0.0,0.0,0.0,0.0,0.0,0.0,0.0,0.0,0.0,0.0,0.017,0.031,0.011,0.035,0.0,0.0,0.0,0.0,0.0,0.0,0.0,0.0,0.0,0.0,0.0,0.0,0.0,0.0,0.0,0.0,0.0,-0.001,-0.148,0.0,0.001,0.149,0.0,0.149,-0.025,0.011,0.0,0.0,0.034,0.035,-0.01,0.0,0.0,-0.0
9072007,16,0.0,1.0,1.0,1.0,100.0,0.0,0.0,0.0,0.0,0.0,0.0,33.968,35.139,0.012,0.02,0.0,80.0,55.0,1.4,15.328,2.248,2.228,0.686,71.293,71.422,73.337,69.456,68.069,0.0,0.036,0.087,20.0,20.0,75.279,50.077,0.0,73.647,74.83,73.79,77.543,56.365,65.003,60.978,-10.82,54.688,85.5,71.938,71.75,71.188,71.688,0.0,0.0,72.0,70.0,1000.0,200.0,0.0,15.641,73.188,71.938,-0.052,75.125,75.313,73.438,77.0,0.0,97.625,72.0,70.0,1000.0,200.0,-0.002,0.0,77.875,77.563,0.008,75.188,75.625,73.5,76.75,0.0,53.938,72.0,70.0,1000.0,200.0,-0.001,0.0,77.063,76.938,0.017,73.688,75.438,73.0,74.938,0.0,44.469,72.0,70.0,1000.0,200.0,0.0,0.0,75.313,75.0,-0.004,0.0,0.0,0.0,0.0,0.0,0.0,0.0,0.0,0.0,0.0,0.0,0.0,0.0,0.0,0.0,0.0,0.017,0.031,0.011,0.035,0.0,0.0,0.0,0.0,0.0,0.0,0.0,0.0,0.0,0.0,0.0,0.0,0.0,0.0,0.0,0.0,0.0,-0.149,0.0,0.0,0.149,0.001,0.0,0.001,-0.031,0.011,0.0,0.0,0.034,0.035,-0.01,0.0,0.0,-0.0
9072007,17,0.0,1.0,1.0,1.0,100.0,0.0,0.0,0.0,0.0,0.0,0.0,33.968,35.139,0.022,0.02,0.0,80.0,55.0,1.4,15.25,2.248,2.228,0.392,71.293,71.422,73.337,69.456,68.069,0.0,0.036,0.087,20.0,20.0,75.251,50.021,0.0,73.647,74.904,73.684,77.469,56.292,64.794,60.978,-10.828,54.625,85.563,71.938,71.875,71.5,71.688,0.0,0.0,72.0,70.0,1000.0,200.0,0.0,15.102,73.25,71.938,-0.052,75.125,75.313,73.438,76.875,0.0,97.625,72.0,70.0,1000.0,200.0,-0.002,0.0,77.938,77.563,0.008,75.188,75.688,73.5,76.563,0.0,53.938,72.0,70.0,1000.0,200.0,-0.001,0.0,77.188,76.938,0.017,73.688,75.438,73.0,74.938,0.0,44.469,72.0,70.0,1000.0,200.0,0.0,0.0,75.313,75.313,-0.004,0.0,0.0,0.0,0.0,0.0,0.0,0.0,0.0,0.0,0.0,0.0,0.0,0.0,0.0,0.0,0.0,0.017,0.031,0.011,0.034,0.0,0.0,0.0,0.0,0.0,0.0,0.0,0.0,0.0,0.0,0.0,0.0,0.0,0.0,0.0,0.0,0.0,-0.149,0.0,0.0,0.001,0.149,-0.148,0.149,-0.046,0.011,0.0,0.0,0.034,0.035,-0.01,0.0,0.001,0.0
9072007,18,0.0,1.0,1.0,1.0,100.0,0.0,0.0,0.0,0.0,0.0,0.0,33.968,35.139,0.022,0.02,0.0,80.0,55.0,1.4,15.25,2.248,2.228,-0.097,71.4,71.422,73.232,69.561,68.069,0.0,0.04,0.087,20.0,20.0,75.448,50.077,0.0,73.647,74.904,73.684,77.469,56.439,64.794,61.051,-10.82,54.625,85.563,72.0,71.875,71.25,71.688,0.0,0.0,72.0,70.0,1000.0,200.0,0.0,15.422,73.25,71.938,-0.052,75.125,75.313,73.438,76.875,0.0,97.625,72.0,70.0,1000.0,200.0,-0.002,0.0,77.938,77.563,0.008,75.188,75.625,73.5,76.563,0.0,53.938,72.0,70.0,1000.0,200.0,-0.001,0.0,77.063,76.938,0.017,73.688,75.438,73.0,74.938,0.0,44.469,72.0,70.0,1000.0,200.0,0.0,0.0,75.313,75.125,-0.004,0.0,0.0,0.0,0.0,0.0,0.0,0.0,0.0,0.0,0.0,0.0,0.0,0.0,0.0,0.0,0.0,0.017,0.031,0.011,0.034,0.0,0.0,0.0,0.0,0.0,0.0,0.0,0.0,0.0,0.0,0.0,0.0,0.0,0.0,0.0,0.0,0.147,-0.149,-0.148,0.0,0.149,0.001,-0.148,0.149,-0.046,0.011,0.0,0.0,0.034,0.035,-0.01,0.0,0.0,-0.0
9072007,19,0.0,1.0,1.0,1.0,100.0,0.0,0.0,0.0,0.0,0.0,0.0,33.968,35.139,0.012,0.02,0.0,80.0,55.0,1.4,15.539,2.248,2.228,1.219,71.508,71.528,73.443,69.772,68.283,0.0,0.036,0.087,20.0,20.0,75.588,50.077,0.0,73.755,74.904,73.79,77.469,56.439,65.108,61.051,-10.82,54.625,85.563,71.938,71.875,71.5,71.688,0.0,0.0,72.0,70.0,1000.0,200.0,0.0,15.344,73.25,71.938,-0.052,75.125,75.313,73.438,76.875,0.0,97.625,72.0,70.0,1000.0,200.0,-0.002,0.0,77.938,77.563,0.008,75.188,75.625,73.5,76.563,0.0,53.938,72.0,70.0,1000.0,200.0,-0.001,0.0,77.063,76.938,0.017,73.813,75.438,73.0,74.938,0.0,44.469,72.0,70.0,1000.0,200.0,0.0,0.0,75.313,75.125,-0.004,0.0,0.0,0.0,0.0,0.0,0.0,0.0,0.0,0.0,0.0,0.0,0.0,0.0,0.0,0.0,0.0,0.017,0.031,0.011,0.034,0.0,0.0,0.0,0.0,0.0,0.0,0.0,0.0,0.0,0.0,0.0,0.0,0.0,0.0,0.0,0.0,0.147,-0.149,0.0,0.0,0.001,0.149,-0.148,0.001,-0.028,0.011,0.0,0.0,0.034,0.035,-0.01,0.0,0.0,-0.0
9072007,20,0.0,1.0,1.0,1.0,100.0,0.0,0.0,0.0,0.0,0.0,0.0,33.968,35.139,0.012,0.02,0.0,80.0,55.0,1.4,15.641,2.248,0.462,1.306,71.293,71.422,73.232,69.561,68.069,0.0,0.036,0.083,20.0,20.0,75.728,50.133,0.0,73.647,74.83,73.79,77.469,56.439,65.108,60.978,-10.82,54.594,85.625,72.0,71.875,71.25,71.75,0.0,0.0,72.0,70.0,1000.0,200.0,0.0,15.484,73.25,71.938,-0.052,75.125,75.313,73.438,76.688,0.0,97.625,72.0,70.0,1000.0,200.0,-0.002,0.0,77.938,77.563,0.008,75.188,75.688,73.5,76.75,0.0,53.938,72.0,70.0,1000.0,200.0,-0.001,0.0,77.063,76.938,0.017,73.688,75.438,73.0,74.938,0.0,44.469,72.0,70.0,1000.0,200.0,0.0,0.0,75.313,75.125,-0.004,0.0,0.0,0.0,0.0,0.0,0.0,0.0,0.0,0.0,0.0,0.0,0.0,0.0,0.0,0.0,0.0,0.017,0.031,0.011,0.034,0.0,0.0,0.0,0.0,0.0,0.0,0.0,0.0,0.0,0.0,0.0,0.0,0.0,0.0,0.0,0.0,0.147,-0.149,0.0,0.0,0.149,0.001,-0.148,0.001,-0.03,0.01,0.0,0.0,0.034,0.035,-0.01,0.0,0.0,-0.0
9072007,21,0.0,1.0,1.0,1.0,100.0,0.0,0.0,0.0,0.0,0.0,0.0,33.968,35.139,0.012,0.02,0.0,80.0,55.0,1.4,15.555,2.248,2.228,1.26,71.293,71.422,73.232,69.456,68.069,0.0,0.04,0.087,20.0,20.0,75.756,50.133,0.0,73.647,74.83,73.79,77.395,56.512,65.108,61.051,-10.828,54.563,85.625,71.938,71.75,71.25,71.688,0.0,0.0,72.0,70.0,1000.0,200.0,0.0,15.398,73.375,71.875,-0.052,75.125,75.313,73.438,76.875,0.0,97.625,72.0,70.0,1000.0,200.0,-0.002,0.0,77.938,77.563,0.008,75.25,75.625,73.625,76.75,0.0,53.938,72.0,70.0,1000.0,200.0,-0.001,0.0,77.063,76.938,0.017,73.688,75.438,73.063,74.938,0.0,44.469,72.0,70.0,1000.0,200.0,0.0,0.0,75.438,75.125,-0.004,0.0,0.0,0.0,0.0,0.0,0.0,0.0,0.0,0.0,0.0,0.0,0.0,0.0,0.0,0.0,0.0,0.017,0.031,0.011,0.035,0.0,0.0,0.0,0.0,0.0,0.0,0.0,0.0,0.0,0.0,0.0,0.0,0.0,0.0,0.0,0.0,0.147,-0.149,0.0,0.0,0.149,0.149,0.0,0.149,-0.03,0.011,0.0,0.0,0.034,0.035,-0.011,0.0,0.0,-0.0
9072007,22,0.0,1.0,1.0,1.0,100.0,0.0,0.0,0.0,0.0,0.0,0.0,33.968,35.139,0.012,0.02,0.0,80.0,55.0,1.4,15.219,2.248,3.993,1.232,71.4,71.422,73.337,69.561,68.069,0.0,0.04,0.087,20.0,20.0,75.98,50.189,0.0,73.647,74.756,73.684,77.395,56.439,64.899,61.051,-10.82,54.594,85.563,71.938,71.875,71.25,71.75,0.0,0.0,72.0,70.0,1000.0,200.0,0.0,15.078,73.25,71.938,-0.052,75.125,75.313,73.438,76.688,0.0,97.625,72.0,70.0,1000.0,200.0,-0.002,0.0,77.938,77.5,0.008,75.188,75.625,73.5,76.563,0.0,53.938,72.0,70.0,1000.0,200.0,-0.001,0.0,77.188,77.063,0.017,73.688,75.438,73.063,74.938,0.0,44.469,72.0,70.0,1000.0,200.0,0.0,0.0,75.313,75.125,-0.004,0.0,0.0,0.0,0.0,0.0,0.0,0.0,0.0,0.0,0.0,0.0,0.0,0.0,0.0,0.0,0.0,0.017,0.031,0.013,0.034,0.0,0.0,0.0,0.0,0.0,0.0,0.0,0.0,0.0,0.0,0.0,0.0,0.0,0.0,0.0,0.0,0.147,-0.149,0.0,0.0,0.149,0.149,0.0,0.001,-0.03,0.011,0.0,0.0,0.034,0.035,-0.01,0.001,0.0,-0.0
9072007,23,0.0,1.0,1.0,1.0,100.0,0.0,0.0,0.0,0.0,0.0,0.0,33.968,35.139,0.012,0.02,0.0,80.0,55.0,1.4,15.297,2.248,2.228,0.354,71.4,71.422,73.337,69.561,68.069,0.0,0.036,0.087,20.0,20.0,76.121,50.161,0.0,73.647,74.83,73.684,77.469,56.512,65.108,61.124,-10.82,54.563,85.625,72.0,71.875,71.5,71.75,0.0,0.0,72.0,70.0,1000.0,200.0,0.0,15.117,73.25,71.875,-0.052,75.063,75.313,73.375,76.875,0.0,97.625,72.0,70.0,1000.0,200.0,-0.002,0.0,77.938,77.563,0.008,75.188,75.625,73.625,76.75,0.0,53.938,72.0,70.0,1000.0,200.0,-0.001,0.0,77.063,76.938,0.017,73.688,75.438,73.0,74.938,0.0,44.469,72.0,70.0,1000.0,200.0,0.0,0.0,75.313,75.125,-0.004,0.0,0.0,0.0,0.0,0.0,0.0,0.0,0.0,0.0,0.0,0.0,0.0,0.0,0.0,0.0,0.0,0.017,0.031,0.013,0.035,0.0,0.0,0.0,0.0,0.0,0.0,0.0,0.0,0.0,0.0,0.0,0.0,0.0,0.0,0.0,0.0,0.0,-0.149,0.0,0.0,0.149,0.001,-0.148,0.001,-0.028,0.011,0.0,0.0,0.034,0.035,-0.01,0.0,0.0,-0.0
9072007,24,0.0,1.0,1.0,1.0,100.0,0.0,0.0,0.0,0.0,0.0,0.0,33.968,35.139,0.012,0.02,0.0,80.0,55.0,1.4,15.297,2.248,2.228,1.301,71.4,71.422,73.443,69.667,68.069,0.0,0.036,0.087,20.0,20.0,75.84,49.993,0.0,73.647,74.756,73.79,77.469,56.585,65.212,61.197,-10.82,54.531,85.625,71.938,71.875,71.5,71.75,0.0,0.0,72.0,70.0,1000.0,200.0,0.0,15.555,73.25,71.938,-0.052,75.125,75.25,73.438,76.875,0.0,97.625,72.0,70.0,1000.0,200.0,-0.002,0.0,77.938,77.563,0.008,75.188,75.625,73.5,76.563,0.0,53.938,72.0,70.0,1000.0,200.0,-0.001,0.0,77.063,76.938,0.017,73.688,75.438,73.063,74.938,0.0,44.469,72.0,70.0,1000.0,200.0,0.0,0.0,75.438,75.0,-0.004,0.0,0.0,0.0,0.0,0.0,0.0,0.0,0.0,0.0,0.0,0.0,0.0,0.0,0.0,0.0,0.0,0.017,0.031,0.013,0.034,0.0,0.0,0.0,0.0,0.0,0.0,0.0,0.0,0.0,0.0,0.0,0.0,0.0,0.0,0.0,0.0,0.147,-0.223,0.0,0.0,0.149,0.001,-0.148,0.149,-0.034,0.011,0.0,0.0,0.034,0.035,-0.01,0.0,0.0,-0.0
9072007,25,0.0,1.0,1.0,1.0,100.0,0.0,0.0,0.0,0.0,0.0,0.0,33.968,35.139,0.012,0.02,0.0,80.0,55.0,1.4,15.531,2.248,3.993,-0.158,71.4,71.422,73.443,69.561,68.176,0.0,0.036,0.087,20.0,20.0,76.233,49.881,0.0,73.647,74.83,73.684,77.395,56.585,65.003,61.124,-10.828,54.531,85.563,71.938,71.875,71.25,71.75,0.0,0.0,72.0,70.0,1000.0,200.0,0.0,15.102,73.25,71.938,-0.052,75.125,75.313,73.438,76.875,0.0,97.625,72.0,70.0,1000.0,200.0,-0.002,0.0,77.938,77.563,0.008,75.188,75.625,73.5,76.563,0.0,53.938,72.0,70.0,1000.0,200.0,-0.001,0.0,77.188,76.938,0.017,73.563,75.625,73.0,74.938,0.0,44.469,72.0,70.0,1000.0,200.0,0.0,0.0,75.313,75.0,-0.004,0.0,0.0,0.0,0.0,0.0,0.0,0.0,0.0,0.0,0.0,0.0,0.0,0.0,0.0,0.0,0.0,0.017,0.031,0.011,0.034,0.0,0.0,0.0,0.0,0.0,0.0,0.0,0.0,0.0,0.0,0.0,0.0,0.0,0.0,0.0,0.0,0.0,-0.149,-0.148,0.0,0.149,0.001,0.0,0.001,-0.027,0.011,0.0,0.0,0.034,0.035,-0.01,0.0,0.001,-0.0
9072007,26,0.0,1.0,1.0,1.0,100.0,0.0,0.0,0.0,0.0,0.0,0.0,33.968,35.139,0.012,0.02,0.0,80.0,55.0,1.4,15.141,2.248,2.228,1.216,71.615,71.422,73.443,69.667,68.283,0.0,0.04,0.087,20.0,20.0,75.728,50.049,0.0,73.755,74.756,73.684,77.395,56.658,65.003,61.197,-10.82,54.5,85.563,72.0,71.875,71.25,71.75,0.0,0.0,72.0,70.0,1000.0,200.0,0.0,15.32,73.25,71.938,-0.052,75.063,75.313,73.438,76.688,0.0,97.625,72.0,70.0,1000.0,200.0,-0.002,0.0,77.938,77.563,0.008,75.188,75.625,73.625,76.563,0.0,53.938,72.0,70.0,1000.0,200.0,-0.001,0.0,77.063,76.938,0.017,73.688,75.438,73.063,74.938,0.0,44.469,72.0,70.0,1000.0,200.0,-0.001,0.0,75.313,75.125,-0.004,0.0,0.0,0.0,0.0,0.0,0.0,0.0,0.0,0.0,0.0,0.0,0.0,0.0,0.0,0.0,0.0,0.017,0.031,0.013,0.035,0.0,0.0,0.0,0.0,0.0,0.0,0.0,0.0,0.0,0.0,0.0,0.0,0.0,0.0,0.0,0.0,0.147,-0.149,0.0,0.0,0.149,0.001,0.0,0.001,-0.03,0.011,0.0,0.0,0.034,0.035,-0.01,0.0,0.0,-0.0
9072007,27,0.0,1.0,1.0,1.0,100.0,0.0,0.0,0.0,0.0,0.0,0.0,33.968,35.139,0.012,0.02,0.0,80.0,55.0,1.4,15.516,2.248,2.228,1.464,71.4,71.634,73.758,69.878,68.069,0.0,0.036,0.087,20.0,20.0,75.812,49.909,0.0,73.647,74.756,73.684,77.469,56.658,65.212,61.27,-10.82,54.531,85.563,71.938,71.75,71.25,71.75,0.0,0.0,72.0,70.0,1000.0,200.0,0.0,15.414,73.188,71.875,-0.052,75.063,75.313,73.438,76.875,0.0,97.625,72.0,70.0,1000.0,200.0,-0.002,0.0,77.938,77.5,0.008,75.188,75.625,73.625,76.75,0.0,53.938,72.0,70.0,1000.0,200.0,-0.001,0.0,77.063,77.063,0.017,73.688,75.438,73.0,74.938,0.0,44.469,72.0,70.0,1000.0,200.0,-0.001,0.0,75.313,75.125,-0.004,0.0,0.0,0.0,0.0,0.0,0.0,0.0,0.0,0.0,0.0,0.0,0.0,0.0,0.0,0.0,0.0,0.017,0.031,0.011,0.035,0.0,0.0,0.0,0.0,0.0,0.0,0.0,0.0,0.0,0.0,0.0,0.0,0.0,0.0,0.0,0.0,0.147,-0.149,0.0,-0.074,0.149,0.149,-0.148,0.149,-0.03,0.011,0.0,0.0,0.034,0.035,-0.01,0.001,0.0,-0.0
9072007,28,0.0,1.0,1.0,1.0,100.0,0.0,0.0,0.0,0.0,0.0,0.0,33.968,35.139,0.022,0.02,0.0,80.0,55.0,1.4,15.438,2.248,2.228,1.014,71.293,71.422,73.548,69.561,68.069,0.0,0.036,0.087,20.0,20.0,75.644,49.881,0.0,73.54,74.83,73.79,77.395,56.732,65.212,61.27,-10.82,54.469,85.563,72.0,71.875,71.25,71.75,0.0,0.0,72.0,70.0,1000.0,200.0,0.0,15.227,73.25,71.938,-0.052,75.125,75.313,73.438,76.688,0.0,97.625,72.0,70.0,1000.0,200.0,-0.002,0.0,77.938,77.563,0.008,75.063,75.625,73.625,76.563,0.0,53.938,72.0,70.0,1000.0,200.0,-0.001,0.0,77.063,76.938,0.017,73.688,75.438,73.0,74.938,0.0,44.469,72.0,70.0,1000.0,200.0,-0.001,0.0,75.313,75.125,-0.004,0.0,0.0,0.0,0.0,0.0,0.0,0.0,0.0,0.0,0.0,0.0,0.0,0.0,0.0,0.0,0.0,0.017,0.031,0.013,0.035,0.0,0.0,0.0,0.0,0.0,0.0,0.0,0.0,0.0,0.0,0.0,0.0,0.0,0.0,0.0,0.0,0.0,-0.149,-0.148,0.0,0.001,0.149,-0.148,0.149,-0.054,0.011,0.0,0.0,0.034,0.035,-0.01,0.0,0.0,-0.0
9072007,29,0.0,1.0,1.0,1.0,100.0,0.0,0.0,0.0,0.0,0.0,0.0,33.968,35.139,0.012,0.02,0.0,80.0,55.0,1.4,15.063,2.248,2.228,-0.505,71.4,71.528,73.758,69.772,68.176,0.0,0.04,0.087,20.0,20.0,75.98,49.825,0.0,73.54,74.83,73.684,77.469,56.805,65.108,61.27,-10.828,54.469,85.625,71.938,71.875,71.25,71.75,0.0,0.0,72.0,70.0,1000.0,200.0,0.0,14.992,73.25,71.938,-0.052,75.063,75.313,73.438,76.688,0.0,97.625,72.0,70.0,1000.0,200.0,-0.002,0.0,77.938,77.563,0.008,75.188,75.625,73.625,76.563,0.0,53.938,72.0,70.0,1000.0,200.0,-0.001,0.0,77.063,76.938,0.017,73.688,75.438,73.063,74.938,0.0,44.469,72.0,70.0,1000.0,200.0,-0.001,0.0,75.313,75.125,-0.004,0.0,0.0,0.0,0.0,0.0,0.0,0.0,0.0,0.0,0.0,0.0,0.0,0.0,0.0,0.0,0.0,0.017,0.031,0.011,0.034,0.0,0.0,0.0,0.0,0.0,0.0,0.0,0.0,0.0,0.0,0.0,0.0,0.0,0.0,0.0,0.0,0.147,-0.149,0.0,0.0,0.149,0.001,-0.148,0.149,-0.028,0.011,0.0,0.0,0.034,0.035,-0.01,0.0,0.0,-0.0
9072007,30,0.0,1.0,1.0,1.0,100.0,0.0,0.0,0.0,0.0,0.0,0.0,33.968,35.139,0.022,0.02,0.0,80.0,55.0,1.4,15.461,2.248,2.228,0.349,71.4,71.422,73.548,69.561,68.176,0.0,0.036,0.087,20.0,20.0,75.616,49.769,0.0,73.647,74.83,73.684,77.469,56.805,65.108,61.343,-10.82,54.469,85.563,71.938,71.875,71.5,71.75,0.0,0.0,72.0,70.0,1000.0,200.0,0.0,15.695,73.25,71.875,-0.052,75.063,75.313,73.438,76.688,0.0,97.625,72.0,70.0,1000.0,200.0,-0.002,0.0,77.938,77.563,0.008,75.188,75.5,73.625,76.563,0.0,53.938,72.0,70.0,1000.0,200.0,-0.001,0.0,77.063,76.688,0.017,73.688,75.438,73.0,74.938,0.0,44.469,72.0,70.0,1000.0,200.0,-0.001,0.0,75.313,75.125,-0.004,0.0,0.0,0.0,0.0,0.0,0.0,0.0,0.0,0.0,0.0,0.0,0.0,0.0,0.0,0.0,0.0,0.017,0.031,0.013,0.034,0.0,0.0,0.0,0.0,0.0,0.0,0.0,0.0,0.0,0.0,0.0,0.0,0.0,0.0,0.0,0.0,0.147,-0.149,0.0,0.0,0.149,0.001,0.0,0.149,-0.051,0.011,0.0,0.0,0.034,0.035,-0.01,0.0,0.001,-0.0
9072007,31,0.0,1.0,1.0,1.0,100.0,0.0,0.0,0.0,0.0,0.0,0.0,33.968,35.139,0.012,0.02,0.0,80.0,55.0,1.4,15.461,2.248,2.228,1.437,71.4,71.422,73.653,69.561,68.176,0.0,0.036,0.087,20.0,20.0,75.728,49.825,0.0,73.647,74.756,73.684,77.395,56.805,65.108,61.343,-10.82,54.469,85.625,71.938,71.875,71.25,71.75,0.0,0.0,72.0,70.0,1000.0,200.0,0.0,15.57,73.25,71.938,-0.052,75.063,75.313,73.438,76.688,0.0,97.625,72.0,70.0,1000.0,200.0,-0.002,0.0,77.938,77.563,0.008,75.063,75.625,73.5,76.563,0.0,53.938,72.0,70.0,1000.0,200.0,-0.001,0.0,77.063,76.938,0.017,73.688,75.438,73.0,74.938,0.0,44.469,72.0,70.0,1000.0,200.0,-0.001,0.0,75.438,75.125,-0.004,0.0,0.0,0.0,0.0,0.0,0.0,0.0,0.0,0.0,0.0,0.0,0.0,0.0,0.0,0.0,0.0,0.017,0.031,0.013,0.035,0.0,0.0,0.0,0.0,0.0,0.0,0.0,0.0,0.0,0.0,0.0,0.0,0.0,0.0,0.0,0.0,0.147,-0.149,0.0,0.0,0.149,0.001,-0.148,0.001,-0.03,0.011,0.0,0.0,0.034,0.035,-0.01,0.0,0.0,-0.0
9072007,32,0.0,1.0,1.0,1.0,100.0,0.0,0.0,0.0,0.0,0.0,0.0,33.968,35.139,0.012,0.034,0.0,80.0,55.0,1.4,15.219,2.248,2.228,1.917,71.4,71.422,73.548,69.667,68.176,0.0,0.036,0.087,20.0,20.0,75.7,49.769,0.0,73.755,74.83,73.79,77.469,56.878,65.108,61.415,-10.82,54.469,85.625,71.938,71.875,71.5,71.688,0.0,0.0,72.0,70.0,1000.0,200.0,0.0,15.211,73.25,71.938,-0.052,75.125,75.313,73.438,76.688,0.0,97.625,72.0,70.0,1000.0,200.0,-0.002,0.0,77.938,77.563,0.008,75.188,75.625,73.5,76.563,0.0,53.938,72.0,70.0,1000.0,200.0,-0.001,0.0,77.063,76.938,0.017,73.688,75.438,73.063,74.938,0.0,44.469,72.0,70.0,1000.0,200.0,-0.001,0.0,75.313,75.125,-0.004,0.0,0.0,0.0,0.0,0.0,0.0,0.0,0.0,0.0,0.0,0.0,0.0,0.0,0.0,0.0,0.0,0.017,0.031,0.013,0.035,0.0,0.0,0.0,0.0,0.0,0.0,0.0,0.0,0.0,0.0,0.0,0.0,0.0,0.0,0.0,0.0,0.0,-0.149,-0.148,0.0,0.001,0.149,-0.148,0.149,-0.03,0.019,0.0,0.0,0.034,0.035,-0.01,0.0,0.0,-0.0
9072007,33,0.0,1.0,1.0,1.0,100.0,0.0,0.0,0.0,0.0,0.0,0.0,33.968,35.139,0.012,0.02,0.0,80.0,55.0,1.4,15.633,2.248,2.228,0.21,71.4,71.315,73.548,69.456,68.176,0.0,0.04,0.087,20.0,20.0,75.504,49.741,0.0,73.647,74.83,73.79,77.395,56.951,65.108,61.415,-10.82,54.438,85.563,71.938,71.875,71.5,71.75,0.0,0.0,72.0,70.0,1000.0,200.0,0.0,14.977,73.25,71.938,-0.052,75.063,75.313,73.438,76.688,0.0,97.625,72.0,70.0,1000.0,200.0,-0.002,0.0,77.938,77.563,0.008,75.188,75.5,73.625,76.563,0.0,53.938,72.0,70.0,1000.0,200.0,-0.001,0.0,77.063,76.938,0.017,73.688,75.438,73.063,74.938,0.0,44.469,72.0,70.0,1000.0,200.0,-0.001,0.0,75.438,75.125,-0.004,0.0,0.0,0.0,0.0,0.0,0.0,0.0,0.0,0.0,0.0,0.0,0.0,0.0,0.0,0.0,0.0,0.017,0.031,0.011,0.034,0.0,0.0,0.0,0.0,0.0,0.0,0.0,0.0,0.0,0.0,0.0,0.0,0.0,0.0,0.0,0.0,0.147,-0.149,0.0,0.0,0.149,0.001,-0.148,0.001,-0.03,0.011,0.0,0.0,0.034,0.035,-0.01,0.0,0.0,-0.0
9072007,34,0.0,1.0,1.0,1.0,100.0,0.0,0.0,0.0,0.0,0.0,0.0,33.968,35.139,0.012,0.02,0.0,80.0,55.0,1.4,15.164,2.248,2.228,0.343,71.4,71.422,73.548,69.667,68.176,0.0,0.04,0.087,20.0,20.0,75.616,49.769,0.0,73.647,74.83,73.79,77.469,56.951,65.108,61.415,-10.82,54.438,85.625,71.938,71.75,71.25,71.688,0.0,0.0,72.0,70.0,1000.0,200.0,0.0,15.148,73.25,71.938,-0.052,75.063,75.313,73.375,76.688,0.0,97.625,72.0,70.0,1000.0,200.0,-0.002,0.0,77.938,77.563,0.008,75.188,75.5,73.625,76.563,0.0,53.938,72.0,70.0,1000.0,200.0,-0.001,0.0,77.188,76.688,0.017,73.688,75.438,73.063,74.938,0.0,44.469,72.0,70.0,1000.0,200.0,0.0,0.0,75.313,75.125,-0.004,0.0,0.0,0.0,0.0,0.0,0.0,0.0,0.0,0.0,0.0,0.0,0.0,0.0,0.0,0.0,0.0,0.017,0.031,0.011,0.034,0.0,0.0,0.0,0.0,0.0,0.0,0.0,0.0,0.0,0.0,0.0,0.0,0.0,0.0,0.0,0.0,0.0,-0.149,-0.148,0.147,0.149,0.001,-0.148,0.149,-0.03,0.011,0.0,0.0,0.034,0.035,-0.01,0.0,0.001,-0.0
9072007,35,0.0,1.0,1.0,1.0,100.0,0.0,0.0,0.0,0.0,0.0,0.0,33.968,35.139,0.012,0.02,0.0,80.0,55.0,1.4,14.969,2.248,3.993,0.33,71.4,71.422,73.548,69.667,68.283,0.0,0.036,0.083,20.0,20.0,75.644,49.769,0.0,73.647,74.756,73.684,77.395,57.025,65.421,61.488,-10.828,54.406,85.625,71.938,71.75,71.25,71.75,0.0,0.0,72.0,70.0,1000.0,200.0,0.0,15.469,73.25,71.938,-0.052,75.063,75.313,73.438,76.688,0.0,97.625,72.0,70.0,1000.0,200.0,-0.002,0.0,77.938,77.5,0.008,75.188,75.625,73.625,76.563,0.0,53.938,72.0,70.0,1000.0,200.0,-0.001,0.0,77.063,76.938,0.017,73.688,75.438,73.063,74.938,0.0,44.469,72.0,70.0,1000.0,200.0,0.0,0.0,75.438,75.125,-0.004,0.0,0.0,0.0,0.0,0.0,0.0,0.0,0.0,0.0,0.0,0.0,0.0,0.0,0.0,0.0,0.0,0.017,0.031,0.011,0.034,0.0,0.0,0.0,0.0,0.0,0.0,0.0,0.0,0.0,0.0,0.0,0.0,0.0,0.0,0.0,0.0,0.147,-0.149,0.0,0.0,0.001,0.149,-0.148,0.149,-0.03,0.011,0.0,0.0,0.034,0.035,-0.01,0.001,0.0,-0.0
9072007,36,0.0,1.0,1.0,1.0,100.0,0.0,0.0,0.0,0.0,0.0,0.0,33.968,35.139,0.012,0.02,0.0,80.0,55.0,1.4,15.172,2.248,2.228,0.336,71.4,71.422,73.548,69.667,68.176,0.0,0.036,0.087,20.0,20.0,75.616,49.797,0.0,73.647,74.756,73.79,77.469,57.025,65.212,61.488,-10.82,54.406,85.625,71.938,71.75,71.5,71.75,0.0,0.0,72.0,70.0,1000.0,200.0,0.0,15.25,73.25,71.875,-0.052,75.063,75.313,73.438,76.688,0.0,97.625,72.0,70.0,1000.0,200.0,-0.002,0.0,77.938,77.563,0.008,75.188,75.625,73.625,76.563,0.0,53.938,72.0,70.0,1000.0,200.0,-0.001,0.0,77.063,76.938,0.017,73.688,75.438,73.063,74.938,0.0,44.469,72.0,70.0,1000.0,200.0,0.0,0.0,75.438,75.125,-0.004,0.0,0.0,0.0,0.0,0.0,0.0,0.0,0.0,0.0,0.0,0.0,0.0,0.0,0.0,0.0,0.0,0.017,0.032,0.011,0.034,0.0,0.0,0.0,0.0,0.0,0.0,0.0,0.0,0.0,0.0,0.0,0.0,0.0,0.0,0.0,0.0,0.147,-0.149,-0.148,0.0,0.149,0.001,0.0,0.001,-0.034,0.011,0.0,0.0,0.034,0.035,-0.01,0.0,0.0,-0.0
9072007,37,0.0,1.0,1.0,1.0,100.0,0.0,0.0,0.0,0.0,0.0,0.0,33.968,35.139,0.012,0.02,0.0,80.0,55.0,1.4,15.172,2.248,2.228,1.668,71.4,71.74,73.758,69.878,68.176,0.0,0.036,0.087,20.0,20.0,75.84,50.021,0.0,73.647,74.682,73.684,77.395,57.098,65.421,61.488,-10.82,54.344,85.625,71.938,71.875,71.25,71.688,0.0,0.0,72.0,70.0,1000.0,200.0,0.0,14.82,73.25,71.938,-0.052,75.063,75.313,73.438,76.688,0.0,97.625,72.0,70.0,1000.0,200.0,-0.002,0.0,77.938,77.563,0.008,75.188,75.625,73.5,76.563,0.0,53.938,72.0,70.0,1000.0,200.0,-0.001,0.0,77.063,76.938,0.017,73.688,75.438,73.063,74.938,0.0,44.469,72.0,70.0,1000.0,200.0,0.0,0.0,75.438,75.125,-0.004,0.0,0.0,0.0,0.0,0.0,0.0,0.0,0.0,0.0,0.0,0.0,0.0,0.0,0.0,0.0,0.0,0.017,0.031,0.013,0.034,0.0,0.0,0.0,0.0,0.0,0.0,0.0,0.0,0.0,0.0,0.0,0.0,0.0,0.0,0.0,0.0,0.147,-0.223,0.0,0.0,0.149,0.001,-0.148,0.149,-0.033,0.011,0.0,0.0,0.034,0.035,-0.01,0.0,0.0,-0.0
9072007,38,0.0,1.0,1.0,1.0,100.0,0.0,0.0,0.0,0.0,0.0,0.0,33.968,35.139,0.022,0.02,0.0,80.0,55.0,1.4,14.969,2.248,2.228,0.288,71.508,71.528,73.548,69.667,68.176,0.0,0.036,0.087,20.0,20.0,75.868,50.105,0.0,73.647,74.83,73.684,77.395,57.098,65.421,61.561,-10.828,54.344,85.625,71.938,71.875,71.25,71.938,0.0,0.0,72.0,70.0,1000.0,200.0,0.0,15.359,73.25,71.875,-0.052,75.125,75.25,73.438,76.688,0.0,97.625,72.0,70.0,1000.0,200.0,-0.002,0.0,77.875,77.5,0.008,75.188,75.5,73.625,76.563,0.0,53.938,72.0,70.0,1000.0,200.0,-0.001,0.0,77.188,76.938,0.017,73.688,75.438,73.063,75.063,0.0,44.469,72.0,70.0,1000.0,200.0,0.0,0.0,75.438,75.125,-0.004,0.0,0.0,0.0,0.0,0.0,0.0,0.0,0.0,0.0,0.0,0.0,0.0,0.0,0.0,0.0,0.0,0.017,0.031,0.011,0.035,0.0,0.0,0.0,0.0,0.0,0.0,0.0,0.0,0.0,0.0,0.0,0.0,0.0,0.0,0.0,0.0,0.147,-0.223,0.0,0.0,0.149,0.149,-0.148,0.149,-0.049,0.011,0.0,0.0,0.034,0.035,-0.01,0.0,0.001,-0.0
9072007,39,0.0,1.0,1.0,1.0,100.0,0.0,0.0,0.0,0.0,0.0,0.0,33.968,35.139,0.012,0.02,0.0,80.0,55.0,1.4,15.273,2.248,2.228,1.356,71.508,71.422,73.443,69.667,68.176,0.0,0.04,0.087,20.0,20.0,75.448,50.161,0.0,73.755,74.756,73.684,77.395,57.098,65.317,61.561,-10.828,54.344,85.625,71.938,71.75,71.5,71.688,0.0,0.0,72.0,70.0,1000.0,200.0,0.0,15.188,73.25,71.938,-0.052,75.063,75.25,73.438,76.688,0.0,97.625,72.0,70.0,1000.0,200.0,-0.002,0.0,77.938,77.563,0.008,75.063,75.5,73.625,76.563,0.0,53.938,72.0,70.0,1000.0,200.0,-0.001,0.0,77.063,76.938,0.017,73.688,75.438,73.063,74.938,0.0,44.469,72.0,70.0,1000.0,200.0,0.0,0.0,75.438,75.125,-0.004,0.0,0.0,0.0,0.0,0.0,0.0,0.0,0.0,0.0,0.0,0.0,0.0,0.0,0.0,0.0,0.0,0.017,0.031,0.011,0.035,0.0,0.0,0.0,0.0,0.0,0.0,0.0,0.0,0.0,0.0,0.0,0.0,0.0,0.0,0.0,0.0,0.147,-0.149,0.0,0.0,0.149,0.149,-0.148,0.149,-0.03,0.011,0.0,0.0,0.034,0.035,-0.01,0.0,0.0,-0.0
9072007,40,0.0,1.0,1.0,1.0,100.0,0.0,0.0,0.0,0.0,0.0,0.0,33.968,35.139,0.012,0.02,0.0,80.0,55.0,1.4,14.938,2.248,0.462,1.483,71.4,71.422,73.443,69.667,68.176,0.0,0.036,0.087,20.0,20.0,76.008,50.189,0.0,73.647,74.756,73.684,77.395,57.171,65.421,61.634,-10.82,54.344,85.625,71.938,71.875,71.5,71.75,0.0,0.0,72.0,70.0,1000.0,200.0,0.0,15.281,73.25,71.938,-0.052,75.063,75.25,73.438,76.688,0.0,97.625,72.0,70.0,1000.0,200.0,-0.002,0.0,77.875,77.563,0.008,75.063,75.625,73.625,76.563,0.0,53.938,72.0,70.0,1000.0,200.0,-0.001,0.0,77.063,76.938,0.017,73.563,75.438,73.063,74.938,0.0,44.469,72.0,70.0,1000.0,200.0,0.0,0.0,75.438,75.125,-0.004,0.0,0.0,0.0,0.0,0.0,0.0,0.0,0.0,0.0,0.0,0.0,0.0,0.0,0.0,0.0,0.0,0.017,0.031,0.011,0.035,0.0,0.0,0.0,0.0,0.0,0.0,0.0,0.0,0.0,0.0,0.0,0.0,0.0,0.0,0.0,0.0,0.147,-0.149,0.0,0.0,0.001,0.149,-0.148,0.149,-0.03,0.011,0.0,0.0,0.034,0.035,-0.01,0.0,0.0,-0.0
9072007,41,0.0,1.0,1.0,1.0,100.0,0.0,0.0,0.0,0.0,0.0,0.0,33.968,35.139,0.012,0.02,0.0,80.0,55.0,1.4,15.133,2.248,2.228,0.351,71.508,71.528,73.443,69.667,68.176,0.0,0.036,0.087,20.0,20.0,75.924,50.217,0.0,73.755,74.756,73.684,77.395,57.244,65.317,61.561,-10.828,54.344,85.625,71.938,71.875,71.25,71.75,0.0,0.0,72.0,70.0,1000.0,200.0,0.0,15.063,73.25,71.938,-0.052,75.063,75.25,73.438,76.688,0.0,97.625,72.0,70.0,1000.0,200.0,-0.002,0.0,77.875,77.563,0.008,75.063,75.5,73.625,76.563,0.0,53.938,72.0,70.0,1000.0,200.0,-0.001,0.0,77.063,76.938,0.019,73.688,75.438,73.063,74.938,0.0,44.469,72.0,70.0,1000.0,200.0,0.0,0.0,75.438,75.125,-0.004,0.0,0.0,0.0,0.0,0.0,0.0,0.0,0.0,0.0,0.0,0.0,0.0,0.0,0.0,0.0,0.0,0.017,0.031,0.013,0.035,0.0,0.0,0.0,0.0,0.0,0.0,0.0,0.0,0.0,0.0,0.0,0.0,0.0,0.0,0.0,0.0,0.147,-0.149,0.0,0.0,0.149,0.001,-0.148,0.001,-0.03,0.011,0.0,0.0,0.034,0.035,-0.01,0.0,0.0,-0.0
9072007,42,0.0,1.0,1.0,1.0,100.0,0.0,0.0,0.0,0.0,0.0,0.0,33.968,35.139,0.012,0.02,0.0,80.0,55.0,1.4,15.336,2.248,2.228,1.692,71.4,71.634,73.653,69.878,68.176,0.0,0.036,0.083,20.0,20.0,75.728,50.217,0.0,73.54,74.756,73.79,77.395,57.244,65.317,61.634,-10.828,54.344,85.625,71.938,71.875,71.5,71.75,0.0,0.0,72.0,70.0,1000.0,200.0,0.0,15.313,73.375,71.938,-0.052,74.813,75.25,73.438,76.875,0.0,97.625,72.0,70.0,1000.0,200.0,-0.002,0.0,77.875,77.5,0.008,75.188,75.5,73.625,76.563,0.0,53.938,72.0,70.0,1000.0,200.0,-0.001,0.0,77.063,76.938,0.019,73.688,75.438,73.063,74.938,0.0,44.469,72.0,70.0,1000.0,200.0,0.0,0.0,75.313,75.125,-0.004,0.0,0.0,0.0,0.0,0.0,0.0,0.0,0.0,0.0,0.0,0.0,0.0,0.0,0.0,0.0,0.0,0.017,0.031,0.011,0.035,0.0,0.0,0.0,0.0,0.0,0.0,0.0,0.0,0.0,0.0,0.0,0.0,0.0,0.0,0.0,0.0,0.147,-0.149,-0.148,0.0,0.149,0.001,0.0,0.001,-0.033,0.011,0.0,0.0,0.034,0.035,-0.011,0.0,0.0,-0.0
9072007,43,0.0,1.0,1.0,1.0,100.0,0.0,0.0,0.0,0.0,0.0,0.0,33.968,35.139,0.012,0.02,0.0,80.0,55.0,1.4,14.906,2.248,2.228,1.498,71.615,71.528,73.443,69.667,68.39,0.0,0.036,0.083,20.0,20.0,75.784,50.329,0.0,73.862,74.756,73.684,77.395,57.244,65.317,61.634,-10.82,54.344,85.625,71.938,71.75,71.25,71.75,0.0,0.0,72.0,70.0,1000.0,200.0,0.0,15.039,73.25,71.938,-0.052,74.813,75.25,73.438,76.688,0.0,97.625,72.0,70.0,1000.0,200.0,-0.002,0.0,77.938,77.5,0.008,75.063,75.625,73.625,76.563,0.0,53.938,72.0,70.0,1000.0,200.0,-0.001,0.0,77.063,76.688,0.017,73.688,75.438,73.063,74.938,0.0,44.469,72.0,70.0,1000.0,200.0,0.0,0.0,75.313,75.125,-0.004,0.0,0.0,0.0,0.0,0.0,0.0,0.0,0.0,0.0,0.0,0.0,0.0,0.0,0.0,0.0,0.0,0.017,0.031,0.013,0.035,0.0,0.0,0.0,0.0,0.0,0.0,0.0,0.0,0.0,0.0,0.0,0.0,0.0,0.0,0.0,0.0,0.147,-0.149,0.0,0.0,0.149,0.001,0.0,0.001,-0.03,0.011,0.0,0.0,0.034,0.035,-0.01,0.001,0.001,-0.0
9072007,44,0.0,1.0,1.0,1.0,100.0,0.0,0.0,0.0,0.0,0.0,0.0,33.968,35.139,0.012,0.02,0.0,80.0,55.0,1.4,15.047,2.248,2.228,0.398,71.4,71.528,73.443,69.667,68.176,0.0,0.036,0.087,20.0,20.0,75.868,50.245,0.0,73.755,74.756,73.79,77.395,57.244,65.63,61.634,-10.828,54.344,85.625,71.938,71.875,71.5,71.75,0.0,0.0,72.0,70.0,1000.0,200.0,0.0,15.195,73.25,71.938,-0.052,75.063,75.25,73.438,76.688,0.0,97.625,72.0,70.0,1000.0,200.0,-0.002,0.0,77.938,77.5,0.008,75.188,75.625,73.625,76.563,0.0,53.938,72.0,70.0,1000.0,200.0,-0.001,0.0,77.063,76.938,0.017,73.688,75.438,73.063,74.938,0.0,44.469,72.0,70.0,1000.0,200.0,0.0,0.0,75.438,75.125,-0.004,0.0,0.0,0.0,0.0,0.0,0.0,0.0,0.0,0.0,0.0,0.0,0.0,0.0,0.0,0.0,0.0,0.017,0.031,0.013,0.035,0.0,0.0,0.0,0.0,0.0,0.0,0.0,0.0,0.0,0.0,0.0,0.0,0.0,0.0,0.0,0.0,0.147,-0.149,-0.148,0.0,0.149,0.001,-0.148,0.001,-0.033,0.01,0.0,0.0,0.034,0.035,-0.01,0.001,0.0,-0.0
9072007,45,0.0,1.0,1.0,1.0,100.0,0.0,0.0,0.0,0.0,0.0,0.0,33.968,35.139,0.012,0.02,0.0,80.0,55.0,1.4,15.047,2.248,2.228,0.392,71.508,71.74,73.653,69.667,68.283,0.0,0.036,0.087,20.0,20.0,75.952,50.329,0.0,73.647,74.756,73.79,77.395,57.318,65.421,61.707,-10.82,54.344,85.688,72.0,71.75,71.5,71.75,0.0,0.0,72.0,70.0,1000.0,200.0,0.0,15.156,73.25,71.938,-0.052,75.063,75.313,73.438,76.688,0.0,97.625,72.0,70.0,1000.0,200.0,-0.002,0.0,77.875,77.563,0.008,75.188,75.625,73.625,76.563,0.0,53.938,72.0,70.0,1000.0,200.0,-0.001,0.0,77.063,76.938,0.017,73.688,75.625,73.0,74.938,0.0,44.469,72.0,70.0,1000.0,200.0,0.0,0.0,75.313,75.125,-0.004,0.0,0.0,0.0,0.0,0.0,0.0,0.0,0.0,0.0,0.0,0.0,0.0,0.0,0.0,0.0,0.0,0.017,0.031,0.011,0.034,0.0,0.0,0.0,0.0,0.0,0.0,0.0,0.0,0.0,0.0,0.0,0.0,0.0,0.0,0.0,0.0,0.147,-0.149,0.0,0.0,0.149,0.149,-0.148,0.149,-0.033,0.011,0.0,0.0,0.034,0.035,-0.01,0.0,0.0,-0.0
9072007,46,0.0,1.0,1.0,1.0,100.0,0.0,0.0,0.0,0.0,0.0,0.0,33.968,35.139,0.012,0.02,0.0,80.0,55.0,1.4,15.32,2.248,2.228,1.182,71.508,71.528,73.337,69.772,68.176,0.0,0.036,0.087,20.0,20.0,75.812,50.413,0.0,73.647,74.83,73.684,77.395,57.391,65.63,61.78,-10.82,54.344,85.688,72.0,71.875,71.25,71.75,0.0,0.0,72.0,70.0,1000.0,200.0,0.0,15.078,73.25,71.938,-0.052,75.063,75.313,73.563,76.688,0.0,97.625,72.0,70.0,1000.0,200.0,-0.002,0.0,77.875,77.5,0.008,75.188,75.688,73.625,76.563,0.0,53.938,72.0,70.0,1000.0,200.0,-0.001,0.0,77.063,76.938,0.018,73.688,75.625,73.063,74.938,0.0,44.469,72.0,70.0,1000.0,200.0,0.0,0.0,75.313,75.125,-0.004,0.0,0.0,0.0,0.0,0.0,0.0,0.0,0.0,0.0,0.0,0.0,0.0,0.0,0.0,0.0,0.0,0.017,0.031,0.013,0.034,0.0,0.0,0.0,0.0,0.0,0.0,0.0,0.0,0.0,0.0,0.0,0.0,0.0,0.0,0.0,0.0,0.147,-0.149,0.0,0.0,0.001,0.001,-0.148,0.149,-0.027,0.011,0.0,0.0,0.034,0.035,-0.01,0.0,0.0,-0.0
9072007,47,0.0,1.0,1.0,1.0,100.0,0.0,0.0,0.0,0.0,0.0,0.0,33.968,35.139,0.012,0.02,0.0,80.0,55.0,1.4,15.086,2.248,2.228,0.812,71.723,71.528,73.443,69.667,68.497,0.0,0.036,0.087,20.0,20.0,76.261,50.441,0.0,73.862,74.756,73.684,77.395,57.464,65.421,61.78,-10.828,54.313,85.688,72.0,71.875,71.5,71.75,0.0,0.0,72.0,70.0,1000.0,200.0,0.0,15.023,73.375,71.938,-0.052,75.125,75.438,73.438,76.688,0.0,97.625,72.0,70.0,1000.0,200.0,-0.002,0.0,77.938,77.5,0.008,75.188,75.688,73.625,76.75,0.0,53.938,72.0,70.0,1000.0,200.0,-0.001,0.0,77.063,76.938,0.017,73.813,75.625,73.063,74.938,0.0,44.469,72.0,70.0,1000.0,200.0,0.0,0.0,75.438,75.125,-0.004,0.0,0.0,0.0,0.0,0.0,0.0,0.0,0.0,0.0,0.0,0.0,0.0,0.0,0.0,0.0,0.0,0.017,0.031,0.011,0.034,0.0,0.0,0.0,0.0,0.0,0.0,0.0,0.0,0.0,0.0,0.0,0.0,0.0,0.0,0.0,0.0,0.147,-0.149,0.0,0.0,0.001,0.149,-0.148,0.149,-0.03,0.011,0.0,0.0,0.034,0.035,-0.011,0.001,0.0,-0.0
9072007,48,0.0,1.0,1.0,1.0,100.0,0.0,0.0,0.0,0.0,0.0,0.0,35.139,35.139,0.012,0.02,0.0,80.0,55.0,1.4,15.078,2.248,2.228,0.571,71.4,71.422,73.337,69.667,68.283,0.0,0.04,0.087,20.0,20.0,76.008,50.441,0.0,73.647,74.682,73.79,77.321,57.391,65.63,61.78,-10.82,54.219,85.688,72.0,71.875,71.25,71.75,0.0,0.0,72.0,70.0,1000.0,200.0,0.0,15.148,73.375,71.938,-0.052,75.125,75.438,73.438,76.688,0.0,97.625,72.0,70.0,1000.0,200.0,-0.002,0.0,77.875,77.563,0.008,75.188,75.625,73.625,76.563,0.0,53.938,72.0,70.0,1000.0,200.0,-0.001,0.0,77.063,76.938,0.017,73.813,75.625,73.063,74.938,0.0,44.469,72.0,70.0,1000.0,200.0,0.0,0.0,75.438,75.0,-0.004,0.0,0.0,0.0,0.0,0.0,0.0,0.0,0.0,0.0,0.0,0.0,0.0,0.0,0.0,0.0,0.0,0.017,0.031,0.011,0.034,0.0,0.0,0.0,0.0,0.0,0.0,0.0,0.0,0.0,0.0,0.0,0.0,0.0,0.0,0.0,0.0,0.147,-0.149,0.0,0.0,0.001,0.149,-0.148,0.149,-0.036,0.011,0.0,0.0,0.035,0.035,-0.011,0.0,0.0,-0.0
9072007,49,0.0,1.0,1.0,1.0,100.0,0.0,0.0,0.0,0.0,0.0,0.0,33.968,35.139,0.022,0.02,0.0,80.0,55.0,1.4,15.273,2.248,0.462,3.803,71.508,71.422,73.232,69.772,68.176,0.0,0.036,0.087,20.0,20.0,75.868,50.497,0.0,73.54,74.756,73.79,77.395,57.464,65.734,61.78,-10.82,54.25,85.688,72.0,71.875,71.25,71.75,0.0,0.0,72.0,70.0,1000.0,200.0,0.0,15.469,73.25,71.938,-0.052,75.125,75.438,73.438,76.688,0.0,97.625,72.0,70.0,1000.0,200.0,-0.002,0.0,77.938,77.563,0.008,75.188,75.625,73.813,76.563,0.0,53.938,72.0,70.0,1000.0,200.0,-0.001,0.0,77.188,76.688,0.017,73.688,75.438,73.063,74.938,0.0,44.469,72.0,70.0,1000.0,200.0,0.0,0.0,75.313,75.125,-0.004,0.0,0.0,0.0,0.0,0.0,0.0,0.0,0.0,0.0,0.0,0.0,0.0,0.0,0.0,0.0,0.0,0.017,0.031,0.011,0.034,0.0,0.0,0.0,0.0,0.0,0.0,0.0,0.0,0.0,0.0,0.0,0.0,0.0,0.0,0.0,0.0,0.0,-0.001,-0.148,0.0,0.149,0.149,-0.148,0.149,-0.06,0.01,0.0,0.0,0.034,0.035,-0.01,0.0,0.001,-0.0
9072007,50,0.0,1.0,1.0,1.0,100.0,0.0,0.0,0.0,0.0,0.0,0.0,33.968,35.139,0.022,0.02,0.0,80.0,55.0,1.4,14.984,2.248,2.228,0.36,71.508,71.528,73.337,69.772,68.283,0.0,0.036,0.087,20.0,20.0,75.728,50.413,0.0,73.647,74.682,73.79,77.321,57.538,65.421,61.852,-10.828,54.281,85.688,72.0,71.875,71.5,71.75,0.0,0.0,72.0,70.0,1000.0,200.0,0.0,15.039,73.25,71.938,-0.052,75.063,75.438,73.438,76.688,0.0,97.625,72.0,70.0,1000.0,200.0,-0.002,0.0,77.938,77.563,0.008,75.063,75.625,73.625,76.75,0.0,53.938,72.0,70.0,1000.0,200.0,-0.001,0.0,77.063,76.938,0.017,73.813,75.625,73.063,74.938,0.0,44.469,72.0,70.0,1000.0,200.0,0.0,0.0,75.313,75.125,-0.004,0.0,0.0,0.0,0.0,0.0,0.0,0.0,0.0,0.0,0.0,0.0,0.0,0.0,0.0,0.0,0.0,0.017,0.031,0.011,0.034,0.0,0.0,0.0,0.0,0.0,0.0,0.0,0.0,0.0,0.0,0.0,0.0,0.0,0.0,0.0,0.0,0.147,-0.223,0.0,0.0,0.149,0.149,-0.148,0.001,-0.065,0.011,0.0,0.0,0.034,0.035,-0.01,0.0,0.0,-0.0
9072007,51,0.0,1.0,1.0,1.0,100.0,0.0,0.0,0.0,0.0,0.0,0.0,33.968,35.139,0.012,0.02,0.0,80.0,55.0,1.4,14.984,2.248,2.228,0.39,71.508,71.528,73.337,69.667,68.283,0.0,0.036,0.083,20.0,20.0,75.896,50.301,0.0,73.647,74.756,73.79,77.321,57.538,65.421,61.852,-10.82,54.313,85.688,72.0,72.063,71.5,71.75,0.0,0.0,72.0,70.0,1000.0,200.0,0.0,15.18,73.375,71.938,-0.052,75.063,75.438,73.438,76.688,0.0,97.625,72.0,70.0,1000.0,200.0,-0.002,0.0,77.875,77.5,0.008,75.188,75.625,73.625,76.75,0.0,53.938,72.0,70.0,1000.0,200.0,-0.001,0.0,77.063,77.063,0.017,73.813,75.625,73.063,74.938,0.0,44.469,72.0,70.0,1000.0,200.0,0.0,0.0,75.438,75.125,-0.004,0.0,0.0,0.0,0.0,0.0,0.0,0.0,0.0,0.0,0.0,0.0,0.0,0.0,0.0,0.0,0.0,0.017,0.031,0.011,0.034,0.0,0.0,0.0,0.0,0.0,0.0,0.0,0.0,0.0,0.0,0.0,0.0,0.0,0.0,0.0,0.0,0.0,-0.149,-0.148,0.147,0.149,0.001,-0.148,0.149,-0.032,0.011,0.0,0.0,0.034,0.035,-0.011,0.0,0.0,-0.0
9072007,52,0.0,1.0,1.0,1.0,100.0,0.0,0.0,0.0,0.0,0.0,0.0,33.968,35.139,0.012,0.02,0.0,80.0,55.0,1.4,15.164,2.248,2.228,2.049,71.508,71.74,73.548,69.984,68.283,0.0,0.036,0.087,20.0,20.0,76.121,50.413,0.0,73.54,74.682,73.684,77.321,57.464,65.526,61.78,-10.828,54.313,85.688,72.0,71.875,71.5,71.75,0.0,0.0,72.0,70.0,1000.0,200.0,0.0,15.344,73.25,71.938,-0.052,75.063,75.438,73.438,76.688,0.0,97.625,72.0,70.0,1000.0,200.0,-0.002,0.0,77.938,77.5,0.008,75.063,75.5,73.625,76.563,0.0,53.938,72.0,70.0,1000.0,200.0,-0.001,0.0,77.188,76.938,0.017,73.688,75.438,73.063,74.938,0.0,44.469,72.0,70.0,1000.0,200.0,-0.001,0.0,75.438,75.125,-0.004,0.0,0.0,0.0,0.0,0.0,0.0,0.0,0.0,0.0,0.0,0.0,0.0,0.0,0.0,0.0,0.0,0.017,0.031,0.011,0.035,0.0,0.0,0.0,0.0,0.0,0.0,0.0,0.0,0.0,0.0,0.0,0.0,0.0,0.0,0.0,0.0,0.147,-0.149,0.0,0.0,0.149,0.149,-0.148,0.149,-0.032,0.011,0.0,0.0,0.034,0.035,-0.01,0.001,0.001,-0.0
9072007,53,0.0,1.0,1.0,1.0,100.0,0.0,0.0,0.0,0.0,0.0,0.0,33.968,35.139,0.012,0.02,0.0,80.0,55.0,1.4,15.344,2.248,2.228,0.418,71.508,71.528,73.337,69.772,68.283,0.0,0.04,0.087,20.0,20.0,76.233,50.413,0.0,73.54,74.756,73.79,77.321,57.611,65.526,61.925,-10.82,54.344,85.688,71.938,71.75,71.25,71.688,0.0,0.0,72.0,70.0,1000.0,200.0,0.0,14.977,73.25,71.938,-0.052,75.063,75.438,73.438,76.688,0.0,97.625,72.0,70.0,1000.0,200.0,-0.002,0.0,77.875,77.563,0.008,75.188,75.625,73.813,76.563,0.0,53.938,72.0,70.0,1000.0,200.0,-0.001,0.0,77.188,76.938,0.017,73.563,75.438,73.063,74.938,0.0,44.469,72.0,70.0,1000.0,200.0,-0.001,0.0,75.438,75.125,-0.004,0.0,0.0,0.0,0.0,0.0,0.0,0.0,0.0,0.0,0.0,0.0,0.0,0.0,0.0,0.0,0.0,0.017,0.031,0.011,0.034,0.0,0.0,0.0,0.0,0.0,0.0,0.0,0.0,0.0,0.0,0.0,0.0,0.0,0.0,0.0,0.0,0.0,-0.001,-0.148,0.0,0.001,0.001,-0.148,0.149,-0.032,0.011,0.0,0.0,0.034,0.035,-0.01,0.0,0.001,-0.0
9072007,54,0.0,1.0,1.0,1.0,100.0,0.0,0.0,0.0,0.0,0.0,0.0,33.968,35.139,0.012,0.02,0.0,80.0,55.0,1.4,14.914,2.248,3.993,0.399,71.508,71.528,73.337,69.667,68.283,0.0,0.036,0.087,20.0,20.0,76.149,50.245,0.0,73.433,74.756,73.577,77.321,57.611,65.734,61.925,-10.828,54.344,85.688,71.938,71.875,71.5,71.75,0.0,0.0,72.0,70.0,1000.0,200.0,0.0,15.094,73.25,71.938,-0.052,75.063,75.438,73.438,76.688,0.0,97.625,72.0,70.0,1000.0,200.0,-0.002,0.0,77.938,77.5,0.008,75.063,75.625,73.813,76.563,0.0,53.938,72.0,70.0,1000.0,200.0,-0.001,0.0,77.188,76.938,0.017,73.563,75.438,73.063,74.938,0.0,44.469,72.0,70.0,1000.0,200.0,-0.001,0.0,75.313,75.125,-0.004,0.0,0.0,0.0,0.0,0.0,0.0,0.0,0.0,0.0,0.0,0.0,0.0,0.0,0.0,0.0,0.0,0.017,0.031,0.011,0.035,0.0,0.0,0.0,0.0,0.0,0.0,0.0,0.0,0.0,0.0,0.0,0.0,0.0,0.0,0.0,0.0,0.147,-0.149,-0.148,0.0,0.149,0.149,-0.148,0.149,-0.026,0.011,0.0,0.0,0.034,0.035,-0.01,0.001,0.001,-0.0
9072007,55,0.0,1.0,1.0,1.0,100.0,0.0,0.0,0.0,0.0,0.0,0.0,33.968,35.139,0.012,0.02,0.0,80.0,55.0,1.4,15.039,2.248,2.228,1.573,71.508,71.528,73.337,69.772,68.283,0.0,0.036,0.087,20.0,20.0,76.008,50.077,0.0,73.54,74.682,73.684,77.321,57.611,65.734,61.925,-10.828,54.344,85.625,71.938,71.875,71.25,71.75,0.0,0.0,72.0,70.0,1000.0,200.0,0.0,14.922,73.375,71.938,-0.052,74.813,75.438,73.438,76.688,0.0,97.625,72.0,70.0,1000.0,200.0,-0.002,0.0,77.875,77.563,0.008,75.063,75.625,73.625,76.563,0.0,53.938,72.0,70.0,1000.0,200.0,-0.001,0.0,77.063,76.938,0.017,73.688,75.438,73.063,74.938,0.0,44.469,72.0,70.0,1000.0,200.0,-0.001,0.0,75.438,75.125,-0.004,0.0,0.0,0.0,0.0,0.0,0.0,0.0,0.0,0.0,0.0,0.0,0.0,0.0,0.0,0.0,0.0,0.017,0.031,0.013,0.035,0.0,0.0,0.0,0.0,0.0,0.0,0.0,0.0,0.0,0.0,0.0,0.0,0.0,0.0,0.0,0.0,0.0,-0.149,-0.148,0.0,0.149,0.001,-0.148,0.149,-0.032,0.011,0.0,0.0,0.034,0.035,-0.011,0.0,0.0,-0.0
9072007,56,0.0,1.0,1.0,1.0,100.0,0.0,0.0,0.0,0.0,0.0,0.0,33.968,35.139,0.012,0.02,0.0,80.0,55.0,1.4,14.836,2.248,3.993,0.433,71.4,71.528,73.337,69.772,68.283,0.0,0.036,0.087,20.0,20.0,76.065,49.993,0.0,73.54,74.756,73.684,77.395,57.757,65.734,61.998,-10.82,54.344,85.688,71.938,71.875,71.25,71.75,0.0,0.0,72.0,70.0,1000.0,200.0,0.0,15.039,73.25,71.938,-0.052,74.813,75.438,73.438,76.688,0.0,97.625,72.0,70.0,1000.0,200.0,-0.002,0.0,77.875,77.5,0.008,75.063,75.5,73.625,76.563,0.0,53.938,72.0,70.0,1000.0,200.0,-0.001,0.0,77.063,76.938,0.017,73.563,75.313,73.063,74.938,0.0,44.469,72.0,70.0,1000.0,200.0,0.0,0.0,75.438,75.125,-0.004,0.0,0.0,0.0,0.0,0.0,0.0,0.0,0.0,0.0,0.0,0.0,0.0,0.0,0.0,0.0,0.0,0.017,0.031,0.013,0.035,0.0,0.0,0.0,0.0,0.0,0.0,0.0,0.0,0.0,0.0,0.0,0.0,0.0,0.0,0.0,0.0,0.147,-0.149,-0.148,0.0,0.149,0.001,-0.148,0.001,-0.03,0.011,0.0,0.0,0.034,0.035,-0.01,0.0,0.0,-0.0
9072007,57,0.0,1.0,1.0,1.0,100.0,0.0,0.0,0.0,0.0,0.0,0.0,33.968,35.139,0.022,0.02,0.0,80.0,55.0,1.4,15.383,2.248,2.228,0.35,71.508,71.528,73.443,69.772,68.283,0.0,0.036,0.083,20.0,20.0,76.065,49.853,0.0,73.54,74.682,73.684,77.321,57.757,65.734,61.998,-10.828,54.344,85.688,71.938,71.75,71.25,71.75,0.0,0.0,72.0,70.0,1000.0,200.0,0.0,15.688,73.25,71.938,-0.052,74.813,75.438,73.438,76.688,0.0,97.625,72.0,70.0,1000.0,200.0,-0.002,0.0,77.875,77.5,0.008,75.063,75.625,73.938,76.563,0.0,53.938,72.0,70.0,1000.0,200.0,-0.001,0.0,77.063,76.938,0.017,73.563,75.313,73.063,74.938,0.0,44.469,72.0,70.0,1000.0,200.0,0.0,0.0,75.438,75.125,-0.004,0.0,0.0,0.0,0.0,0.0,0.0,0.0,0.0,0.0,0.0,0.0,0.0,0.0,0.0,0.0,0.0,0.017,0.031,0.011,0.034,0.0,0.0,0.0,0.0,0.0,0.0,0.0,0.0,0.0,0.0,0.0,0.0,0.0,0.0,0.0,0.0,0.147,-0.149,0.0,0.0,0.149,0.001,0.0,0.001,-0.058,0.011,0.0,0.0,0.034,0.035,-0.01,0.0,0.0,-0.0
9072007,58,0.0,1.0,1.0,1.0,100.0,0.0,0.0,0.0,0.0,0.0,0.0,33.968,35.139,0.012,0.02,0.0,80.0,55.0,1.4,15.383,2.248,3.993,-1.045,71.4,71.634,73.443,69.772,68.283,0.0,0.036,0.083,20.0,20.0,75.728,49.853,0.0,73.433,74.682,73.577,77.321,57.757,65.63,62.071,-10.82,54.406,85.625,71.813,71.875,71.25,71.75,0.0,0.0,72.0,70.0,1000.0,200.0,0.0,15.609,73.25,71.938,-0.052,74.813,75.438,73.438,76.688,0.0,97.625,72.0,70.0,1000.0,200.0,-0.002,0.0,77.938,77.5,0.008,75.063,75.625,73.625,76.563,0.0,53.938,72.0,70.0,1000.0,200.0,-0.001,0.0,77.063,77.063,0.013,73.563,75.313,73.063,74.938,0.0,44.469,72.0,70.0,1000.0,200.0,0.0,0.0,75.438,75.125,-0.004,0.0,0.0,0.0,0.0,0.0,0.0,0.0,0.0,0.0,0.0,0.0,0.0,0.0,0.0,0.0,0.0,0.017,0.032,0.011,0.035,0.0,0.0,0.0,0.0,0.0,0.0,0.0,0.0,0.0,0.0,0.0,0.0,0.0,0.0,0.0,0.0,0.147,-0.223,0.0,0.0,0.149,0.001,-0.148,0.001,-0.029,0.011,0.0,0.0,0.034,0.035,-0.01,0.001,0.0,-0.0
9072007,59,0.0,1.0,1.0,1.0,100.0,0.0,0.0,0.0,0.0,0.0,0.0,33.968,35.139,0.012,0.02,0.0,80.0,55.0,1.4,15.563,2.248,2.228,0.253,71.508,71.528,73.443,69.667,68.39,0.0,0.036,0.087,20.0,20.0,75.784,49.713,0.0,73.433,74.756,73.577,77.321,57.831,65.839,62.071,-10.82,54.438,85.688,71.938,71.75,71.25,71.938,0.0,0.0,72.0,70.0,1000.0,200.0,0.0,15.563,73.25,71.938,-0.052,74.813,75.438,73.438,76.688,0.0,97.625,72.0,70.0,1000.0,200.0,-0.002,0.0,77.875,77.563,0.008,75.063,75.625,73.625,76.563,0.0,53.938,72.0,70.0,1000.0,200.0,-0.001,0.0,77.063,76.938,0.017,73.563,75.438,73.063,74.938,0.0,44.469,72.0,70.0,1000.0,200.0,0.0,0.0,75.438,75.125,-0.004,0.0,0.0,0.0,0.0,0.0,0.0,0.0,0.0,0.0,0.0,0.0,0.0,0.0,0.0,0.0,0.0,0.017,0.031,0.011,0.034,0.0,0.0,0.0,0.0,0.0,0.0,0.0,0.0,0.0,0.0,0.0,0.0,0.0,0.0,0.0,0.0,0.0,-0.001,-0.148,0.147,0.001,0.149,-0.148,0.001,-0.026,0.011,0.0,0.0,0.034,0.035,-0.01,0.0,0.0,-0.0
9072007,100,0.0,1.0,1.0,1.0,100.0,0.0,0.0,0.0,0.0,0.0,0.0,35.139,35.139,0.012,0.02,0.0,80.0,55.0,1.4,15.508,2.248,2.228,0.147,71.508,71.422,73.443,69.667,68.39,0.0,0.036,0.087,20.0,20.0,76.008,49.601,0.0,73.433,74.682,73.577,77.395,57.831,65.839,62.071,-10.82,54.438,85.688,71.938,71.75,71.25,71.75,0.0,0.0,72.0,70.0,1000.0,200.0,0.0,15.117,73.375,71.938,-0.052,74.813,75.313,73.438,76.563,0.0,97.625,72.0,70.0,1000.0,200.0,-0.002,0.0,77.938,77.5,0.008,75.063,75.625,73.813,76.563,0.0,53.938,72.0,70.0,1000.0,200.0,-0.001,0.0,77.188,76.688,0.017,73.563,75.438,73.063,74.938,0.0,44.469,72.0,70.0,1000.0,200.0,0.0,0.0,75.438,75.125,-0.004,0.0,0.0,0.0,0.0,0.0,0.0,0.0,0.0,0.0,0.0,0.0,0.0,0.0,0.0,0.0,0.0,0.017,0.031,0.013,0.034,0.0,0.0,0.0,0.0,0.0,0.0,0.0,0.0,0.0,0.0,0.0,0.0,0.0,0.0,0.0,0.0,0.0,-0.001,-0.148,0.0,0.001,0.001,-0.148,0.149,-0.029,0.011,0.0,0.0,0.035,0.035,-0.011,0.001,0.001,-0.0
9072007,101,0.0,1.0,1.0,1.0,100.0,0.0,0.0,0.0,0.0,0.0,0.0,33.968,35.139,0.012,0.02,0.0,80.0,55.0,1.4,14.977,2.248,2.228,0.35,71.508,71.528,73.548,69.772,68.39,0.0,0.036,0.087,20.0,20.0,75.952,49.516,0.0,73.54,74.682,73.79,77.321,57.904,65.63,62.144,-10.82,54.438,85.75,71.813,71.875,71.25,71.75,0.0,0.0,72.0,70.0,1000.0,200.0,0.0,15.055,73.25,71.938,-0.052,74.813,75.438,73.438,76.688,0.0,97.625,72.0,70.0,1000.0,200.0,-0.002,0.0,77.875,77.5,0.008,75.063,75.625,73.625,76.563,0.0,53.938,72.0,70.0,1000.0,200.0,-0.001,0.0,77.063,76.938,0.017,73.563,75.438,73.063,74.938,0.0,44.469,72.0,70.0,1000.0,200.0,0.0,0.0,75.438,75.125,-0.004,0.0,0.0,0.0,0.0,0.0,0.0,0.0,0.0,0.0,0.0,0.0,0.0,0.0,0.0,0.0,0.0,0.017,0.031,0.011,0.034,0.0,0.0,0.0,0.0,0.0,0.0,0.0,0.0,0.0,0.0,0.0,0.0,0.0,0.0,0.0,0.0,0.147,-0.149,0.0,0.0,0.149,0.001,0.0,0.001,-0.036,0.011,0.0,0.0,0.034,0.035,-0.01,0.0,0.0,-0.0
9072007,102,0.0,1.0,1.0,1.0,100.0,0.0,0.0,0.0,0.0,0.0,0.0,33.968,35.139,0.012,0.02,0.0,80.0,55.0,1.4,15.492,2.248,2.228,0.371,71.508,71.528,73.653,69.772,68.283,0.0,0.036,0.087,20.0,20.0,75.98,49.488,0.0,73.54,74.756,73.684,77.321,57.904,65.63,62.144,-10.82,54.438,85.75,71.813,71.75,71.25,71.75,0.0,0.0,72.0,70.0,1000.0,200.0,0.0,15.242,73.375,71.938,-0.052,74.813,75.438,73.438,76.688,0.0,97.625,72.0,70.0,1000.0,200.0,-0.002,0.0,77.875,77.563,0.008,75.063,75.625,73.813,76.563,0.0,53.938,72.0,70.0,1000.0,200.0,-0.001,0.0,77.063,76.938,0.019,73.563,75.438,73.063,74.938,0.0,44.469,72.0,70.0,1000.0,200.0,0.0,0.0,75.438,75.125,-0.004,0.0,0.0,0.0,0.0,0.0,0.0,0.0,0.0,0.0,0.0,0.0,0.0,0.0,0.0,0.0,0.0,0.017,0.031,0.011,0.034,0.0,0.0,0.0,0.0,0.0,0.0,0.0,0.0,0.0,0.0,0.0,0.0,0.0,0.0,0.0,0.0,0.0,-0.149,0.0,0.0,0.001,0.001,0.0,0.001,-0.029,0.011,0.0,0.0,0.034,0.035,-0.011,0.0,0.0,-0.0
9072007,103,0.0,1.0,1.0,1.0,100.0,0.0,0.0,0.0,0.0,0.0,0.0,33.968,35.139,0.012,0.02,0.0,80.0,55.0,1.4,15.492,2.248,2.228,-1.454,71.508,71.528,73.548,69.772,68.283,0.0,0.036,0.087,20.0,20.0,75.84,49.46,0.0,73.433,74.682,73.684,77.321,57.977,65.943,62.217,-10.82,54.406,85.75,71.938,71.75,71.25,71.688,0.0,0.0,72.0,70.0,1000.0,200.0,0.0,14.984,73.25,71.938,-0.052,74.813,75.438,73.438,76.688,0.0,97.625,72.0,70.0,1000.0,200.0,-0.002,0.0,77.875,77.5,0.008,75.188,75.625,73.625,76.563,0.0,53.938,72.0,70.0,1000.0,200.0,-0.001,0.0,77.188,76.938,0.019,73.563,75.438,73.063,74.938,0.0,44.469,72.0,70.0,1000.0,200.0,0.0,0.0,75.438,75.125,-0.004,0.0,0.0,0.0,0.0,0.0,0.0,0.0,0.0,0.0,0.0,0.0,0.0,0.0,0.0,0.0,0.0,0.017,0.031,0.011,0.035,0.0,0.0,0.0,0.0,0.0,0.0,0.0,0.0,0.0,0.0,0.0,0.0,0.0,0.0,0.0,0.0,0.0,-0.149,0.0,0.0,0.001,0.001,-0.148,0.149,-0.032,0.011,0.0,0.0,0.034,0.035,-0.01,0.0,0.001,-0.0
9072007,104,0.0,1.0,1.0,1.0,100.0,0.0,0.0,0.0,0.0,0.0,0.0,33.968,35.139,0.012,0.02,0.0,80.0,55.0,1.4,15.25,2.248,2.228,-0.547,71.508,71.74,73.863,70.089,68.283,0.0,0.036,0.087,20.0,20.0,76.093,49.46,0.0,73.54,74.682,73.79,77.395,57.977,65.734,62.144,-10.82,54.406,85.75,71.938,71.75,71.25,71.75,0.0,0.0,72.0,70.0,1000.0,200.0,0.0,15.188,73.25,71.938,-0.052,74.75,75.438,73.438,76.688,0.0,97.625,72.0,70.0,1000.0,200.0,-0.002,0.0,77.875,77.5,0.008,75.063,75.625,73.625,76.563,0.0,53.938,72.0,70.0,1000.0,200.0,-0.001,0.0,77.063,76.938,0.019,73.563,75.438,73.063,74.938,0.0,44.469,72.0,70.0,1000.0,200.0,0.0,0.0,75.438,75.125,-0.004,0.0,0.0,0.0,0.0,0.0,0.0,0.0,0.0,0.0,0.0,0.0,0.0,0.0,0.0,0.0,0.0,0.017,0.031,0.011,0.035,0.0,0.0,0.0,0.0,0.0,0.0,0.0,0.0,0.0,0.0,0.0,0.0,0.0,0.0,0.0,0.0,0.147,-0.149,0.0,0.0,0.001,0.149,-0.148,0.149,-0.036,0.011,0.0,0.0,0.034,0.035,-0.01,0.0,0.0,-0.0
9072007,105,0.0,1.0,1.0,1.0,100.0,0.0,0.0,0.0,0.0,0.0,0.0,33.968,35.139,0.022,0.02,0.0,80.0,55.0,1.4,15.367,2.248,2.228,-0.112,71.508,71.528,73.653,69.772,68.39,0.0,0.036,0.087,20.0,20.0,76.149,49.432,0.0,73.54,74.682,73.684,77.321,57.977,65.734,62.144,-10.82,54.438,85.75,71.938,72.063,71.5,71.75,0.0,0.0,72.0,70.0,1000.0,200.0,0.0,15.203,73.375,71.938,-0.052,74.813,75.313,73.438,76.688,0.0,97.625,72.0,70.0,1000.0,200.0,-0.002,0.0,77.875,77.5,0.008,75.063,75.625,73.625,76.563,0.0,53.938,72.0,70.0,1000.0,200.0,-0.001,0.0,77.063,76.938,0.019,73.563,75.438,73.063,74.938,0.0,44.469,72.0,70.0,1000.0,200.0,0.0,0.0,75.313,75.125,-0.004,0.0,0.0,0.0,0.0,0.0,0.0,0.0,0.0,0.0,0.0,0.0,0.0,0.0,0.0,0.0,0.0,0.017,0.031,0.011,0.035,0.0,0.0,0.0,0.0,0.0,0.0,0.0,0.0,0.0,0.0,0.0,0.0,0.0,0.0,0.0,0.0,0.147,-0.223,0.0,0.0,0.001,0.001,-0.148,0.001,-0.058,0.011,0.0,0.0,0.034,0.035,-0.011,0.0,0.0,-0.0
9072007,106,0.0,1.0,1.0,1.0,100.0,0.0,0.0,0.0,0.0,0.0,0.0,33.968,35.139,0.012,0.02,0.0,80.0,55.0,1.4,14.914,2.248,2.228,0.247,71.723,71.528,73.653,69.772,68.604,0.0,0.04,0.087,20.0,20.0,76.008,49.404,0.0,73.862,74.682,73.79,77.321,58.124,65.734,62.217,-10.82,54.375,85.813,71.938,71.75,71.5,71.75,0.0,0.0,72.0,70.0,1000.0,200.0,0.0,15.023,73.375,71.938,-0.052,74.813,75.313,73.438,76.688,0.0,97.625,72.0,70.0,1000.0,200.0,-0.002,0.0,77.875,77.563,0.008,74.875,75.625,73.625,76.563,0.0,53.938,72.0,70.0,1000.0,200.0,-0.001,0.0,77.063,76.938,0.017,73.563,75.438,73.063,74.938,0.0,44.469,72.0,70.0,1000.0,200.0,0.0,0.0,75.438,75.125,-0.004,0.0,0.0,0.0,0.0,0.0,0.0,0.0,0.0,0.0,0.0,0.0,0.0,0.0,0.0,0.0,0.0,0.017,0.031,0.011,0.035,0.0,0.0,0.0,0.0,0.0,0.0,0.0,0.0,0.0,0.0,0.0,0.0,0.0,0.0,0.0,0.0,0.147,-0.149,0.0,0.0,0.149,0.001,-0.148,0.149,-0.036,0.011,0.0,0.0,0.034,0.035,-0.011,0.0,0.0,-0.0
9072007,107,0.0,1.0,1.0,1.0,100.0,0.0,0.0,0.0,0.0,0.0,0.0,33.968,35.139,0.012,0.02,0.0,80.0,55.0,1.4,15.297,2.248,2.228,0.252,71.508,71.634,73.653,69.772,68.39,0.0,0.036,0.087,20.0,20.0,75.84,49.376,0.0,73.647,74.682,73.79,77.321,58.124,65.943,62.289,-10.828,54.375,85.75,71.938,71.75,71.25,71.688,0.0,0.0,72.0,70.0,1000.0,200.0,0.0,15.125,73.375,71.938,-0.052,74.813,75.25,73.438,76.688,0.0,97.625,72.0,70.0,1000.0,200.0,-0.002,0.0,77.875,77.5,0.008,75.063,75.5,73.625,76.563,0.0,53.938,72.0,70.0,1000.0,200.0,-0.001,0.0,77.188,76.938,0.017,73.563,75.438,73.188,74.938,0.0,44.469,72.0,70.0,1000.0,200.0,0.0,0.0,75.313,75.125,-0.004,0.0,0.0,0.0,0.0,0.0,0.0,0.0,0.0,0.0,0.0,0.0,0.0,0.0,0.0,0.0,0.0,0.017,0.031,0.011,0.034,0.0,0.0,0.0,0.0,0.0,0.0,0.0,0.0,0.0,0.0,0.0,0.0,0.0,0.0,0.0,0.0,0.147,-0.149,0.0,0.147,0.149,0.001,0.0,0.001,-0.036,0.011,0.0,0.0,0.034,0.035,-0.011,0.0,0.001,-0.0
9072007,108,0.0,1.0,1.0,1.0,100.0,0.0,0.0,0.0,0.0,0.0,0.0,33.968,35.139,0.012,0.02,0.0,80.0,55.0,1.4,15.094,2.248,3.993,0.35,71.508,71.634,73.548,69.772,68.283,0.0,0.036,0.083,20.0,20.0,76.289,49.432,0.0,73.647,74.608,73.577,77.321,58.124,65.839,62.289,-10.828,54.375,85.75,71.813,71.75,71.5,71.75,0.0,0.0,72.0,70.0,1000.0,200.0,0.0,14.953,73.375,71.938,-0.052,74.75,75.25,73.438,76.688,0.0,97.625,72.0,70.0,1000.0,200.0,-0.002,0.0,77.875,77.5,0.008,75.063,75.5,73.625,76.563,0.0,53.938,72.0,70.0,1000.0,200.0,-0.001,0.0,77.063,76.938,0.017,73.563,75.438,73.063,74.938,0.0,44.469,72.0,70.0,1000.0,200.0,0.0,0.0,75.438,75.125,-0.004,0.0,0.0,0.0,0.0,0.0,0.0,0.0,0.0,0.0,0.0,0.0,0.0,0.0,0.0,0.0,0.0,0.017,0.031,0.011,0.035,0.0,0.0,0.0,0.0,0.0,0.0,0.0,0.0,0.0,0.0,0.0,0.0,0.0,0.0,0.0,0.0,0.0,-0.149,-0.148,0.0,0.149,0.149,-0.148,0.001,-0.032,0.011,0.0,0.0,0.034,0.035,-0.011,0.0,0.0,-0.0
9072007,109,0.0,1.0,1.0,1.0,100.0,0.0,0.0,0.0,0.0,0.0,0.0,33.968,35.139,0.012,0.02,0.0,80.0,55.0,1.4,15.094,1.126,0.462,-1.384,71.508,71.846,73.758,70.089,68.283,0.0,0.04,0.087,20.0,20.0,76.317,49.573,0.0,73.54,74.682,73.684,77.321,58.197,65.839,62.289,-10.828,54.375,85.75,71.813,71.875,71.25,71.75,0.0,0.0,72.0,70.0,1000.0,200.0,0.0,15.117,73.25,71.938,-0.052,74.813,75.313,73.438,76.688,0.0,97.625,72.0,70.0,1000.0,200.0,-0.002,0.0,77.875,77.5,0.008,75.063,75.5,73.625,76.563,0.0,53.938,72.0,70.0,1000.0,200.0,-0.001,0.0,77.063,76.938,0.017,73.563,75.313,73.063,74.938,0.0,44.469,72.0,70.0,1000.0,200.0,0.0,0.0,75.438,75.125,-0.004,0.0,0.0,0.0,0.0,0.0,0.0,0.0,0.0,0.0,0.0,0.0,0.0,0.0,0.0,0.0,0.0,0.019,0.031,0.011,0.035,0.0,0.0,0.0,0.0,0.0,0.0,0.0,0.0,0.0,0.0,0.0,0.0,0.0,0.0,0.0,0.0,0.147,-0.149,0.0,0.0,0.149,0.001,0.0,0.001,-0.032,0.011,0.0,0.0,0.034,0.035,-0.01,0.0,0.0,-0.0
9072007,110,0.0,1.0,1.0,1.0,100.0,0.0,0.0,0.0,0.0,0.0,0.0,33.968,35.139,0.012,0.02,0.0,80.0,55.0,1.4,15.086,2.248,2.228,0.344,71.508,71.528,73.653,69.772,68.283,0.0,0.036,0.087,20.0,20.0,76.261,49.657,0.0,73.54,74.682,73.684,77.321,58.197,65.839,62.289,-10.82,54.344,85.688,71.813,71.875,71.25,71.75,0.0,0.0,72.0,70.0,1000.0,200.0,0.0,15.203,73.25,72.063,-0.052,74.75,75.25,73.438,76.688,0.0,97.625,72.0,70.0,1000.0,200.0,-0.002,0.0,77.875,77.5,0.008,75.063,75.625,73.625,76.563,0.0,53.938,72.0,70.0,1000.0,200.0,-0.001,0.0,77.188,76.938,0.017,73.563,75.438,73.063,74.938,0.0,44.469,72.0,70.0,1000.0,200.0,0.0,0.0,75.313,75.125,-0.004,0.0,0.0,0.0,0.0,0.0,0.0,0.0,0.0,0.0,0.0,0.0,0.0,0.0,0.0,0.0,0.0,0.017,0.031,0.013,0.035,0.0,0.0,0.0,0.0,0.0,0.0,0.0,0.0,0.0,0.0,0.0,0.0,0.0,0.0,0.0,0.0,0.147,-0.149,0.0,0.0,0.149,0.001,0.0,0.001,-0.032,0.011,0.0,0.0,0.034,0.035,-0.009,0.0,0.001,-0.0
9072007,111,0.0,1.0,1.0,1.0,100.0,0.0,0.0,0.0,0.0,0.0,0.0,35.139,35.139,0.012,0.02,0.0,80.0,55.0,1.4,15.172,2.248,0.462,-0.992,71.508,71.634,73.548,69.772,68.283,0.0,0.036,0.083,20.0,20.0,76.065,49.769,0.0,73.54,74.608,73.684,77.321,58.27,66.048,62.362,-10.82,54.344,85.75,71.938,71.75,71.5,71.688,0.0,0.0,72.0,70.0,1000.0,200.0,0.0,15.094,73.25,71.938,-0.052,74.813,75.25,73.438,76.563,0.0,97.625,72.0,70.0,1000.0,200.0,-0.002,0.0,77.875,77.5,0.008,74.875,75.625,73.625,76.563,0.0,53.938,72.0,70.0,1000.0,200.0,-0.001,0.0,77.063,76.938,0.017,73.563,75.438,73.063,74.938,0.0,44.469,72.0,70.0,1000.0,200.0,0.0,0.0,75.313,75.125,-0.004,0.0,0.0,0.0,0.0,0.0,0.0,0.0,0.0,0.0,0.0,0.0,0.0,0.0,0.0,0.0,0.0,0.017,0.031,0.011,0.035,0.0,0.0,0.0,0.0,0.0,0.0,0.0,0.0,0.0,0.0,0.0,0.0,0.0,0.0,0.0,0.0,0.147,-0.149,0.0,0.0,0.149,0.149,-0.148,0.149,-0.035,0.011,0.0,0.0,0.035,0.035,-0.01,0.0,0.0,-0.0
9072007,112,0.0,1.0,1.0,1.0,100.0,0.0,0.0,0.0,0.0,0.0,0.0,33.968,35.139,0.012,0.02,0.0,80.0,55.0,1.4,15.156,2.248,0.462,0.27,71.508,71.528,73.548,69.878,68.283,0.0,0.036,0.087,20.0,20.0,76.317,49.853,0.0,73.54,74.608,73.577,77.321,58.27,65.943,62.435,-10.82,54.344,85.688,71.938,71.875,71.5,71.75,0.0,0.0,72.0,70.0,1000.0,200.0,0.0,15.211,73.25,71.938,-0.052,74.75,75.25,73.438,76.688,0.0,97.625,72.0,70.0,1000.0,200.0,-0.002,0.0,77.938,77.5,0.008,75.063,75.625,73.625,76.563,0.0,53.938,72.0,70.0,1000.0,200.0,-0.001,0.0,77.063,76.938,0.017,73.563,75.438,73.063,74.938,0.0,44.469,72.0,70.0,1000.0,200.0,0.0,0.0,75.438,75.125,-0.004,0.0,0.0,0.0,0.0,0.0,0.0,0.0,0.0,0.0,0.0,0.0,0.0,0.0,0.0,0.0,0.0,0.017,0.031,0.011,0.035,0.0,0.0,0.0,0.0,0.0,0.0,0.0,0.0,0.0,0.0,0.0,0.0,0.0,0.0,0.0,0.0,0.147,-0.223,0.0,0.0,0.001,0.001,-0.148,0.149,-0.032,0.011,0.0,0.0,0.034,0.035,-0.01,0.001,0.0,-0.0
9072007,113,0.0,1.0,1.0,1.0,100.0,0.0,0.0,0.0,0.0,0.0,0.0,33.968,35.139,0.012,0.005,0.0,80.0,55.0,1.4,15.25,2.248,2.228,-1.426,71.508,71.634,73.443,69.878,68.283,0.0,0.04,0.087,20.0,20.0,76.205,49.993,0.0,73.54,74.682,73.577,77.321,58.27,65.943,62.362,-10.828,54.344,85.75,71.938,71.875,71.25,71.688,0.0,0.0,72.0,70.0,1000.0,200.0,0.0,15.125,73.25,71.938,-0.052,74.813,75.0,73.438,76.563,0.0,97.625,72.0,70.0,1000.0,200.0,-0.002,0.0,77.875,77.5,0.008,74.875,75.625,73.625,76.563,0.0,53.938,72.0,70.0,1000.0,200.0,-0.001,0.0,77.063,76.938,0.017,73.563,75.438,73.188,74.938,0.0,44.469,72.0,70.0,1000.0,200.0,0.0,0.0,75.438,75.125,-0.004,0.0,0.0,0.0,0.0,0.0,0.0,0.0,0.0,0.0,0.0,0.0,0.0,0.0,0.0,0.0,0.0,0.017,0.031,0.011,0.034,0.0,0.0,0.0,0.0,0.0,0.0,0.0,0.0,0.0,0.0,0.0,0.0,0.0,0.0,0.0,0.0,0.147,-0.149,-0.148,0.0,0.149,0.001,0.0,0.001,-0.029,0.003,0.0,0.0,0.034,0.035,-0.01,0.0,0.0,-0.0
9072007,114,0.0,1.0,1.0,1.0,100.0,0.0,0.0,0.0,0.0,0.0,0.0,33.968,36.31,0.012,0.02,0.0,80.0,55.0,1.4,14.992,2.248,2.228,0.228,71.508,71.634,73.443,69.878,68.283,0.0,0.036,0.087,20.0,20.0,76.093,49.993,0.0,73.54,74.608,73.577,77.248,58.27,65.839,62.435,-10.82,54.281,85.75,71.938,71.875,71.5,71.688,0.0,0.0,72.0,70.0,1000.0,200.0,0.0,14.992,73.25,71.938,-0.052,74.75,75.25,73.438,76.688,0.0,97.625,72.0,70.0,1000.0,200.0,-0.002,0.0,77.938,77.375,0.008,74.875,75.5,73.625,76.563,0.0,53.938,72.0,70.0,1000.0,200.0,-0.001,0.0,77.063,76.688,0.017,73.563,75.438,73.188,74.938,0.0,44.469,72.0,70.0,1000.0,200.0,0.0,0.0,75.438,75.125,-0.004,0.0,0.0,0.0,0.0,0.0,0.0,0.0,0.0,0.0,0.0,0.0,0.0,0.0,0.0,0.0,0.0,0.017,0.031,0.013,0.035,0.0,0.0,0.0,0.0,0.0,0.0,0.0,0.0,0.0,0.0,0.0,0.0,0.0,0.0,0.0,0.0,0.147,-0.149,0.0,0.0,0.001,0.149,0.0,0.001,-0.031,0.011,0.0,0.0,0.034,0.036,-0.01,0.001,0.001,-0.0
9072007,115,0.0,1.0,1.0,1.0,100.0,0.0,0.0,0.0,0.0,0.0,0.0,33.968,35.139,0.012,0.02,0.0,80.0,55.0,1.4,15.109,2.248,2.228,1.299,71.723,71.634,73.443,69.878,68.604,0.0,0.036,0.083,20.0,20.0,76.149,49.993,0.0,73.755,74.608,73.684,77.321,58.343,66.152,62.435,-10.82,54.313,85.688,71.938,71.75,71.25,71.75,0.0,0.0,72.0,70.0,1000.0,200.0,0.0,14.992,73.25,71.938,-0.052,74.75,75.0,73.438,76.563,0.0,97.625,72.0,70.0,1000.0,200.0,-0.002,0.0,77.875,77.5,0.008,74.875,75.5,73.625,76.563,0.0,53.938,72.0,70.0,1000.0,200.0,-0.001,0.0,77.063,76.688,0.017,73.563,75.438,73.063,74.938,0.0,44.469,72.0,70.0,1000.0,200.0,0.0,0.0,75.438,75.125,-0.004,0.0,0.0,0.0,0.0,0.0,0.0,0.0,0.0,0.0,0.0,0.0,0.0,0.0,0.0,0.0,0.0,0.017,0.031,0.011,0.034,0.0,0.0,0.0,0.0,0.0,0.0,0.0,0.0,0.0,0.0,0.0,0.0,0.0,0.0,0.0,0.0,0.0,-0.001,-0.148,0.0,0.001,0.001,-0.148,0.149,-0.035,0.01,0.0,0.0,0.034,0.035,-0.01,0.0,0.001,-0.0
9072007,116,0.0,1.0,1.0,1.0,100.0,0.0,0.0,0.0,0.0,0.0,0.0,33.968,35.139,0.012,0.02,0.0,80.0,55.0,1.4,14.867,2.248,2.228,0.351,71.508,71.846,73.653,69.772,68.39,0.0,0.036,0.087,20.0,20.0,76.401,50.161,0.0,73.54,74.682,73.577,77.321,58.417,66.152,62.508,-10.82,54.313,85.688,71.938,71.75,71.25,71.688,0.0,0.0,72.0,70.0,1000.0,200.0,0.0,15.078,73.25,71.938,-0.052,74.75,75.0,73.438,76.5,0.0,97.625,72.0,70.0,1000.0,200.0,-0.002,0.0,77.875,77.5,0.008,74.875,75.5,73.625,76.563,0.0,53.938,72.0,70.0,1000.0,200.0,-0.001,0.0,77.063,76.938,0.017,73.563,75.438,73.188,74.938,0.0,44.469,72.0,70.0,1000.0,200.0,-0.001,0.0,75.438,75.125,-0.004,0.0,0.0,0.0,0.0,0.0,0.0,0.0,0.0,0.0,0.0,0.0,0.0,0.0,0.0,0.0,0.0,0.017,0.031,0.011,0.034,0.0,0.0,0.0,0.0,0.0,0.0,0.0,0.0,0.0,0.0,0.0,0.0,0.0,0.0,0.0,0.0,0.147,-0.149,0.0,-0.074,0.149,0.001,-0.148,0.001,-0.029,0.011,0.0,0.0,0.034,0.035,-0.01,0.0,0.0,-0.0
9072007,117,0.0,1.0,1.0,1.0,100.0,0.0,0.0,0.0,0.0,0.0,0.0,33.968,35.139,0.012,0.02,0.0,80.0,55.0,1.4,15.242,2.248,2.228,0.458,71.615,71.634,73.443,69.878,68.283,0.0,0.036,0.087,20.0,20.0,76.149,50.273,0.0,73.647,74.682,73.577,77.321,58.417,65.943,62.508,-10.82,54.344,85.75,71.938,71.875,71.5,71.75,0.0,0.0,72.0,70.0,1000.0,200.0,0.0,15.234,73.25,71.938,-0.052,74.75,75.0,73.438,76.563,0.0,97.625,72.0,70.0,1000.0,200.0,-0.002,0.0,77.875,77.5,0.008,74.875,75.438,73.625,76.563,0.0,53.938,72.0,70.0,1000.0,200.0,-0.001,0.0,77.063,76.938,0.017,73.563,75.438,73.188,74.938,0.0,44.469,72.0,70.0,1000.0,200.0,0.0,0.0,75.438,75.125,-0.004,0.0,0.0,0.0,0.0,0.0,0.0,0.0,0.0,0.0,0.0,0.0,0.0,0.0,0.0,0.0,0.0,0.017,0.031,0.011,0.034,0.0,0.0,0.0,0.0,0.0,0.0,0.0,0.0,0.0,0.0,0.0,0.0,0.0,0.0,0.0,0.0,0.147,-0.149,0.0,0.0,0.149,0.149,-0.148,0.149,-0.029,0.011,0.0,0.0,0.034,0.035,-0.01,0.0,0.0,-0.0
9072007,118,0.0,1.0,1.0,1.0,100.0,0.0,0.0,0.0,0.0,0.0,0.0,35.139,36.31,0.012,0.02,0.0,80.0,55.0,1.4,15.242,2.248,0.462,-1.431,71.723,71.634,73.337,69.878,68.497,0.0,0.036,0.087,20.0,20.0,76.205,50.161,0.0,73.755,74.534,73.577,77.321,58.417,65.943,62.435,-10.82,54.313,85.688,71.813,71.75,71.25,71.688,0.0,0.0,72.0,70.0,1000.0,200.0,0.0,15.023,73.25,71.938,-0.052,74.563,75.0,73.438,76.563,0.0,97.625,72.0,70.0,1000.0,200.0,-0.002,0.0,77.938,77.5,0.008,74.875,75.625,73.625,76.563,0.0,53.938,72.0,70.0,1000.0,200.0,-0.001,0.0,77.063,76.938,0.017,73.563,75.625,73.188,74.938,0.0,44.469,72.0,70.0,1000.0,200.0,-0.001,0.0,75.438,75.125,-0.004,0.0,0.0,0.0,0.0,0.0,0.0,0.0,0.0,0.0,0.0,0.0,0.0,0.0,0.0,0.0,0.0,0.017,0.031,0.011,0.034,0.0,0.0,0.0,0.0,0.0,0.0,0.0,0.0,0.0,0.0,0.0,0.0,0.0,0.0,0.0,0.0,0.147,-0.149,0.0,0.0,0.149,0.001,0.0,0.001,-0.035,0.011,0.0,0.0,0.035,0.036,-0.01,0.001,0.0,-0.0
9072007,119,0.0,1.0,1.0,1.0,100.0,0.0,0.0,0.0,0.0,0.0,0.0,33.968,35.139,0.022,0.02,0.0,80.0,55.0,1.4,15.094,2.248,0.462,-1.466,71.508,71.634,73.337,69.878,68.39,0.0,0.036,0.087,20.0,20.0,76.065,50.273,0.0,73.54,74.608,73.684,77.248,58.49,66.257,62.508,-10.82,54.313,85.75,71.813,71.875,71.25,71.75,0.0,0.0,72.0,70.0,1000.0,200.0,0.0,15.078,73.25,71.938,-0.052,74.75,75.0,73.438,76.563,0.0,97.625,72.0,70.0,1000.0,200.0,-0.002,0.0,77.875,77.5,0.008,74.875,75.625,73.813,76.563,0.0,53.938,72.0,70.0,1000.0,200.0,-0.001,0.0,77.063,76.688,0.017,73.563,75.438,73.188,74.938,0.0,44.469,72.0,70.0,1000.0,200.0,0.0,0.0,75.438,75.125,-0.004,0.0,0.0,0.0,0.0,0.0,0.0,0.0,0.0,0.0,0.0,0.0,0.0,0.0,0.0,0.0,0.0,0.017,0.031,0.011,0.034,0.0,0.0,0.0,0.0,0.0,0.0,0.0,0.0,0.0,0.0,0.0,0.0,0.0,0.0,0.0,0.0,0.0,-0.149,0.0,0.0,0.001,0.149,-0.148,0.149,-0.063,0.01,0.0,0.0,0.034,0.035,-0.01,0.0,0.001,-0.0
9072007,120,0.0,1.0,1.0,1.0,100.0,0.0,0.0,0.0,0.0,0.0,0.0,33.968,35.139,0.012,0.02,0.0,80.0,55.0,1.4,14.914,2.248,2.228,-0.485,71.615,71.634,73.337,69.878,68.39,0.0,0.036,0.087,20.0,20.0,75.952,50.245,0.0,73.647,74.608,73.577,77.321,58.49,66.152,62.508,-10.82,54.281,85.75,71.813,71.75,71.25,71.688,0.0,0.0,72.0,70.0,1000.0,200.0,0.0,15.188,73.25,71.938,-0.052,74.75,75.0,73.438,76.688,0.0,97.625,72.0,70.0,1000.0,200.0,-0.002,0.0,77.875,77.5,0.008,74.875,75.625,73.625,76.563,0.0,53.938,72.0,70.0,1000.0,200.0,-0.001,0.0,77.063,76.938,0.017,73.563,75.438,73.188,74.938,0.0,44.469,72.0,70.0,1000.0,200.0,0.0,0.0,75.438,75.125,-0.004,0.0,0.0,0.0,0.0,0.0,0.0,0.0,0.0,0.0,0.0,0.0,0.0,0.0,0.0,0.0,0.0,0.017,0.032,0.011,0.034,0.0,0.0,0.0,0.0,0.0,0.0,0.0,0.0,0.0,0.0,0.0,0.0,0.0,0.0,0.0,0.0,0.147,-0.149,0.0,0.0,0.149,0.149,-0.148,0.149,-0.032,0.01,0.0,0.0,0.034,0.035,-0.01,0.0,0.0,-0.0
9072007,121,0.0,1.0,1.0,1.0,100.0,0.0,0.0,0.0,0.0,0.0,0.0,33.968,35.139,0.022,0.02,0.0,80.0,55.0,1.4,15.258,2.248,2.228,0.505,71.508,71.634,73.337,69.878,68.283,0.0,0.04,0.087,20.0,20.0,76.065,50.245,0.0,73.54,74.608,73.684,77.321,58.636,66.048,62.581,-10.828,54.281,85.75,71.938,71.875,71.25,71.75,0.0,0.0,72.0,70.0,1000.0,200.0,0.0,15.133,73.375,71.938,-0.052,74.75,75.0,73.438,76.563,0.0,97.625,72.0,70.0,1000.0,200.0,-0.002,0.0,77.875,77.5,0.008,74.875,75.5,73.625,76.563,0.0,53.938,72.0,70.0,1000.0,200.0,-0.001,0.0,77.063,76.938,0.017,73.563,75.438,73.188,74.938,0.0,44.469,72.0,70.0,1000.0,200.0,0.0,0.0,75.438,75.125,-0.004,0.0,0.0,0.0,0.0,0.0,0.0,0.0,0.0,0.0,0.0,0.0,0.0,0.0,0.0,0.0,0.0,0.017,0.031,0.011,0.034,0.0,0.0,0.0,0.0,0.0,0.0,0.0,0.0,0.0,0.0,0.0,0.0,0.0,0.0,0.0,0.0,0.0,-0.149,-0.148,0.147,0.149,0.001,-0.148,0.001,-0.065,0.011,0.0,0.0,0.034,0.035,-0.011,0.0,0.0,-0.0
9072007,122,0.0,1.0,1.0,1.0,100.0,0.0,0.0,0.0,0.0,0.0,0.0,35.139,35.139,0.012,0.02,0.0,80.0,55.0,1.4,15.375,2.248,2.228,-1.216,71.615,71.634,73.337,69.878,68.39,0.0,0.036,0.083,20.0,20.0,76.289,50.273,0.0,73.54,74.608,73.684,77.248,58.563,66.048,62.581,-10.82,54.25,85.75,71.938,71.875,71.25,71.75,0.0,0.0,72.0,70.0,1000.0,200.0,0.0,15.094,73.375,71.938,-0.052,74.75,75.0,73.438,76.563,0.0,97.625,72.0,70.0,1000.0,200.0,-0.002,0.0,77.875,77.5,0.008,74.875,75.5,73.625,76.563,0.0,53.938,72.0,70.0,1000.0,200.0,-0.001,0.0,77.063,76.938,0.017,73.563,75.438,73.188,74.938,0.0,44.469,72.0,70.0,1000.0,200.0,0.0,0.0,75.438,75.125,-0.004,0.0,0.0,0.0,0.0,0.0,0.0,0.0,0.0,0.0,0.0,0.0,0.0,0.0,0.0,0.0,0.0,0.017,0.031,0.011,0.034,0.0,0.0,0.0,0.0,0.0,0.0,0.0,0.0,0.0,0.0,0.0,0.0,0.0,0.0,0.0,0.0,0.147,-0.149,-0.148,0.0,0.149,-0.072,0.0,0.001,-0.034,0.011,0.0,0.0,0.035,0.035,-0.011,0.0,0.0,-0.0
9072007,123,0.0,1.0,1.0,1.0,100.0,0.0,0.0,0.0,0.0,0.0,0.0,33.968,35.139,0.012,0.02,0.0,80.0,55.0,1.4,15.172,2.248,0.462,-0.195,71.615,71.634,73.337,69.878,68.39,0.0,0.036,0.087,20.0,20.0,76.065,50.301,0.0,73.647,74.534,73.577,77.248,58.563,66.048,62.581,-10.82,54.281,85.688,71.813,71.875,71.25,71.75,0.0,0.0,72.0,70.0,1000.0,200.0,0.0,15.039,73.375,71.875,-0.052,74.75,75.0,73.438,76.563,0.0,97.625,72.0,70.0,1000.0,200.0,-0.002,0.0,77.875,77.5,0.008,74.875,75.625,73.813,76.563,0.0,53.938,72.0,70.0,1000.0,200.0,-0.001,0.0,77.063,76.938,0.017,73.5,75.625,73.188,74.938,0.0,44.469,72.0,70.0,1000.0,200.0,0.0,0.0,75.438,75.125,-0.004,0.0,0.0,0.0,0.0,0.0,0.0,0.0,0.0,0.0,0.0,0.0,0.0,0.0,0.0,0.0,0.0,0.017,0.032,0.011,0.034,0.0,0.0,0.0,0.0,0.0,0.0,0.0,0.0,0.0,0.0,0.0,0.0,0.0,0.0,0.0,0.0,0.0,-0.001,-0.148,0.147,0.149,0.001,-0.148,0.149,-0.034,0.011,0.0,0.0,0.034,0.035,-0.011,0.0,0.0,-0.0
9072007,124,0.0,1.0,1.0,1.0,100.0,0.0,0.0,0.0,0.0,0.0,0.0,35.139,35.139,0.012,0.02,0.0,80.0,55.0,1.4,15.289,2.248,2.228,0.35,71.615,71.846,73.548,70.089,68.39,0.0,0.036,0.087,20.0,20.0,76.261,50.329,0.0,73.54,74.534,73.684,77.321,58.636,66.048,62.581,-10.828,54.25,85.75,71.813,71.75,71.25,71.75,0.0,0.0,72.0,70.0,1000.0,200.0,0.0,15.297,73.375,71.938,-0.052,74.75,75.0,73.438,76.563,0.0,97.625,72.0,70.0,1000.0,200.0,-0.002,0.0,77.875,77.563,0.008,74.875,75.5,73.625,76.563,0.0,53.938,72.0,70.0,1000.0,200.0,-0.001,0.0,77.063,76.938,0.017,73.5,75.625,73.063,74.938,0.0,44.469,72.0,70.0,1000.0,200.0,0.0,0.0,75.438,75.125,-0.004,0.0,0.0,0.0,0.0,0.0,0.0,0.0,0.0,0.0,0.0,0.0,0.0,0.0,0.0,0.0,0.0,0.017,0.031,0.011,0.035,0.0,0.0,0.0,0.0,0.0,0.0,0.0,0.0,0.0,0.0,0.0,0.0,0.0,0.0,0.0,0.0,0.0,-0.149,0.0,0.0,0.001,0.001,-0.148,0.149,-0.039,0.011,0.0,0.0,0.035,0.035,-0.011,0.0,0.0,-0.0
9072007,125,0.0,1.0,1.0,1.0,100.0,0.0,0.0,0.0,0.0,0.0,0.0,33.968,35.139,0.012,0.02,0.0,80.0,55.0,1.4,15.094,2.248,2.228,-1.414,71.508,71.634,73.232,69.878,68.39,0.0,0.036,0.083,20.0,20.0,76.513,50.357,0.0,73.433,74.534,73.577,77.248,58.71,66.048,62.726,-10.82,54.25,85.75,71.813,71.75,71.25,71.75,0.0,0.0,72.0,70.0,1000.0,200.0,0.0,15.289,73.25,71.938,-0.052,74.75,75.0,73.438,76.563,0.0,97.625,72.0,70.0,1000.0,200.0,-0.002,0.0,77.875,77.5,0.008,74.875,75.625,73.625,76.563,0.0,53.938,72.0,70.0,1000.0,200.0,-0.001,0.0,77.063,76.938,0.017,73.563,75.438,73.063,75.063,0.0,44.469,72.0,70.0,1000.0,200.0,0.0,0.0,75.438,75.125,-0.004,0.0,0.0,0.0,0.0,0.0,0.0,0.0,0.0,0.0,0.0,0.0,0.0,0.0,0.0,0.0,0.0,0.017,0.031,0.011,0.034,0.0,0.0,0.0,0.0,0.0,0.0,0.0,0.0,0.0,0.0,0.0,0.0,0.0,0.0,0.0,0.0,0.147,-0.149,0.0,0.0,0.149,0.149,-0.148,0.001,-0.034,0.011,0.0,0.0,0.034,0.035,-0.01,0.0,0.0,-0.0
9072007,126,0.0,1.0,1.0,1.0,100.0,0.0,0.0,0.0,0.0,0.0,0.0,35.139,35.139,0.012,0.02,0.0,80.0,55.0,1.4,15.039,2.248,5.758,0.182,71.615,71.634,73.232,69.878,68.39,0.0,0.036,0.083,20.0,20.0,76.373,50.301,0.0,73.647,74.608,73.577,77.248,58.71,66.152,62.726,-10.82,54.25,85.75,71.938,71.875,71.25,71.75,0.0,0.0,72.0,70.0,1000.0,200.0,0.0,15.453,73.25,71.938,-0.052,74.75,75.0,73.438,76.563,0.0,97.625,72.0,70.0,1000.0,200.0,-0.002,0.0,77.875,77.5,0.008,74.875,75.5,73.5,76.563,0.0,53.938,72.0,70.0,1000.0,200.0,-0.001,0.0,77.063,76.938,0.017,73.563,75.438,73.188,74.938,0.0,44.469,72.0,70.0,1000.0,200.0,0.0,0.0,75.438,75.125,-0.004,0.0,0.0,0.0,0.0,0.0,0.0,0.0,0.0,0.0,0.0,0.0,0.0,0.0,0.0,0.0,0.0,0.017,0.031,0.013,0.034,0.0,0.0,0.0,0.0,0.0,0.0,0.0,0.0,0.0,0.0,0.0,0.0,0.0,0.0,0.0,0.0,0.147,-0.149,0.0,-0.074,0.149,0.149,-0.148,0.001,-0.031,0.011,0.0,0.0,0.035,0.035,-0.01,0.0,0.0,-0.0
9072007,127,0.0,1.0,1.0,1.0,100.0,0.0,0.0,0.0,0.0,0.0,0.0,35.139,36.31,0.012,0.02,0.0,80.0,55.0,1.4,15.336,2.248,2.228,-1.213,71.615,71.634,73.337,69.878,68.39,0.0,0.036,0.087,20.0,20.0,76.906,50.441,0.0,73.54,74.608,73.577,77.248,58.783,66.152,62.726,-10.82,54.25,85.75,71.938,71.75,71.25,71.75,0.0,0.0,72.0,70.0,1000.0,200.0,0.0,15.43,73.25,71.938,-0.052,74.75,75.0,73.375,76.563,0.0,97.625,72.0,70.0,1000.0,200.0,-0.002,0.0,77.875,77.5,0.008,74.875,75.5,73.625,76.563,0.0,53.938,72.0,70.0,1000.0,200.0,-0.001,0.0,77.063,76.938,0.017,73.5,75.438,73.188,74.938,0.0,44.469,72.0,70.0,1000.0,200.0,0.0,0.0,75.5,75.125,-0.004,0.0,0.0,0.0,0.0,0.0,0.0,0.0,0.0,0.0,0.0,0.0,0.0,0.0,0.0,0.0,0.0,0.017,0.031,0.013,0.035,0.0,0.0,0.0,0.0,0.0,0.0,0.0,0.0,0.0,0.0,0.0,0.0,0.0,0.0,0.0,0.0,0.147,-0.149,0.0,0.0,0.149,0.001,0.0,0.001,-0.031,0.011,0.0,0.0,0.035,0.036,-0.01,0.0,0.0,-0.0
9072007,128,0.0,1.0,1.0,1.0,100.0,0.0,0.0,0.0,0.0,0.0,0.0,35.139,35.139,0.012,0.02,0.0,80.0,55.0,1.4,15.375,2.248,2.228,-1.369,71.508,71.634,73.337,69.878,68.39,0.0,0.04,0.083,20.0,20.0,76.401,50.385,0.0,73.54,74.608,73.577,77.321,58.783,66.152,62.726,-10.82,54.219,85.75,71.813,71.75,71.25,71.75,0.0,0.0,72.0,70.0,1000.0,200.0,0.0,15.578,73.25,71.875,-0.052,74.75,75.0,73.438,76.563,0.0,97.625,72.0,70.0,1000.0,200.0,-0.002,0.0,77.875,77.5,0.008,74.875,75.5,73.813,76.563,0.0,53.938,72.0,70.0,1000.0,200.0,-0.001,0.0,77.063,76.938,0.017,73.563,75.438,73.188,74.938,0.0,44.469,72.0,70.0,1000.0,200.0,0.0,0.0,75.438,75.125,-0.004,0.0,0.0,0.0,0.0,0.0,0.0,0.0,0.0,0.0,0.0,0.0,0.0,0.0,0.0,0.0,0.0,0.017,0.031,0.013,0.034,0.0,0.0,0.0,0.0,0.0,0.0,0.0,0.0,0.0,0.0,0.0,0.0,0.0,0.0,0.0,0.0,0.147,-0.149,0.0,0.0,0.149,0.001,-0.148,0.001,-0.032,0.011,0.0,0.0,0.035,0.035,-0.01,0.0,0.0,-0.0
9072007,129,0.0,1.0,1.0,1.0,100.0,0.0,0.0,0.0,0.0,0.0,0.0,35.139,36.31,0.012,0.02,0.0,80.0,55.0,1.4,15.375,2.248,2.228,0.336,71.615,71.634,73.337,69.878,68.39,0.0,0.036,0.087,20.0,20.0,76.233,50.329,0.0,73.54,74.534,73.684,77.248,58.783,66.152,62.726,-10.828,54.281,85.75,71.813,71.75,71.25,71.688,0.0,0.0,72.0,70.0,1000.0,200.0,0.0,15.617,73.25,71.938,-0.052,74.563,75.0,73.438,76.563,0.0,97.625,72.0,70.0,1000.0,200.0,-0.002,0.0,77.875,77.5,0.008,74.875,75.5,73.813,76.563,0.0,53.938,72.0,70.0,1000.0,200.0,-0.001,0.0,77.063,76.938,0.017,73.563,75.438,73.063,74.938,0.0,44.469,72.0,70.0,1000.0,200.0,0.0,0.0,75.438,75.125,-0.004,0.0,0.0,0.0,0.0,0.0,0.0,0.0,0.0,0.0,0.0,0.0,0.0,0.0,0.0,0.0,0.0,0.017,0.031,0.011,0.034,0.0,0.0,0.0,0.0,0.0,0.0,0.0,0.0,0.0,0.0,0.0,0.0,0.0,0.0,0.0,0.0,0.147,-0.149,0.0,0.0,0.149,0.001,0.0,0.001,-0.038,0.011,0.0,0.0,0.035,0.036,-0.01,0.0,0.0,-0.0
9072007,130,0.0,1.0,1.0,1.0,100.0,0.0,0.0,0.0,0.0,0.0,0.0,35.139,35.139,0.022,0.02,0.0,80.0,55.0,1.4,15.531,2.248,2.228,-0.991,71.615,71.634,73.443,69.878,68.39,0.0,0.036,0.083,20.0,20.0,76.457,50.189,0.0,73.433,74.682,73.684,77.248,58.856,66.152,62.726,-10.82,54.25,85.75,71.813,71.875,71.5,71.75,0.0,0.0,72.0,70.0,1000.0,200.0,0.0,15.281,73.375,71.938,-0.052,74.563,75.0,73.438,76.563,0.0,97.625,72.0,70.0,1000.0,200.0,-0.002,0.0,77.875,77.5,0.008,74.875,75.5,73.625,76.563,0.0,53.938,72.0,70.0,1000.0,200.0,-0.001,0.0,77.063,76.938,0.017,73.563,75.438,73.188,74.938,0.0,44.469,72.0,70.0,1000.0,200.0,0.0,0.0,75.438,75.125,-0.004,0.0,0.0,0.0,0.0,0.0,0.0,0.0,0.0,0.0,0.0,0.0,0.0,0.0,0.0,0.0,0.0,0.017,0.031,0.011,0.034,0.0,0.0,0.0,0.0,0.0,0.0,0.0,0.0,0.0,0.0,0.0,0.0,0.0,0.0,0.0,0.0,0.147,-0.149,-0.148,0.0,0.149,0.001,0.0,0.001,-0.057,0.011,0.0,0.0,0.035,0.035,-0.011,0.0,0.0,-0.0
9072007,131,0.0,1.0,1.0,1.0,100.0,0.0,0.0,0.0,0.0,0.0,0.0,35.139,35.139,0.022,0.02,0.0,80.0,55.0,1.4,15.563,2.248,2.228,-0.092,71.615,71.634,73.443,69.984,68.39,0.0,0.036,0.087,20.0,20.0,75.98,50.189,0.0,73.54,74.534,73.577,77.248,58.93,66.152,62.799,-10.828,54.25,85.75,71.938,71.75,71.5,71.688,0.0,0.0,72.0,70.0,1000.0,200.0,0.0,15.148,73.25,71.938,-0.052,74.563,75.25,73.563,76.563,0.0,97.625,72.0,70.0,1000.0,200.0,-0.002,0.0,77.875,77.5,0.008,74.875,75.5,73.813,76.438,0.0,53.938,72.0,70.0,1000.0,200.0,-0.001,0.0,77.063,76.938,0.017,73.563,75.313,73.188,74.938,0.0,44.469,72.0,70.0,1000.0,200.0,0.0,0.0,75.438,75.125,-0.004,0.0,0.0,0.0,0.0,0.0,0.0,0.0,0.0,0.0,0.0,0.0,0.0,0.0,0.0,0.0,0.0,0.017,0.031,0.011,0.034,0.0,0.0,0.0,0.0,0.0,0.0,0.0,0.0,0.0,0.0,0.0,0.0,0.0,0.0,0.0,0.0,0.0,-0.149,0.0,0.0,0.001,0.149,-0.148,0.149,-0.062,0.011,0.0,0.0,0.035,0.035,-0.01,0.0,0.0,-0.0
9072007,132,0.0,1.0,1.0,1.0,100.0,0.0,0.0,0.0,0.0,0.0,0.0,33.968,35.139,0.012,0.02,0.0,80.0,55.0,1.4,15.383,2.248,3.993,-0.601,71.615,71.634,73.548,69.878,68.497,0.0,0.036,0.087,20.0,20.0,76.261,50.049,0.0,73.54,74.534,73.577,77.248,58.93,66.466,62.799,-10.82,54.281,85.75,71.813,71.875,71.5,71.75,0.0,0.0,72.0,70.0,1000.0,200.0,0.0,15.422,73.375,71.938,-0.052,74.563,75.25,73.438,76.563,0.0,97.625,72.0,70.0,1000.0,200.0,-0.002,0.0,77.875,77.5,0.008,74.875,75.625,73.625,76.563,0.0,53.938,72.0,70.0,1000.0,200.0,-0.001,0.0,77.063,76.938,0.017,73.563,75.313,73.063,74.938,0.0,44.469,72.0,70.0,1000.0,200.0,0.0,0.0,75.438,75.125,-0.004,0.0,0.0,0.0,0.0,0.0,0.0,0.0,0.0,0.0,0.0,0.0,0.0,0.0,0.0,0.0,0.0,0.017,0.032,0.011,0.034,0.0,0.0,0.0,0.0,0.0,0.0,0.0,0.0,0.0,0.0,0.0,0.0,0.0,0.0,0.0,0.0,0.147,-0.149,0.0,0.0,0.149,0.001,0.0,0.001,-0.034,0.01,0.0,0.0,0.034,0.035,-0.011,0.0,0.0,-0.0
9072007,133,0.0,1.0,1.0,1.0,100.0,0.0,0.0,0.0,0.0,0.0,0.0,33.968,35.139,0.012,0.02,0.0,80.0,55.0,1.4,15.352,2.248,2.228,-1.243,71.508,71.74,73.548,69.984,68.39,0.0,0.036,0.087,20.0,20.0,76.289,49.965,0.0,73.647,74.608,73.79,77.321,58.93,66.257,62.872,-10.82,54.281,85.75,71.938,71.75,71.25,71.75,0.0,0.0,72.0,70.0,1000.0,200.0,0.0,15.633,73.25,72.063,-0.052,74.563,75.25,73.438,76.563,0.0,97.625,72.0,70.0,1000.0,200.0,-0.002,0.0,77.875,77.5,0.008,74.875,75.5,73.813,76.438,0.0,53.938,72.0,70.0,1000.0,200.0,-0.001,0.0,77.063,76.938,0.017,73.5,75.313,73.188,74.938,0.0,44.469,72.0,70.0,1000.0,200.0,0.0,0.0,75.438,75.125,-0.004,0.0,0.0,0.0,0.0,0.0,0.0,0.0,0.0,0.0,0.0,0.0,0.0,0.0,0.0,0.0,0.0,0.017,0.031,0.011,0.034,0.0,0.0,0.0,0.0,0.0,0.0,0.0,0.0,0.0,0.0,0.0,0.0,0.0,0.0,0.0,0.0,0.0,-0.149,0.0,0.0,0.001,0.001,-0.148,0.149,-0.04,0.011,0.0,0.0,0.034,0.035,-0.009,0.0,0.0,-0.0
9072007,134,0.0,1.0,1.0,1.0,100.0,0.0,0.0,0.0,0.0,0.0,0.0,33.968,35.139,0.012,0.02,0.0,80.0,55.0,1.4,15.477,2.248,2.228,-0.475,71.615,71.634,73.653,69.878,68.39,0.0,0.04,0.087,20.0,20.0,76.093,49.909,0.0,73.54,74.534,73.684,77.248,59.003,66.466,62.872,-10.82,54.25,85.75,71.813,71.875,71.5,71.75,0.0,0.0,72.0,70.0,1000.0,200.0,0.0,15.172,73.375,71.938,-0.052,74.563,75.25,73.375,76.563,0.0,97.625,72.0,70.0,1000.0,200.0,-0.002,0.0,77.875,77.5,0.008,74.813,75.5,73.625,76.563,0.0,53.938,72.0,70.0,1000.0,200.0,-0.001,0.0,77.188,76.938,0.017,73.5,75.438,73.188,74.938,0.0,44.469,72.0,70.0,1000.0,200.0,0.0,0.0,75.438,75.125,-0.004,0.0,0.0,0.0,0.0,0.0,0.0,0.0,0.0,0.0,0.0,0.0,0.0,0.0,0.0,0.0,0.0,0.017,0.031,0.013,0.035,0.0,0.0,0.0,0.0,0.0,0.0,0.0,0.0,0.0,0.0,0.0,0.0,0.0,0.0,0.0,0.0,0.0,-0.149,-0.148,0.0,0.149,0.001,0.0,0.001,-0.038,0.01,0.0,0.0,0.034,0.035,-0.011,0.0,0.001,-0.0
9072007,135,0.0,1.0,1.0,1.0,100.0,0.0,0.0,0.0,0.0,0.0,0.0,33.968,35.139,0.012,0.034,0.0,80.0,55.0,1.4,15.258,2.248,3.993,0.325,71.615,71.634,73.653,69.984,68.497,0.0,0.036,0.087,20.0,20.0,76.093,49.853,0.0,73.647,74.534,73.577,77.248,59.003,66.466,62.872,-10.82,54.25,85.688,71.813,71.875,71.5,71.75,0.0,0.0,72.0,70.0,1000.0,200.0,0.0,15.047,73.375,71.938,-0.052,74.563,75.25,73.438,76.563,0.0,97.625,72.0,70.0,1000.0,200.0,-0.002,0.0,77.875,77.5,0.008,74.813,75.5,73.625,76.563,0.0,53.938,72.0,70.0,1000.0,200.0,-0.001,0.0,77.063,76.938,0.017,73.563,75.313,73.188,74.938,0.0,44.469,72.0,70.0,1000.0,200.0,0.0,0.0,75.438,75.125,-0.004,0.0,0.0,0.0,0.0,0.0,0.0,0.0,0.0,0.0,0.0,0.0,0.0,0.0,0.0,0.0,0.0,0.017,0.031,0.011,0.035,0.0,0.0,0.0,0.0,0.0,0.0,0.0,0.0,0.0,0.0,0.0,0.0,0.0,0.0,0.0,0.0,0.0,-0.223,0.0,0.0,0.149,0.001,0.0,0.001,-0.034,0.018,0.0,0.0,0.034,0.035,-0.011,0.0,0.0,-0.0
9072007,136,0.0,1.0,1.0,1.0,100.0,0.0,0.0,0.0,0.0,0.0,0.0,33.968,35.139,0.012,0.02,0.0,80.0,55.0,1.4,15.234,2.248,2.228,-0.097,71.615,71.634,73.653,69.984,68.39,0.0,0.036,0.087,20.0,20.0,75.98,49.825,0.0,73.54,74.534,73.684,77.321,59.076,66.257,62.945,-10.82,54.219,85.75,71.813,71.75,71.25,71.688,0.0,0.0,72.0,70.0,1000.0,200.0,0.0,15.563,73.25,71.938,-0.052,74.563,75.25,73.438,76.563,0.0,97.625,72.0,70.0,1000.0,200.0,-0.002,0.0,77.875,77.5,0.008,74.875,75.5,73.625,76.438,0.0,53.938,72.0,70.0,1000.0,200.0,-0.001,0.0,77.063,76.938,0.017,73.5,75.313,73.188,74.938,0.0,44.469,72.0,70.0,1000.0,200.0,0.0,0.0,75.438,75.125,-0.004,0.0,0.0,0.0,0.0,0.0,0.0,0.0,0.0,0.0,0.0,0.0,0.0,0.0,0.0,0.0,0.0,0.017,0.031,0.011,0.034,0.0,0.0,0.0,0.0,0.0,0.0,0.0,0.0,0.0,0.0,0.0,0.0,0.0,0.0,0.0,0.0,0.147,-0.149,0.0,0.0,0.001,0.001,-0.148,0.149,-0.039,0.011,0.0,0.0,0.034,0.035,-0.01,0.0,0.0,-0.0
9072007,137,0.0,1.0,1.0,1.0,100.0,0.0,0.0,0.0,0.0,0.0,0.0,33.968,35.139,0.012,0.02,0.0,80.0,55.0,1.4,15.484,2.248,2.228,-1.381,71.508,71.634,73.548,69.878,68.39,0.0,0.04,0.083,20.0,20.0,76.205,49.825,0.0,73.54,74.461,73.577,77.248,59.076,66.257,62.872,-10.82,54.219,85.75,71.938,71.75,71.5,71.75,0.0,0.0,72.0,70.0,1000.0,200.0,0.0,15.602,73.25,71.938,-0.052,74.563,75.25,73.438,76.5,0.0,97.625,72.0,70.0,1000.0,200.0,-0.002,0.0,77.875,77.5,0.008,74.875,75.5,73.625,76.438,0.0,53.938,72.0,70.0,1000.0,200.0,-0.001,0.0,77.063,76.688,0.017,73.5,75.313,73.188,74.938,0.0,44.469,72.0,70.0,1000.0,200.0,0.0,0.0,75.438,75.125,-0.004,0.0,0.0,0.0,0.0,0.0,0.0,0.0,0.0,0.0,0.0,0.0,0.0,0.0,0.0,0.0,0.0,0.017,0.031,0.011,0.034,0.0,0.0,0.0,0.0,0.0,0.0,0.0,0.0,0.0,0.0,0.0,0.0,0.0,0.0,0.0,0.0,0.147,-0.149,0.0,0.0,0.149,0.001,-0.148,0.001,-0.038,0.011,0.0,0.0,0.034,0.035,-0.01,0.0,0.001,-0.0
9072007,138,0.0,1.0,1.0,1.0,100.0,0.0,0.0,0.0,0.0,0.0,0.0,35.139,35.139,0.022,0.02,0.0,80.0,55.0,1.4,15.484,3.37,2.228,-1.331,71.831,71.634,73.653,69.984,68.604,0.0,0.036,0.083,20.0,20.0,76.149,49.769,0.0,73.755,74.608,73.577,77.174,59.003,66.466,62.872,-10.82,54.219,85.75,71.813,71.875,71.25,71.75,0.0,0.0,72.0,70.0,1000.0,200.0,0.0,15.336,73.375,71.938,-0.052,74.563,75.25,73.438,76.563,0.0,97.625,72.0,70.0,1000.0,200.0,-0.002,0.0,77.875,77.375,0.008,74.813,75.625,73.813,76.563,0.0,53.938,72.0,70.0,1000.0,200.0,-0.001,0.0,77.063,76.938,0.017,73.5,75.438,73.188,74.938,0.0,44.469,72.0,70.0,1000.0,200.0,0.0,0.0,75.438,75.125,-0.004,0.0,0.0,0.0,0.0,0.0,0.0,0.0,0.0,0.0,0.0,0.0,0.0,0.0,0.0,0.0,0.0,0.017,0.031,0.011,0.035,0.0,0.0,0.0,0.0,0.0,0.0,0.0,0.0,0.0,0.0,0.0,0.0,0.0,0.0,0.0,0.0,0.0,-0.149,-0.148,0.0,0.149,0.001,0.0,0.001,-0.055,0.01,0.0,0.0,0.035,0.035,-0.011,0.001,0.0,-0.0
9072007,139,0.0,1.0,1.0,1.0,100.0,0.0,0.0,0.0,0.0,0.0,0.0,33.968,36.31,0.012,0.02,0.0,80.0,55.0,1.4,14.984,2.248,3.993,0.303,71.831,71.634,73.548,69.878,68.604,0.0,0.036,0.087,20.0,20.0,76.205,49.769,0.0,73.755,74.534,73.577,77.248,59.149,66.361,62.945,-10.82,54.188,85.75,71.813,71.75,71.5,71.75,0.0,0.0,72.0,70.0,1000.0,200.0,0.0,15.109,73.375,71.938,-0.052,74.563,75.25,73.438,76.563,0.0,97.625,72.0,70.0,1000.0,200.0,-0.002,0.0,77.875,77.375,0.008,74.813,75.625,73.625,76.563,0.0,53.938,72.0,70.0,1000.0,200.0,-0.001,0.0,77.063,76.688,0.017,73.5,75.438,73.188,74.938,0.0,44.469,72.0,70.0,1000.0,200.0,0.0,0.0,75.438,75.125,-0.004,0.0,0.0,0.0,0.0,0.0,0.0,0.0,0.0,0.0,0.0,0.0,0.0,0.0,0.0,0.0,0.0,0.017,0.031,0.011,0.035,0.0,0.0,0.0,0.0,0.0,0.0,0.0,0.0,0.0,0.0,0.0,0.0,0.0,0.0,0.0,0.0,0.0,-0.149,-0.148,0.0,0.001,0.149,0.0,0.149,-0.034,0.011,0.0,0.0,0.034,0.036,-0.011,0.001,0.001,-0.0
9072007,140,0.0,1.0,1.0,1.0,100.0,0.0,0.0,0.0,0.0,0.0,0.0,35.139,36.31,0.012,0.02,0.0,80.0,55.0,1.4,15.195,2.248,2.228,-1.23,71.615,71.634,73.443,69.878,68.497,0.0,0.036,0.087,20.0,20.0,75.7,49.713,0.0,73.54,74.534,73.577,77.248,59.223,66.361,62.945,-10.828,54.188,85.75,71.938,71.75,71.25,71.75,0.0,0.0,72.0,70.0,1000.0,200.0,0.0,15.234,73.375,71.938,-0.052,74.563,75.0,73.438,76.5,0.0,97.625,72.0,70.0,1000.0,200.0,-0.002,0.0,77.875,77.5,0.008,74.813,75.5,73.625,76.563,0.0,53.938,72.0,70.0,1000.0,200.0,-0.001,0.0,77.063,76.938,0.017,73.5,75.313,73.063,74.938,0.0,44.469,72.0,70.0,1000.0,200.0,0.0,0.0,75.438,75.313,-0.004,0.0,0.0,0.0,0.0,0.0,0.0,0.0,0.0,0.0,0.0,0.0,0.0,0.0,0.0,0.0,0.0,0.017,0.031,0.011,0.035,0.0,0.0,0.0,0.0,0.0,0.0,0.0,0.0,0.0,0.0,0.0,0.0,0.0,0.0,0.0,0.0,0.147,-0.149,-0.148,0.0,0.149,0.001,-0.148,0.001,-0.034,0.01,0.0,0.0,0.035,0.036,-0.011,0.0,0.0,-0.0
9072007,141,0.0,1.0,1.0,1.0,100.0,0.0,0.0,0.0,0.0,0.0,0.0,33.968,36.31,0.012,0.02,0.0,80.0,55.0,1.4,15.445,2.248,0.462,0.148,71.615,71.74,73.548,69.984,68.39,0.0,0.036,0.087,20.0,20.0,76.065,49.769,0.0,73.647,74.461,73.684,77.174,59.223,66.361,63.091,-10.82,54.156,85.75,71.813,71.875,71.25,71.75,0.0,0.0,72.0,70.0,1000.0,200.0,0.0,15.469,73.375,72.063,-0.052,74.563,75.25,73.375,76.5,0.0,97.625,72.0,70.0,1000.0,200.0,-0.002,0.0,77.875,77.5,0.008,74.875,75.5,73.625,76.438,0.0,53.938,72.0,70.0,1000.0,200.0,-0.001,0.0,77.063,76.938,0.017,73.5,75.313,73.188,74.938,0.0,44.469,72.0,70.0,1000.0,200.0,0.0,0.0,75.438,75.125,-0.004,0.0,0.0,0.0,0.0,0.0,0.0,0.0,0.0,0.0,0.0,0.0,0.0,0.0,0.0,0.0,0.0,0.017,0.031,0.011,0.034,0.0,0.0,0.0,0.0,0.0,0.0,0.0,0.0,0.0,0.0,0.0,0.0,0.0,0.0,0.0,0.0,0.147,-0.149,0.0,0.0,0.149,0.001,-0.148,0.001,-0.042,0.011,0.0,0.0,0.034,0.036,-0.01,0.0,0.0,-0.0
9072007,142,0.0,1.0,1.0,1.0,100.0,0.0,0.0,0.0,0.0,0.0,0.0,33.968,35.139,0.012,0.02,0.0,80.0,55.0,1.4,15.117,2.248,2.228,-0.098,71.615,71.634,73.548,69.878,68.497,0.0,0.036,0.087,20.0,20.0,76.289,49.769,0.0,73.54,74.608,73.577,77.248,59.223,66.361,63.091,-10.828,54.156,85.75,71.813,71.875,71.5,71.688,0.0,0.0,72.0,70.0,1000.0,200.0,0.0,15.172,73.25,71.938,-0.052,74.563,75.25,73.438,76.5,0.0,97.625,72.0,70.0,1000.0,200.0,-0.002,0.0,77.875,77.5,0.008,74.875,75.5,73.625,76.563,0.0,53.938,72.0,70.0,1000.0,200.0,-0.001,0.0,77.063,76.938,0.017,73.5,75.438,73.188,74.938,0.0,44.469,72.0,70.0,1000.0,200.0,0.0,0.0,75.438,75.125,-0.004,0.0,0.0,0.0,0.0,0.0,0.0,0.0,0.0,0.0,0.0,0.0,0.0,0.0,0.0,0.0,0.0,0.017,0.031,0.013,0.034,0.0,0.0,0.0,0.0,0.0,0.0,0.0,0.0,0.0,0.0,0.0,0.0,0.0,0.0,0.0,0.0,0.147,-0.149,0.0,0.0,0.149,0.001,0.0,0.001,-0.031,0.011,0.0,0.0,0.034,0.035,-0.01,0.0,0.0,-0.0
9072007,143,0.0,1.0,1.0,1.0,100.0,0.0,0.0,0.0,0.0,0.0,0.0,33.968,35.139,0.012,0.02,0.0,80.0,55.0,1.4,15.117,2.248,2.228,-1.045,71.615,71.846,73.758,70.089,68.497,0.0,0.036,0.087,20.0,20.0,76.149,49.741,0.0,73.54,74.608,73.577,77.248,59.296,66.57,63.091,-10.828,54.125,85.75,71.813,71.875,71.5,71.75,0.0,0.0,72.0,70.0,1000.0,200.0,0.0,15.375,73.25,71.938,-0.052,74.563,75.25,73.438,76.563,0.0,97.625,72.0,70.0,1000.0,200.0,-0.002,0.0,77.875,77.375,0.008,74.875,75.5,73.813,76.438,0.0,53.938,72.0,70.0,1000.0,200.0,-0.001,0.0,77.063,76.938,0.017,73.5,75.438,73.188,74.938,0.0,44.469,72.0,70.0,1000.0,200.0,0.0,0.0,75.438,75.125,-0.004,0.0,0.0,0.0,0.0,0.0,0.0,0.0,0.0,0.0,0.0,0.0,0.0,0.0,0.0,0.0,0.0,0.017,0.031,0.011,0.034,0.0,0.0,0.0,0.0,0.0,0.0,0.0,0.0,0.0,0.0,0.0,0.0,0.0,0.0,0.0,0.0,0.0,-0.149,0.0,0.0,0.001,0.001,-0.148,0.001,-0.031,0.01,0.0,0.0,0.034,0.035,-0.01,0.001,0.0,-0.0
9072007,144,0.0,1.0,1.0,1.0,100.0,0.0,0.0,0.0,0.0,0.0,0.0,33.968,35.139,0.012,0.02,0.0,80.0,55.0,1.4,15.266,2.248,2.228,-1.349,71.508,71.634,73.443,70.089,68.497,0.0,0.04,0.087,20.0,20.0,76.317,49.825,0.0,73.433,74.608,73.684,77.174,59.223,66.466,63.018,-10.82,54.125,85.813,71.813,71.875,71.25,71.75,0.0,0.0,72.0,70.0,1000.0,200.0,0.0,14.992,73.375,71.938,-0.052,74.563,75.25,73.438,76.563,0.0,97.625,72.0,70.0,1000.0,200.0,-0.002,0.0,77.875,77.5,0.008,74.813,75.5,73.625,76.438,0.0,53.938,72.0,70.0,1000.0,200.0,-0.001,0.0,77.063,76.688,0.017,73.5,75.313,73.063,74.938,0.0,44.469,72.0,70.0,1000.0,200.0,0.0,0.0,75.438,75.125,-0.004,0.0,0.0,0.0,0.0,0.0,0.0,0.0,0.0,0.0,0.0,0.0,0.0,0.0,0.0,0.0,0.0,0.017,0.031,0.013,0.035,0.0,0.0,0.0,0.0,0.0,0.0,0.0,0.0,0.0,0.0,0.0,0.0,0.0,0.0,0.0,0.0,0.147,-0.149,-0.148,0.0,0.149,0.001,-0.148,0.001,-0.033,0.01,0.0,0.0,0.034,0.035,-0.011,0.0,0.001,-0.0
9072007,145,0.0,1.0,1.0,1.0,100.0,0.0,0.0,0.0,0.0,0.0,0.0,33.968,35.139,0.012,0.02,0.0,80.0,55.0,1.4,15.023,2.248,2.228,-1.185,71.615,71.634,73.548,69.984,68.39,0.0,0.04,0.087,20.0,20.0,76.177,49.769,0.0,73.54,74.461,73.684,77.174,59.223,66.466,63.018,-10.82,54.094,85.75,71.813,71.625,71.25,71.688,0.0,0.0,72.0,70.0,1000.0,200.0,0.0,14.992,73.25,71.938,-0.052,74.563,75.25,73.438,76.563,0.0,97.625,72.0,70.0,1000.0,200.0,-0.002,0.0,77.875,77.5,0.008,74.813,75.5,73.813,76.438,0.0,53.938,72.0,70.0,1000.0,200.0,-0.001,0.0,77.0,76.938,0.017,73.5,75.438,73.188,74.938,0.0,44.469,72.0,70.0,1000.0,200.0,0.0,0.0,75.438,75.125,-0.004,0.0,0.0,0.0,0.0,0.0,0.0,0.0,0.0,0.0,0.0,0.0,0.0,0.0,0.0,0.0,0.0,0.017,0.031,0.011,0.035,0.0,0.0,0.0,0.0,0.0,0.0,0.0,0.0,0.0,0.0,0.0,0.0,0.0,0.0,0.0,0.0,0.222,-0.149,0.0,0.0,0.001,0.149,-0.148,0.149,-0.042,0.01,0.0,0.0,0.034,0.035,-0.01,0.0,0.0,-0.0
9072007,146,0.0,1.0,1.0,1.0,100.0,0.0,0.0,0.0,0.0,0.0,0.0,35.139,36.31,0.022,0.02,0.0,80.0,55.0,1.4,15.547,2.248,2.228,-0.31,71.615,71.74,73.548,69.984,68.497,0.0,0.036,0.087,20.0,20.0,76.149,49.853,0.0,73.54,74.461,73.684,77.174,59.223,66.466,63.091,-10.82,54.094,85.75,71.813,71.875,71.25,71.75,0.0,0.0,72.0,70.0,1000.0,200.0,0.0,15.109,73.25,71.938,-0.052,74.5,75.25,73.438,76.5,0.0,97.625,72.0,70.0,1000.0,200.0,-0.002,0.0,77.875,77.5,0.008,74.813,75.625,73.625,76.563,0.0,53.938,72.0,70.0,1000.0,200.0,-0.001,0.0,77.063,77.063,0.021,73.5,75.438,73.188,74.938,0.0,44.469,72.0,70.0,1000.0,200.0,0.0,0.0,75.438,75.313,-0.004,0.0,0.0,0.0,0.0,0.0,0.0,0.0,0.0,0.0,0.0,0.0,0.0,0.0,0.0,0.0,0.0,0.017,0.031,0.011,0.035,0.0,0.0,0.0,0.0,0.0,0.0,0.0,0.0,0.0,0.0,0.0,0.0,0.0,0.0,0.0,0.0,0.147,-0.149,0.0,0.0,0.149,0.001,0.0,0.149,-0.077,0.011,0.0,0.0,0.035,0.036,-0.01,0.0,0.0,-0.0
9072007,147,0.0,1.0,1.0,1.0,100.0,0.0,0.0,0.0,0.0,0.0,0.0,35.139,36.31,0.012,0.005,0.0,80.0,55.0,1.4,15.375,2.248,2.228,-0.186,71.508,71.634,73.548,69.878,68.497,0.0,0.036,0.087,20.0,20.0,75.784,49.909,0.0,73.433,74.461,73.577,77.248,59.369,66.466,63.163,-10.82,54.094,85.75,71.813,71.75,71.25,71.75,0.0,0.0,72.0,70.0,1000.0,200.0,0.0,15.648,73.375,71.938,-0.052,74.5,75.25,73.438,76.563,0.0,97.625,72.0,70.0,1000.0,200.0,-0.002,0.0,77.875,77.5,0.008,74.813,75.5,73.625,76.563,0.0,53.938,72.0,70.0,1000.0,200.0,-0.001,0.0,77.0,76.938,0.017,73.5,75.438,73.188,74.938,0.0,44.469,72.0,70.0,1000.0,200.0,0.0,0.0,75.438,75.125,-0.004,0.0,0.0,0.0,0.0,0.0,0.0,0.0,0.0,0.0,0.0,0.0,0.0,0.0,0.0,0.0,0.0,0.017,0.031,0.011,0.034,0.0,0.0,0.0,0.0,0.0,0.0,0.0,0.0,0.0,0.0,0.0,0.0,0.0,0.0,0.0,0.0,0.0,-0.149,-0.148,0.0,0.149,0.001,-0.148,0.149,-0.038,0.003,0.0,0.0,0.035,0.036,-0.011,0.0,0.0,-0.0
9072007,148,0.0,1.0,1.0,1.0,100.0,0.0,0.0,0.0,0.0,0.0,0.0,35.139,36.31,0.012,0.02,0.0,80.0,55.0,1.4,15.375,2.248,2.228,-1.367,71.723,71.634,73.443,69.984,68.604,0.0,0.04,0.087,20.0,20.0,76.121,49.993,0.0,73.647,74.534,73.577,77.174,59.442,66.675,63.236,-10.82,54.063,85.75,71.75,71.75,71.5,71.75,0.0,0.0,72.0,70.0,1000.0,200.0,0.0,15.039,73.375,71.938,-0.052,74.563,75.0,73.438,76.563,0.0,97.625,72.0,70.0,1000.0,200.0,-0.002,0.0,77.875,77.375,0.008,74.813,75.5,73.625,76.563,0.0,53.938,72.0,70.0,1000.0,200.0,-0.001,0.0,77.063,76.938,0.017,73.5,75.313,73.188,74.875,0.0,44.469,72.0,70.0,1000.0,200.0,0.0,0.0,75.438,75.125,-0.004,0.0,0.0,0.0,0.0,0.0,0.0,0.0,0.0,0.0,0.0,0.0,0.0,0.0,0.0,0.0,0.0,0.015,0.031,0.011,0.034,0.0,0.0,0.0,0.0,0.0,0.0,0.0,0.0,0.0,0.0,0.0,0.0,0.0,0.0,0.0,0.0,0.147,-0.149,0.0,0.0,0.001,0.149,0.0,0.149,-0.033,0.01,0.0,0.0,0.035,0.036,-0.011,0.001,0.0,-0.0
9072007,149,0.0,1.0,1.0,1.0,100.0,0.0,0.0,0.0,0.0,0.0,0.0,35.139,35.139,0.022,0.02,0.0,80.0,55.0,1.4,15.141,2.248,2.228,-1.405,71.831,71.634,73.443,69.984,68.604,0.0,0.036,0.083,20.0,20.0,75.84,50.049,0.0,73.755,74.534,73.577,77.248,59.369,66.466,63.163,-10.828,54.031,85.75,71.813,71.75,71.25,71.75,0.0,0.0,72.0,70.0,1000.0,200.0,0.0,15.109,73.375,71.938,-0.052,74.5,75.25,73.438,76.563,0.0,97.625,72.0,70.0,1000.0,200.0,-0.002,0.0,77.875,77.5,0.008,74.813,75.5,73.625,76.563,0.0,53.938,72.0,70.0,1000.0,200.0,-0.001,0.0,77.063,76.938,0.015,73.5,75.438,73.188,74.938,0.0,44.469,72.0,70.0,1000.0,200.0,0.0,0.0,75.438,75.125,-0.004,0.0,0.0,0.0,0.0,0.0,0.0,0.0,0.0,0.0,0.0,0.0,0.0,0.0,0.0,0.0,0.0,0.017,0.031,0.011,0.034,0.0,0.0,0.0,0.0,0.0,0.0,0.0,0.0,0.0,0.0,0.0,0.0,0.0,0.0,0.0,0.0,0.0,-0.149,0.0,0.0,0.149,0.001,0.0,0.001,-0.062,0.011,0.0,0.0,0.035,0.035,-0.011,0.0,0.0,-0.0
9072007,150,0.0,1.0,1.0,1.0,100.0,0.0,0.0,0.0,0.0,0.0,0.0,35.139,35.139,0.012,0.02,0.0,80.0,55.0,1.4,15.242,2.248,2.228,-0.545,71.615,71.634,73.337,70.089,68.497,0.0,0.036,0.083,20.0,20.0,76.233,50.021,0.0,73.54,74.534,73.577,77.174,59.442,66.466,63.236,-10.82,54.031,85.813,71.813,71.75,71.25,71.688,0.0,0.0,72.0,70.0,1000.0,200.0,0.0,15.219,73.375,71.938,-0.052,74.5,75.25,73.438,76.563,0.0,97.625,72.0,70.0,1000.0,200.0,-0.002,0.0,77.688,77.375,0.008,74.813,75.5,73.625,76.438,0.0,53.938,72.0,70.0,1000.0,200.0,-0.001,0.0,77.063,76.938,0.017,73.25,75.438,73.188,74.938,0.0,44.469,72.0,70.0,1000.0,200.0,0.0,0.0,75.438,75.125,-0.004,0.0,0.0,0.0,0.0,0.0,0.0,0.0,0.0,0.0,0.0,0.0,0.0,0.0,0.0,0.0,0.0,0.017,0.031,0.011,0.034,0.0,0.0,0.0,0.0,0.0,0.0,0.0,0.0,0.0,0.0,0.0,0.0,0.0,0.0,0.0,0.0,0.0,-0.149,-0.148,0.0,0.001,0.149,-0.148,0.149,-0.033,0.011,0.0,0.0,0.035,0.035,-0.011,0.0,0.0,-0.0
9072007,151,0.0,1.0,1.0,1.0,100.0,0.0,0.0,0.0,0.0,0.0,0.0,35.139,35.139,0.012,0.02,0.0,80.0,55.0,1.4,15.008,2.248,2.228,-1.131,71.508,71.634,73.443,69.984,68.497,0.0,0.036,0.083,20.0,20.0,76.261,50.049,0.0,73.54,74.534,73.577,77.174,59.442,66.466,63.236,-10.82,54.0,85.75,71.938,71.875,71.25,71.75,0.0,0.0,72.0,70.0,1000.0,200.0,0.0,15.289,73.375,72.063,-0.052,74.563,75.25,73.438,76.563,0.0,97.625,72.0,70.0,1000.0,200.0,-0.002,0.0,77.875,77.375,0.008,74.813,75.625,73.813,76.438,0.0,53.938,72.0,70.0,1000.0,200.0,-0.001,0.0,77.063,76.938,0.017,73.5,75.438,73.188,74.875,0.0,44.469,72.0,70.0,1000.0,200.0,0.0,0.0,75.438,75.125,-0.004,0.0,0.0,0.0,0.0,0.0,0.0,0.0,0.0,0.0,0.0,0.0,0.0,0.0,0.0,0.0,0.0,0.017,0.031,0.011,0.034,0.0,0.0,0.0,0.0,0.0,0.0,0.0,0.0,0.0,0.0,0.0,0.0,0.0,0.0,0.0,0.0,0.147,-0.149,0.0,0.0,0.001,0.149,-0.148,0.149,-0.033,0.011,0.0,0.0,0.035,0.035,-0.01,0.001,0.0,-0.0
9072007,152,0.0,1.0,1.0,1.0,100.0,0.0,0.0,0.0,0.0,0.0,0.0,35.139,35.139,0.012,0.02,0.0,80.0,55.0,1.4,15.359,2.248,2.228,0.336,71.508,71.634,73.337,69.984,68.39,0.0,0.036,0.087,20.0,20.0,76.205,50.049,0.0,73.433,74.534,73.577,77.174,59.442,66.57,63.163,-10.82,54.0,85.75,71.813,71.75,71.25,71.688,0.0,0.0,72.0,70.0,1000.0,200.0,0.0,15.367,73.25,71.938,-0.052,74.563,75.0,73.438,76.5,0.0,97.625,72.0,70.0,1000.0,200.0,-0.002,0.0,77.875,77.375,0.008,74.813,75.5,73.813,76.438,0.0,53.938,72.0,70.0,1000.0,200.0,-0.001,0.0,77.063,76.938,0.017,73.5,75.438,73.188,74.875,0.0,44.469,72.0,70.0,1000.0,200.0,0.0,0.0,75.438,75.125,-0.004,0.0,0.0,0.0,0.0,0.0,0.0,0.0,0.0,0.0,0.0,0.0,0.0,0.0,0.0,0.0,0.0,0.017,0.031,0.011,0.034,0.0,0.0,0.0,0.0,0.0,0.0,0.0,0.0,0.0,0.0,0.0,0.0,0.0,0.0,0.0,0.0,0.147,-0.149,0.0,0.0,0.149,0.001,-0.148,0.149,-0.033,0.01,0.0,0.0,0.035,0.035,-0.01,0.001,0.0,-0.0
9072007,153,0.0,1.0,1.0,1.0,100.0,0.0,0.0,0.0,0.0,0.0,0.0,35.139,36.31,0.012,0.02,0.0,80.0,55.0,1.4,15.211,2.248,2.228,-0.718,71.615,71.634,73.337,70.195,68.497,0.0,0.036,0.087,20.0,20.0,75.98,50.077,0.0,73.54,74.534,73.684,77.174,59.589,66.779,63.309,-10.82,53.969,85.813,71.813,71.875,71.25,71.75,0.0,0.0,72.0,70.0,1000.0,200.0,0.0,15.195,73.375,71.938,-0.052,74.5,75.25,73.438,76.5,0.0,97.625,72.0,70.0,1000.0,200.0,-0.002,0.0,77.875,77.5,0.008,74.875,75.625,73.938,76.438,0.0,53.938,72.0,70.0,1000.0,200.0,-0.001,0.0,77.063,76.688,0.017,73.5,75.438,73.188,74.938,0.0,44.469,72.0,70.0,1000.0,200.0,0.0,0.0,75.438,75.125,-0.004,0.0,0.0,0.0,0.0,0.0,0.0,0.0,0.0,0.0,0.0,0.0,0.0,0.0,0.0,0.0,0.0,0.017,0.031,0.011,0.035,0.0,0.0,0.0,0.0,0.0,0.0,0.0,0.0,0.0,0.0,0.0,0.0,0.0,0.0,0.0,0.0,0.147,-0.149,-0.148,0.0,0.001,0.149,-0.148,0.001,-0.037,0.01,0.0,0.0,0.035,0.036,-0.011,0.0,0.001,-0.0
9072007,154,0.0,1.0,1.0,1.0,100.0,0.0,0.0,0.0,0.0,0.0,0.0,33.968,35.139,0.012,0.02,0.0,80.0,55.0,1.4,15.211,2.248,2.228,-0.6,71.615,71.74,73.337,69.984,68.39,0.0,0.036,0.087,20.0,20.0,76.401,50.077,0.0,73.433,74.461,73.577,77.174,59.589,66.779,63.382,-10.828,53.969,85.813,71.938,71.75,71.25,71.75,0.0,0.0,72.0,70.0,1000.0,200.0,0.0,15.414,73.375,71.938,-0.052,74.5,75.25,73.375,76.563,0.0,97.625,72.0,70.0,1000.0,200.0,-0.002,0.0,77.875,77.375,0.008,74.813,75.625,73.625,76.563,0.0,53.938,72.0,70.0,1000.0,200.0,-0.001,0.0,77.063,76.938,0.017,73.5,75.438,73.063,74.875,0.0,44.469,72.0,70.0,1000.0,200.0,0.0,0.0,75.438,75.125,-0.004,0.0,0.0,0.0,0.0,0.0,0.0,0.0,0.0,0.0,0.0,0.0,0.0,0.0,0.0,0.0,0.0,0.017,0.031,0.011,0.034,0.0,0.0,0.0,0.0,0.0,0.0,0.0,0.0,0.0,0.0,0.0,0.0,0.0,0.0,0.0,0.0,0.0,-0.149,-0.148,0.0,0.001,0.149,-0.148,0.149,-0.037,0.011,0.0,0.0,0.034,0.035,-0.011,0.001,0.0,-0.0
9072007,155,0.0,1.0,1.0,1.0,100.0,0.0,0.0,0.0,0.0,0.0,0.0,33.968,36.31,0.012,0.02,0.0,80.0,55.0,1.4,15.547,2.248,2.228,-1.046,71.615,71.74,73.337,69.984,68.497,0.0,0.036,0.087,20.0,20.0,76.429,50.161,0.0,73.433,74.534,73.577,77.248,59.662,66.779,63.382,-10.82,53.938,85.75,71.938,71.875,71.25,71.75,0.0,0.0,72.0,70.0,1000.0,200.0,0.0,15.297,73.375,72.063,-0.052,74.5,75.25,73.438,76.5,0.0,97.625,72.0,70.0,1000.0,200.0,-0.002,0.0,77.875,77.5,0.008,74.813,75.5,73.813,76.438,0.0,53.938,72.0,70.0,1000.0,200.0,-0.001,0.0,77.063,76.938,0.017,73.5,75.438,73.188,74.938,0.0,44.469,72.0,70.0,1000.0,200.0,0.0,0.0,75.438,75.125,-0.004,0.0,0.0,0.0,0.0,0.0,0.0,0.0,0.0,0.0,0.0,0.0,0.0,0.0,0.0,0.0,0.0,0.017,0.031,0.011,0.035,0.0,0.0,0.0,0.0,0.0,0.0,0.0,0.0,0.0,0.0,0.0,0.0,0.0,0.0,0.0,0.0,0.0,-0.149,-0.148,0.147,0.001,0.001,-0.148,0.001,-0.034,0.01,0.0,0.0,0.034,0.036,-0.01,0.0,0.0,-0.0
9072007,156,0.0,1.0,1.0,1.0,100.0,0.0,0.0,0.0,0.0,0.0,0.0,35.139,36.31,0.022,0.02,0.0,80.0,55.0,1.4,15.453,2.248,2.228,-1.223,71.615,71.74,73.337,69.984,68.497,0.0,0.036,0.087,20.0,20.0,76.625,50.133,0.0,73.54,74.387,73.577,77.1,59.662,66.779,63.382,-10.828,53.938,85.813,71.75,71.75,71.25,71.688,0.0,0.0,72.0,70.0,1000.0,200.0,0.0,15.344,73.25,71.938,-0.052,74.563,75.25,73.438,76.5,0.0,97.625,72.0,70.0,1000.0,200.0,-0.002,0.0,77.875,77.375,0.008,74.813,75.5,73.625,76.438,0.0,53.938,72.0,70.0,1000.0,200.0,-0.001,0.0,77.063,76.938,0.017,73.5,75.438,73.188,74.938,0.0,44.469,72.0,70.0,1000.0,200.0,0.0,0.0,75.438,75.125,-0.004,0.0,0.0,0.0,0.0,0.0,0.0,0.0,0.0,0.0,0.0,0.0,0.0,0.0,0.0,0.0,0.0,0.017,0.032,0.011,0.035,0.0,0.0,0.0,0.0,0.0,0.0,0.0,0.0,0.0,0.0,0.0,0.0,0.0,0.0,0.0,0.0,0.147,-0.149,0.0,0.0,0.149,0.001,0.0,0.001,-0.074,0.01,0.0,0.0,0.035,0.036,-0.01,0.001,0.0,-0.0
9072007,157,0.0,1.0,1.0,1.0,100.0,0.0,0.0,0.0,0.0,0.0,0.0,33.968,36.31,0.012,0.02,0.0,80.0,55.0,1.4,15.211,2.248,2.228,-0.321,71.615,71.634,73.232,69.984,68.497,0.0,0.036,0.083,20.0,20.0,76.71,50.161,0.0,73.433,74.534,73.471,77.174,59.662,66.884,63.382,-10.82,53.938,85.813,71.813,71.75,71.25,71.75,0.0,0.0,72.0,70.0,1000.0,200.0,0.0,15.078,73.375,71.938,-0.052,74.5,75.0,73.438,76.5,0.0,97.625,72.0,70.0,1000.0,200.0,-0.002,0.0,77.688,77.5,0.008,74.813,75.5,73.813,76.438,0.0,53.938,72.0,70.0,1000.0,200.0,-0.001,0.0,77.063,76.938,0.017,73.5,75.438,73.188,74.938,0.0,44.469,72.0,70.0,1000.0,200.0,0.0,0.0,75.438,75.125,-0.004,0.0,0.0,0.0,0.0,0.0,0.0,0.0,0.0,0.0,0.0,0.0,0.0,0.0,0.0,0.0,0.0,0.017,0.031,0.011,0.034,0.0,0.0,0.0,0.0,0.0,0.0,0.0,0.0,0.0,0.0,0.0,0.0,0.0,0.0,0.0,0.0,0.147,-0.149,0.0,0.0,0.149,0.001,0.0,0.001,-0.03,0.01,0.0,0.0,0.034,0.036,-0.011,0.0,0.0,-0.0
9072007,158,0.0,1.0,1.0,1.0,100.0,0.0,0.0,0.0,0.0,0.0,0.0,35.139,36.31,0.012,0.02,0.0,80.0,55.0,1.4,15.211,2.248,2.228,0.327,71.615,71.74,73.232,69.984,68.39,0.0,0.04,0.087,20.0,20.0,76.654,50.161,0.0,73.433,74.534,73.684,77.174,59.662,66.779,63.382,-10.82,53.938,85.75,71.813,71.75,71.5,71.75,0.0,0.0,72.0,70.0,1000.0,200.0,0.0,15.18,73.375,72.063,-0.052,74.5,75.25,73.438,76.563,0.0,97.625,72.0,70.0,1000.0,200.0,-0.002,0.0,77.875,77.5,0.009,74.813,75.5,73.625,76.438,0.0,53.938,72.0,70.0,1000.0,200.0,-0.001,0.0,77.063,76.938,0.017,73.5,75.313,73.188,74.875,0.0,44.469,72.0,70.0,1000.0,200.0,0.0,0.0,75.438,75.313,-0.004,0.0,0.0,0.0,0.0,0.0,0.0,0.0,0.0,0.0,0.0,0.0,0.0,0.0,0.0,0.0,0.0,0.017,0.031,0.011,0.034,0.0,0.0,0.0,0.0,0.0,0.0,0.0,0.0,0.0,0.0,0.0,0.0,0.0,0.0,0.0,0.0,0.147,-0.149,0.0,0.0,0.149,0.149,-0.148,0.224,-0.037,0.01,0.0,0.0,0.035,0.036,-0.01,0.0,0.0,-0.0
9072007,159,0.0,1.0,1.0,1.0,100.0,0.0,0.0,0.0,0.0,0.0,0.0,33.968,36.31,0.012,0.02,0.0,80.0,55.0,1.4,15.375,2.248,3.993,-0.522,71.615,71.74,73.337,69.984,68.711,0.0,0.036,0.083,20.0,20.0,77.046,50.133,0.0,73.54,74.461,73.684,77.174,59.735,66.779,63.382,-10.82,53.938,85.813,71.813,71.75,71.25,71.688,0.0,0.0,72.0,70.0,1000.0,200.0,0.0,15.203,73.375,71.938,-0.052,74.5,75.25,73.438,76.563,0.0,97.625,72.0,70.0,1000.0,200.0,-0.002,0.0,77.875,77.375,0.009,74.813,75.5,73.813,76.438,0.0,53.938,72.0,70.0,1000.0,200.0,-0.001,0.0,77.063,76.938,0.02,73.5,75.438,73.188,74.875,0.0,44.469,72.0,70.0,1000.0,200.0,0.0,0.0,75.438,75.125,-0.004,0.0,0.0,0.0,0.0,0.0,0.0,0.0,0.0,0.0,0.0,0.0,0.0,0.0,0.0,0.0,0.0,0.017,0.031,0.011,0.034,0.0,0.0,0.0,0.0,0.0,0.0,0.0,0.0,0.0,0.0,0.0,0.0,0.0,0.0,0.0,0.0,0.0,-0.149,-0.148,0.0,0.149,0.001,-0.148,0.001,-0.042,0.01,0.0,0.0,0.034,0.036,-0.011,0.001,0.0,-0.0
9072007,200,0.0,1.0,1.0,1.0,100.0,0.0,0.0,0.0,0.0,0.0,0.0,35.139,36.31,0.012,0.02,0.0,80.0,55.0,1.4,15.102,2.248,2.228,-1.161,71.615,71.74,73.337,69.984,68.497,0.0,0.036,0.087,20.0,20.0,76.794,50.161,0.0,73.433,74.534,73.577,77.174,59.735,66.57,63.382,-10.82,53.906,85.813,71.813,71.75,71.5,71.75,0.0,0.0,72.0,70.0,1000.0,200.0,0.0,15.047,73.375,71.938,-0.052,74.5,75.25,73.438,76.5,0.0,97.625,72.0,70.0,1000.0,200.0,-0.002,0.0,77.875,77.375,0.009,74.813,75.5,73.625,76.438,0.0,53.938,72.0,70.0,1000.0,200.0,-0.001,0.0,77.063,76.688,0.017,73.5,75.625,73.188,74.875,0.0,44.469,72.0,70.0,1000.0,200.0,0.0,0.0,75.313,75.313,-0.004,0.0,0.0,0.0,0.0,0.0,0.0,0.0,0.0,0.0,0.0,0.0,0.0,0.0,0.0,0.0,0.0,0.017,0.031,0.011,0.034,0.0,0.0,0.0,0.0,0.0,0.0,0.0,0.0,0.0,0.0,0.0,0.0,0.0,0.0,0.0,0.0,0.147,-0.149,0.0,0.0,0.149,0.001,0.0,0.001,-0.033,0.011,0.0,0.0,0.035,0.036,-0.011,0.001,0.001,0.0
9072007,201,0.0,1.0,1.0,1.0,100.0,0.0,0.0,0.0,0.0,0.0,0.0,33.968,36.31,0.022,0.02,0.0,80.0,55.0,1.4,14.953,2.248,3.993,-1.069,71.831,71.74,73.337,70.089,68.604,0.0,0.036,0.087,20.0,20.0,76.457,50.161,0.0,73.755,74.461,73.471,77.174,59.809,66.884,63.455,-10.82,53.875,85.75,71.938,71.75,71.5,71.688,0.0,0.0,72.0,70.0,1000.0,200.0,0.0,14.93,73.375,71.938,-0.052,74.5,75.25,73.438,76.5,0.0,97.625,72.0,70.0,1000.0,200.0,-0.002,0.0,77.688,77.5,0.009,74.813,75.5,73.625,76.438,0.0,53.938,72.0,70.0,1000.0,200.0,-0.001,0.0,77.063,76.938,0.017,73.5,75.438,73.188,74.938,0.0,44.469,72.0,70.0,1000.0,200.0,0.0,0.0,75.438,75.313,-0.004,0.0,0.0,0.0,0.0,0.0,0.0,0.0,0.0,0.0,0.0,0.0,0.0,0.0,0.0,0.0,0.0,0.017,0.031,0.011,0.034,0.0,0.0,0.0,0.0,0.0,0.0,0.0,0.0,0.0,0.0,0.0,0.0,0.0,0.0,0.0,0.0,0.147,-0.149,0.0,0.0,0.149,0.001,-0.148,0.001,-0.06,0.01,0.0,0.0,0.034,0.036,-0.011,0.0,0.0,-0.0
9072007,202,0.0,1.0,1.0,1.0,100.0,0.0,0.0,0.0,0.0,0.0,0.0,33.968,36.31,0.012,0.02,0.0,80.0,55.0,1.4,15.188,2.248,2.228,0.34,71.615,71.74,73.443,69.984,68.711,0.0,0.04,0.087,20.0,20.0,76.654,50.021,0.0,73.54,74.534,73.684,77.174,59.809,66.884,63.455,-10.82,53.875,85.813,71.813,71.75,71.5,71.688,0.0,0.0,72.0,70.0,1000.0,200.0,0.0,15.266,73.25,71.938,-0.052,74.5,75.25,73.438,76.5,0.0,97.625,72.0,70.0,1000.0,200.0,-0.002,0.0,77.688,77.375,0.009,74.813,75.5,73.813,76.438,0.0,53.938,72.0,70.0,1000.0,200.0,-0.001,0.0,77.063,76.688,0.017,73.25,75.438,73.188,74.938,0.0,44.469,72.0,70.0,1000.0,200.0,0.0,0.0,75.438,75.125,-0.004,0.0,0.0,0.0,0.0,0.0,0.0,0.0,0.0,0.0,0.0,0.0,0.0,0.0,0.0,0.0,0.0,0.015,0.031,0.011,0.035,0.0,0.0,0.0,0.0,0.0,0.0,0.0,0.0,0.0,0.0,0.0,0.0,0.0,0.0,0.0,0.0,0.147,-0.149,0.0,0.0,0.001,0.149,-0.148,0.149,-0.037,0.01,0.0,0.0,0.034,0.036,-0.01,0.0,0.001,-0.0
9072007,203,0.0,1.0,1.0,1.0,100.0,0.0,0.0,0.0,0.0,0.0,0.0,33.968,36.31,0.012,0.02,0.0,80.0,55.0,1.4,15.313,2.248,3.993,0.329,71.615,71.74,73.443,69.984,68.39,0.0,0.036,0.083,20.0,20.0,76.373,50.105,0.0,73.433,74.534,73.471,77.174,59.809,66.779,63.528,-10.82,53.875,85.813,71.813,71.75,71.5,71.75,0.0,0.0,72.0,70.0,1000.0,200.0,0.0,15.117,73.375,71.938,-0.052,74.5,75.25,73.438,76.5,0.0,97.625,72.0,70.0,1000.0,200.0,-0.002,0.0,77.875,77.375,0.009,74.625,75.5,73.813,76.438,0.0,53.938,72.0,70.0,1000.0,200.0,-0.001,0.0,77.063,77.063,0.017,73.25,75.438,73.188,74.938,0.0,44.469,72.0,70.0,1000.0,200.0,0.0,0.0,75.438,75.125,-0.004,0.0,0.0,0.0,0.0,0.0,0.0,0.0,0.0,0.0,0.0,0.0,0.0,0.0,0.0,0.0,0.0,0.017,0.031,0.011,0.034,0.0,0.0,0.0,0.0,0.0,0.0,0.0,0.0,0.0,0.0,0.0,0.0,0.0,0.0,0.0,0.0,0.147,-0.149,0.0,0.0,0.149,0.001,0.0,0.001,-0.03,0.011,0.0,0.0,0.034,0.036,-0.011,0.001,0.0,-0.0
9072007,204,0.0,1.0,1.0,1.0,100.0,0.0,0.0,0.0,0.0,0.0,0.0,33.968,36.31,0.012,0.02,0.0,80.0,55.0,1.4,15.102,2.248,2.228,-0.52,71.615,71.74,73.548,70.089,68.497,0.0,0.04,0.087,20.0,20.0,76.149,49.993,0.0,73.54,74.534,73.471,77.174,59.809,66.779,63.528,-10.82,53.844,85.813,71.813,71.875,71.5,71.75,0.0,0.0,72.0,70.0,1000.0,200.0,0.0,15.281,73.375,72.063,-0.052,74.5,75.25,73.438,76.5,0.0,97.625,72.0,70.0,1000.0,200.0,-0.002,0.0,77.875,77.5,0.009,74.813,75.438,73.813,76.438,0.0,53.938,72.0,70.0,1000.0,200.0,-0.001,0.0,77.063,76.938,0.017,73.25,75.438,73.188,74.938,0.0,44.469,72.0,70.0,1000.0,200.0,0.0,0.0,75.438,75.125,-0.004,0.0,0.0,0.0,0.0,0.0,0.0,0.0,0.0,0.0,0.0,0.0,0.0,0.0,0.0,0.0,0.0,0.017,0.031,0.011,0.034,0.0,0.0,0.0,0.0,0.0,0.0,0.0,0.0,0.0,0.0,0.0,0.0,0.0,0.0,0.0,0.0,0.0,-0.149,-0.148,0.0,0.001,0.001,-0.148,0.149,-0.03,0.011,0.0,0.0,0.034,0.036,-0.01,0.0,0.0,-0.0
9072007,205,0.0,1.0,1.0,1.0,100.0,0.0,0.0,0.0,0.0,0.0,0.0,35.139,35.139,0.012,0.005,0.0,80.0,55.0,1.4,14.984,2.248,3.993,-0.416,71.615,71.74,73.548,69.984,68.497,0.0,0.036,0.087,20.0,20.0,76.541,49.965,0.0,73.54,74.461,73.471,77.174,59.882,66.988,63.6,-10.828,53.875,85.813,71.813,71.75,71.25,71.688,0.0,0.0,72.0,70.0,1000.0,200.0,0.0,15.094,73.375,71.938,-0.052,74.5,75.25,73.438,76.5,0.0,97.625,72.0,70.0,1000.0,200.0,-0.002,0.0,77.688,77.375,0.009,74.813,75.5,73.813,76.563,0.0,53.938,72.0,70.0,1000.0,200.0,-0.001,0.0,77.063,76.688,0.017,73.5,75.313,73.188,74.938,0.0,44.469,72.0,70.0,1000.0,200.0,0.0,0.0,75.438,75.125,-0.004,0.0,0.0,0.0,0.0,0.0,0.0,0.0,0.0,0.0,0.0,0.0,0.0,0.0,0.0,0.0,0.0,0.017,0.031,0.011,0.035,0.0,0.0,0.0,0.0,0.0,0.0,0.0,0.0,0.0,0.0,0.0,0.0,0.0,0.0,0.0,0.0,0.147,-0.223,0.0,0.0,0.149,0.001,-0.148,0.001,-0.033,0.003,0.0,0.0,0.035,0.035,-0.011,0.0,0.001,-0.0
9072007,206,0.0,1.0,1.0,1.0,100.0,0.0,0.0,0.0,0.0,0.0,0.0,35.139,36.31,0.012,0.02,0.0,80.0,55.0,1.4,15.164,2.248,2.228,-1.361,71.615,71.74,73.548,69.984,68.497,0.0,0.036,0.087,20.0,20.0,76.541,49.965,0.0,73.54,74.461,73.577,77.174,59.882,66.884,63.528,-10.82,53.844,85.75,71.938,71.875,71.5,71.75,0.0,0.0,72.0,70.0,1000.0,200.0,0.0,14.914,73.375,71.938,-0.052,74.5,75.25,73.438,76.5,0.0,97.625,72.0,70.0,1000.0,200.0,-0.002,0.0,77.875,77.375,0.009,74.813,75.5,73.813,76.563,0.0,53.938,72.0,70.0,1000.0,200.0,-0.001,0.0,77.0,76.938,0.017,73.5,75.313,73.188,74.938,0.0,44.469,72.0,70.0,1000.0,200.0,0.0,0.0,75.438,75.125,-0.004,0.0,0.0,0.0,0.0,0.0,0.0,0.0,0.0,0.0,0.0,0.0,0.0,0.0,0.0,0.0,0.0,0.017,0.031,0.011,0.034,0.0,0.0,0.0,0.0,0.0,0.0,0.0,0.0,0.0,0.0,0.0,0.0,0.0,0.0,0.0,0.0,0.147,-0.149,0.0,0.0,0.149,0.001,0.0,0.001,-0.037,0.01,0.0,0.0,0.035,0.036,-0.011,0.001,0.0,-0.0
9072007,207,0.0,1.0,1.0,1.0,100.0,0.0,0.0,0.0,0.0,0.0,0.0,35.139,36.31,0.012,0.02,0.0,80.0,55.0,1.4,15.164,2.248,3.993,0.06,71.615,71.74,73.653,69.984,68.497,0.0,0.036,0.087,20.0,20.0,76.345,49.937,0.0,73.433,74.461,73.577,77.174,59.882,66.988,63.6,-10.82,53.875,85.75,72.0,71.75,71.25,71.75,0.0,0.0,72.0,70.0,1000.0,200.0,0.0,15.094,73.375,72.063,-0.052,74.5,75.25,73.563,76.5,0.0,97.625,72.0,70.0,1000.0,200.0,-0.002,0.0,77.938,77.313,0.009,74.813,75.625,73.813,76.438,0.0,53.938,72.0,70.0,1000.0,200.0,-0.001,0.0,77.063,76.688,0.017,73.25,75.438,73.188,74.938,0.0,44.469,72.0,70.0,1000.0,200.0,0.0,0.0,75.438,75.125,-0.004,0.0,0.0,0.0,0.0,0.0,0.0,0.0,0.0,0.0,0.0,0.0,0.0,0.0,0.0,0.0,0.0,0.017,0.031,0.011,0.034,0.0,0.0,0.0,0.0,0.0,0.0,0.0,0.0,0.0,0.0,0.0,0.0,0.0,0.0,0.0,0.0,0.147,-0.149,0.0,0.0,0.149,0.001,0.0,0.001,-0.037,0.01,0.0,0.0,0.035,0.036,-0.01,0.001,0.001,-0.0
9072007,208,0.0,1.0,1.0,1.0,100.0,0.0,0.0,0.0,0.0,0.0,0.0,35.139,35.139,0.012,0.02,0.0,80.0,55.0,1.4,15.094,2.248,3.993,-1.266,71.615,71.634,73.653,70.089,68.497,0.0,0.036,0.087,20.0,20.0,76.485,49.853,0.0,73.433,74.461,73.471,77.1,59.955,66.884,63.6,-10.82,53.844,85.75,71.813,71.875,71.25,71.688,0.0,0.0,72.0,70.0,1000.0,200.0,0.0,15.211,73.375,71.938,-0.052,74.563,75.25,73.438,76.5,0.0,97.625,72.0,70.0,1000.0,200.0,-0.002,0.0,77.875,77.5,0.009,74.813,75.5,73.625,76.438,0.0,53.938,72.0,70.0,1000.0,200.0,-0.001,0.0,77.063,76.688,0.017,73.5,75.313,73.188,74.875,0.0,44.469,72.0,70.0,1000.0,200.0,0.0,0.0,75.438,75.125,-0.004,0.0,0.0,0.0,0.0,0.0,0.0,0.0,0.0,0.0,0.0,0.0,0.0,0.0,0.0,0.0,0.0,0.017,0.031,0.011,0.034,0.0,0.0,0.0,0.0,0.0,0.0,0.0,0.0,0.0,0.0,0.0,0.0,0.0,0.0,0.0,0.0,0.147,-0.001,0.0,0.0,0.001,0.149,-0.148,0.149,-0.032,0.011,0.0,0.0,0.035,0.035,-0.011,0.0,0.001,-0.0
9072007,209,0.0,1.0,1.0,1.0,100.0,0.0,0.0,0.0,0.0,0.0,0.0,35.139,36.31,0.022,0.02,0.0,80.0,55.0,1.4,15.141,2.248,3.993,-1.438,71.615,71.74,73.548,69.984,68.497,0.0,0.036,0.083,20.0,20.0,76.233,49.825,0.0,73.433,74.387,73.577,77.174,59.955,66.884,63.673,-10.82,53.813,85.75,71.938,71.75,71.5,71.75,0.0,0.0,72.0,70.0,1000.0,200.0,0.0,15.195,73.375,71.938,-0.052,74.5,75.313,73.438,76.5,0.0,97.625,72.0,70.0,1000.0,200.0,-0.002,0.0,77.875,77.375,0.009,74.813,75.5,73.813,76.438,0.0,53.938,72.0,70.0,1000.0,200.0,-0.001,0.0,77.063,76.938,0.017,73.5,75.438,73.188,74.938,0.0,44.469,72.0,70.0,1000.0,200.0,0.0,0.0,75.438,75.125,-0.004,0.0,0.0,0.0,0.0,0.0,0.0,0.0,0.0,0.0,0.0,0.0,0.0,0.0,0.0,0.0,0.0,0.017,0.032,0.011,0.034,0.0,0.0,0.0,0.0,0.0,0.0,0.0,0.0,0.0,0.0,0.0,0.0,0.0,0.0,0.0,0.0,0.147,-0.149,0.0,0.147,0.149,0.001,0.0,0.149,-0.076,0.011,0.0,0.0,0.035,0.036,-0.011,0.001,0.0,-0.0
9072007,210,0.0,1.0,1.0,1.0,100.0,0.0,0.0,0.0,0.0,0.0,0.0,35.139,36.31,0.012,0.02,0.0,80.0,55.0,1.4,15.406,2.248,3.993,0.179,71.723,71.846,73.863,70.195,68.497,0.0,0.04,0.087,20.0,20.0,76.569,49.797,0.0,73.54,74.461,73.577,77.1,60.028,66.884,63.6,-10.82,53.813,85.75,71.938,71.75,71.25,71.75,0.0,0.0,72.0,70.0,1000.0,200.0,0.0,15.242,73.375,71.938,-0.052,74.5,75.25,73.438,76.5,0.0,97.625,72.0,70.0,1000.0,200.0,-0.002,0.0,77.688,77.375,0.009,74.813,75.5,73.813,76.438,0.0,53.938,72.0,70.0,1000.0,200.0,-0.001,0.0,77.063,76.688,0.017,73.5,75.438,73.063,74.938,0.0,44.469,72.0,70.0,1000.0,200.0,0.0,0.0,75.438,75.125,-0.004,0.0,0.0,0.0,0.0,0.0,0.0,0.0,0.0,0.0,0.0,0.0,0.0,0.0,0.0,0.0,0.0,0.017,0.031,0.011,0.034,0.0,0.0,0.0,0.0,0.0,0.0,0.0,0.0,0.0,0.0,0.0,0.0,0.0,0.0,0.0,0.0,0.147,-0.223,0.0,0.0,0.149,0.001,-0.148,0.001,-0.036,0.01,0.0,0.0,0.035,0.036,-0.011,0.0,0.001,-0.0
9072007,211,0.0,1.0,1.0,1.0,100.0,0.0,0.0,0.0,0.0,0.0,0.0,35.139,36.31,0.012,0.02,0.0,80.0,55.0,1.4,15.117,2.248,2.228,1.215,71.615,71.74,73.653,69.984,68.497,0.0,0.036,0.083,20.0,20.0,76.261,49.769,0.0,73.647,74.461,73.471,77.174,60.102,66.988,63.673,-10.82,53.813,85.75,71.813,71.875,71.25,71.75,0.0,0.0,72.0,70.0,1000.0,200.0,0.0,15.109,73.375,71.938,-0.052,74.5,75.25,73.438,76.5,0.0,97.625,72.0,70.0,1000.0,200.0,-0.002,0.0,77.688,77.375,0.009,74.625,75.5,73.625,76.438,0.0,53.938,72.0,70.0,1000.0,200.0,-0.001,0.0,77.188,76.938,0.017,73.25,75.438,73.188,74.938,0.0,44.469,72.0,70.0,1000.0,200.0,0.0,0.0,75.438,75.125,-0.004,0.0,0.0,0.0,0.0,0.0,0.0,0.0,0.0,0.0,0.0,0.0,0.0,0.0,0.0,0.0,0.0,0.017,0.031,0.011,0.034,0.0,0.0,0.0,0.0,0.0,0.0,0.0,0.0,0.0,0.0,0.0,0.0,0.0,0.0,0.0,0.0,0.147,-0.149,-0.148,0.0,0.001,0.149,-0.148,0.149,-0.033,0.01,0.0,0.0,0.035,0.036,-0.011,0.0,0.001,-0.0
9072007,212,0.0,1.0,1.0,1.0,100.0,0.0,0.0,0.0,0.0,0.0,0.0,35.139,36.31,0.012,0.02,0.0,80.0,55.0,1.4,15.438,2.248,2.228,-0.82,71.831,71.74,73.653,70.089,68.604,0.0,0.036,0.087,20.0,20.0,76.205,49.769,0.0,73.755,74.387,73.577,77.174,60.102,66.988,63.673,-10.82,53.813,85.75,71.938,71.875,71.25,71.75,0.0,0.0,72.0,70.0,1000.0,200.0,0.0,15.297,73.375,72.063,-0.052,74.5,75.313,73.375,76.563,0.0,97.625,72.0,70.0,1000.0,200.0,-0.002,0.0,77.688,77.5,0.009,74.813,75.5,73.813,76.438,0.0,53.938,72.0,70.0,1000.0,200.0,-0.001,0.0,77.063,76.938,0.017,73.25,75.438,73.188,74.938,0.0,44.469,72.0,70.0,1000.0,200.0,0.0,0.0,75.438,75.125,-0.004,0.0,0.0,0.0,0.0,0.0,0.0,0.0,0.0,0.0,0.0,0.0,0.0,0.0,0.0,0.0,0.0,0.017,0.031,0.011,0.034,0.0,0.0,0.0,0.0,0.0,0.0,0.0,0.0,0.0,0.0,0.0,0.0,0.0,0.0,0.0,0.0,0.0,-0.149,-0.148,0.0,0.149,0.001,-0.148,0.149,-0.041,0.01,0.0,0.0,0.035,0.036,-0.01,0.0,0.0,-0.0
9072007,213,0.0,1.0,1.0,1.0,100.0,0.0,0.0,0.0,0.0,0.0,0.0,35.139,36.31,0.012,0.02,0.0,80.0,55.0,1.4,15.438,2.248,2.228,-1.437,71.615,71.74,73.443,69.984,68.497,0.0,0.036,0.087,20.0,20.0,76.345,49.741,0.0,73.433,74.387,73.471,77.174,60.102,66.988,63.673,-10.82,53.813,85.75,71.813,71.875,71.5,71.75,0.0,0.0,72.0,70.0,1000.0,200.0,0.0,15.211,73.375,71.938,-0.052,74.5,75.25,73.438,76.5,0.0,97.625,72.0,70.0,1000.0,200.0,-0.002,0.0,77.688,77.5,0.009,74.813,75.5,73.813,76.563,0.0,53.938,72.0,70.0,1000.0,200.0,-0.001,0.0,77.063,76.688,0.017,73.25,75.438,73.188,74.938,0.0,44.469,72.0,70.0,1000.0,200.0,0.0,0.0,75.438,75.125,-0.004,0.0,0.0,0.0,0.0,0.0,0.0,0.0,0.0,0.0,0.0,0.0,0.0,0.0,0.0,0.0,0.0,0.017,0.031,0.013,0.034,0.0,0.0,0.0,0.0,0.0,0.0,0.0,0.0,0.0,0.0,0.0,0.0,0.0,0.0,0.0,0.0,0.147,-0.149,0.0,-0.074,0.001,0.001,0.0,0.001,-0.037,0.01,0.0,0.0,0.035,0.036,-0.011,0.0,0.001,-0.0
9072007,214,0.0,1.0,1.0,1.0,100.0,0.0,0.0,0.0,0.0,0.0,0.0,35.139,36.31,0.012,0.02,0.0,80.0,55.0,1.4,15.188,2.248,2.228,0.105,71.615,71.74,73.548,70.089,68.497,0.0,0.04,0.087,20.0,20.0,76.261,49.769,0.0,73.54,74.387,73.577,77.1,60.102,66.988,63.746,-10.82,53.781,85.75,71.813,71.75,71.25,71.75,0.0,0.0,72.0,70.0,1000.0,200.0,0.0,15.078,73.25,71.938,-0.052,74.5,75.313,73.438,76.5,0.0,97.625,72.0,70.0,1000.0,200.0,-0.002,0.0,77.688,77.375,0.009,74.813,75.5,73.625,76.438,0.0,53.938,72.0,70.0,1000.0,200.0,-0.001,0.0,77.063,76.938,0.017,73.25,75.438,73.188,74.938,0.0,44.469,72.0,70.0,1000.0,200.0,0.0,0.0,75.438,75.125,-0.004,0.0,0.0,0.0,0.0,0.0,0.0,0.0,0.0,0.0,0.0,0.0,0.0,0.0,0.0,0.0,0.0,0.017,0.031,0.011,0.034,0.0,0.0,0.0,0.0,0.0,0.0,0.0,0.0,0.0,0.0,0.0,0.0,0.0,0.0,0.0,0.0,0.147,-0.149,-0.148,0.0,0.001,0.149,-0.222,0.149,-0.04,0.011,0.0,0.0,0.035,0.036,-0.01,0.0,0.0,-0.0
9072007,215,0.0,1.0,1.0,1.0,100.0,0.0,0.0,0.0,0.0,0.0,0.0,35.139,35.139,0.012,0.034,0.0,80.0,55.0,1.4,15.391,2.248,2.228,-0.961,71.508,71.74,73.548,69.984,68.497,0.0,0.04,0.083,20.0,20.0,76.513,49.769,0.0,73.433,74.387,73.471,77.1,60.102,66.988,63.746,-10.828,53.781,85.75,71.813,71.75,71.25,71.688,0.0,0.0,72.0,70.0,1000.0,200.0,0.0,15.047,73.375,71.938,-0.052,74.5,75.313,73.438,76.5,0.0,97.625,72.0,70.0,1000.0,200.0,-0.002,0.0,77.875,77.375,0.009,74.813,75.5,73.813,76.438,0.0,53.938,72.0,70.0,1000.0,200.0,-0.001,0.0,77.063,76.688,0.015,73.25,75.438,73.188,74.938,0.0,44.469,72.0,70.0,1000.0,200.0,0.0,0.0,75.438,75.125,-0.004,0.0,0.0,0.0,0.0,0.0,0.0,0.0,0.0,0.0,0.0,0.0,0.0,0.0,0.0,0.0,0.0,0.017,0.031,0.011,0.034,0.0,0.0,0.0,0.0,0.0,0.0,0.0,0.0,0.0,0.0,0.0,0.0,0.0,0.0,0.0,0.0,0.147,-0.223,0.0,-0.074,0.149,0.001,-0.148,0.001,-0.036,0.018,0.0,0.0,0.035,0.035,-0.011,0.001,0.001,-0.0
9072007,216,0.0,1.0,1.0,1.0,100.0,0.0,0.0,0.0,0.0,0.0,0.0,35.139,36.31,0.012,0.02,0.0,80.0,55.0,1.4,14.883,2.248,2.228,-0.78,71.615,71.74,73.548,70.089,68.497,0.0,0.036,0.087,20.0,20.0,76.541,49.825,0.0,73.433,74.387,73.471,77.026,60.175,66.988,63.746,-10.828,53.781,85.75,71.938,71.75,71.25,71.75,0.0,0.0,72.0,70.0,1000.0,200.0,0.0,14.969,73.375,72.063,-0.052,74.5,75.313,73.438,76.5,0.0,97.625,72.0,70.0,1000.0,200.0,-0.002,0.0,77.688,77.375,0.009,74.625,75.5,73.625,76.563,0.0,53.938,72.0,70.0,1000.0,200.0,-0.001,0.0,77.063,76.938,0.017,73.25,75.438,73.188,74.938,0.0,44.469,72.0,70.0,1000.0,200.0,0.0,0.0,75.438,75.125,-0.004,0.0,0.0,0.0,0.0,0.0,0.0,0.0,0.0,0.0,0.0,0.0,0.0,0.0,0.0,0.0,0.0,0.017,0.031,0.011,0.034,0.0,0.0,0.0,0.0,0.0,0.0,0.0,0.0,0.0,0.0,0.0,0.0,0.0,0.0,0.0,0.0,0.147,-0.149,0.0,0.0,0.001,0.149,-0.148,0.149,-0.035,0.01,0.0,0.0,0.035,0.036,-0.01,0.0,0.0,-0.0
9072007,217,0.0,1.0,1.0,1.0,100.0,0.0,0.0,0.0,0.0,0.0,0.0,35.139,36.31,0.012,0.02,0.0,80.0,55.0,1.4,14.969,2.248,2.228,-0.63,71.723,71.74,73.443,69.984,68.604,0.0,0.04,0.087,20.0,20.0,76.233,49.769,0.0,73.54,74.461,73.471,77.1,60.175,67.093,63.746,-10.82,53.75,85.75,71.813,71.875,71.25,71.75,0.0,0.0,72.0,70.0,1000.0,200.0,0.0,15.008,73.375,71.938,-0.052,74.5,75.313,73.375,76.5,0.0,97.625,72.0,70.0,1000.0,200.0,-0.002,0.0,77.688,77.5,0.009,74.813,75.5,73.813,76.438,0.0,53.938,72.0,70.0,1000.0,200.0,-0.001,0.0,77.063,76.688,0.017,73.25,75.438,73.188,74.938,0.0,44.469,72.0,70.0,1000.0,200.0,0.0,0.0,75.438,75.125,-0.004,0.0,0.0,0.0,0.0,0.0,0.0,0.0,0.0,0.0,0.0,0.0,0.0,0.0,0.0,0.0,0.0,0.017,0.031,0.011,0.034,0.0,0.0,0.0,0.0,0.0,0.0,0.0,0.0,0.0,0.0,0.0,0.0,0.0,0.0,0.0,0.0,0.0,-0.149,-0.148,0.147,0.001,0.149,-0.148,0.149,-0.032,0.01,0.0,0.0,0.035,0.036,-0.011,0.0,0.001,-0.0
9072007,218,0.0,1.0,1.0,1.0,100.0,0.0,0.0,0.0,0.0,0.0,0.0,35.139,36.31,0.012,0.02,0.0,80.0,55.0,1.4,15.047,2.248,2.228,-1.215,71.938,71.74,73.443,70.089,68.711,0.0,0.036,0.083,20.0,20.0,75.924,49.797,0.0,73.755,74.461,73.577,77.174,60.322,66.988,63.819,-10.82,53.719,85.75,71.813,71.75,71.25,71.75,0.0,0.0,72.0,70.0,1000.0,200.0,0.0,14.945,73.375,71.938,-0.052,74.5,75.313,73.438,76.5,0.0,97.625,72.0,70.0,1000.0,200.0,-0.002,0.0,77.875,77.375,0.009,74.625,75.5,73.813,76.438,0.0,53.938,72.0,70.0,1000.0,200.0,-0.001,0.0,77.063,76.688,0.017,73.5,75.438,73.188,74.875,0.0,44.469,72.0,70.0,1000.0,200.0,0.0,0.0,75.438,75.125,-0.004,0.0,0.0,0.0,0.0,0.0,0.0,0.0,0.0,0.0,0.0,0.0,0.0,0.0,0.0,0.0,0.0,0.017,0.031,0.011,0.034,0.0,0.0,0.0,0.0,0.0,0.0,0.0,0.0,0.0,0.0,0.0,0.0,0.0,0.0,0.0,0.0,0.147,-0.223,0.0,0.0,0.001,0.001,-0.148,0.001,-0.037,0.01,0.0,0.0,0.035,0.036,-0.011,0.001,0.001,-0.0
9072007,219,0.0,1.0,1.0,1.0,100.0,0.0,0.0,0.0,0.0,0.0,0.0,35.139,35.139,0.012,0.02,0.0,80.0,55.0,1.4,15.047,2.248,2.228,0.107,71.615,71.74,73.443,70.089,68.497,0.0,0.036,0.087,20.0,20.0,76.429,49.853,0.0,73.433,74.387,73.684,77.1,60.248,67.093,63.746,-10.82,53.719,85.75,71.813,71.875,71.25,71.938,0.0,0.0,72.0,70.0,1000.0,200.0,0.0,15.148,73.375,71.938,-0.052,74.5,75.25,73.375,76.5,0.0,97.625,72.0,70.0,1000.0,200.0,-0.002,0.0,77.688,77.375,0.009,74.813,75.5,73.813,76.563,0.0,53.938,72.0,70.0,1000.0,200.0,-0.001,0.0,77.0,76.938,0.017,73.25,75.438,73.188,74.938,0.0,44.469,72.0,70.0,1000.0,200.0,0.0,0.0,75.438,75.125,-0.004,0.0,0.0,0.0,0.0,0.0,0.0,0.0,0.0,0.0,0.0,0.0,0.0,0.0,0.0,0.0,0.0,0.015,0.031,0.011,0.034,0.0,0.0,0.0,0.0,0.0,0.0,0.0,0.0,0.0,0.0,0.0,0.0,0.0,0.0,0.0,0.0,0.0,-0.149,-0.148,0.0,0.001,0.149,-0.148,0.149,-0.046,0.01,0.0,0.0,0.035,0.035,-0.011,0.0,0.0,-0.0
9072007,220,0.0,1.0,1.0,1.0,100.0,0.0,0.0,0.0,0.0,0.0,0.0,35.139,36.31,0.022,0.034,0.0,80.0,55.0,1.4,15.281,2.248,2.228,-1.419,71.723,71.74,73.548,70.089,68.604,0.0,0.036,0.087,20.0,20.0,76.121,49.825,0.0,73.54,74.313,73.471,77.026,60.248,67.197,63.819,-10.82,53.719,85.75,71.938,71.875,71.25,71.75,0.0,0.0,72.0,70.0,1000.0,200.0,0.0,14.984,73.375,72.063,-0.052,74.5,75.313,73.375,76.5,0.0,97.625,72.0,70.0,1000.0,200.0,-0.002,0.0,77.688,77.375,0.009,74.813,75.5,73.813,76.438,0.0,53.938,72.0,70.0,1000.0,200.0,-0.001,0.0,77.063,76.688,0.017,73.5,75.438,73.188,74.938,0.0,44.469,72.0,70.0,1000.0,200.0,0.0,0.0,75.438,75.125,-0.004,0.0,0.0,0.0,0.0,0.0,0.0,0.0,0.0,0.0,0.0,0.0,0.0,0.0,0.0,0.0,0.0,0.017,0.031,0.011,0.034,0.0,0.0,0.0,0.0,0.0,0.0,0.0,0.0,0.0,0.0,0.0,0.0,0.0,0.0,0.0,0.0,0.147,-0.149,-0.148,0.0,0.149,0.001,-0.148,0.001,-0.071,0.017,0.0,0.0,0.035,0.036,-0.01,0.0,0.001,-0.0
9072007,221,0.0,1.0,1.0,1.0,100.0,0.0,0.0,0.0,0.0,0.0,0.0,35.139,36.31,0.012,0.02,0.0,80.0,55.0,1.4,14.922,2.248,2.228,0.289,71.615,71.74,73.443,70.089,68.604,0.0,0.036,0.083,20.0,20.0,76.317,49.825,0.0,73.54,74.387,73.577,77.174,60.322,67.093,63.892,-10.82,53.719,85.75,71.813,71.75,71.25,71.688,0.0,0.0,72.0,70.0,1000.0,200.0,0.0,15.078,73.25,72.063,-0.052,74.5,75.25,73.375,76.5,0.0,97.625,72.0,70.0,1000.0,200.0,-0.002,0.0,77.688,77.375,0.009,74.625,75.438,73.625,76.438,0.0,53.938,72.0,70.0,1000.0,200.0,-0.001,0.0,77.063,76.938,0.017,73.25,75.438,73.188,74.875,0.0,44.469,72.0,70.0,1000.0,200.0,0.0,0.0,75.438,75.125,-0.004,0.0,0.0,0.0,0.0,0.0,0.0,0.0,0.0,0.0,0.0,0.0,0.0,0.0,0.0,0.0,0.0,0.015,0.031,0.011,0.034,0.0,0.0,0.0,0.0,0.0,0.0,0.0,0.0,0.0,0.0,0.0,0.0,0.0,0.0,0.0,0.0,0.147,-0.149,0.0,0.0,0.149,0.149,-0.148,0.149,-0.041,0.011,0.0,0.0,0.035,0.036,-0.009,0.0,0.0,-0.0
9072007,222,0.0,1.0,1.0,1.0,100.0,0.0,0.0,0.0,0.0,0.0,0.0,35.139,35.139,0.012,0.02,0.0,80.0,55.0,1.4,15.195,2.248,0.462,-0.312,71.615,71.846,73.443,70.089,68.497,0.0,0.036,0.087,20.0,20.0,76.036,49.825,0.0,73.433,74.387,73.577,77.1,60.395,67.197,63.892,-10.82,53.688,85.75,71.813,71.75,71.25,71.688,0.0,0.0,72.0,70.0,1000.0,200.0,0.0,14.961,73.375,71.938,-0.052,74.438,75.25,73.438,76.5,0.0,97.625,72.0,70.0,1000.0,200.0,-0.002,0.0,77.688,77.375,0.009,74.813,75.5,73.813,76.438,0.0,53.938,72.0,70.0,1000.0,200.0,-0.001,0.0,77.063,76.688,0.017,73.5,75.438,73.188,74.938,0.0,44.469,72.0,70.0,1000.0,200.0,0.0,0.0,75.438,75.125,-0.004,0.0,0.0,0.0,0.0,0.0,0.0,0.0,0.0,0.0,0.0,0.0,0.0,0.0,0.0,0.0,0.0,0.017,0.031,0.011,0.034,0.0,0.0,0.0,0.0,0.0,0.0,0.0,0.0,0.0,0.0,0.0,0.0,0.0,0.0,0.0,0.0,0.0,-0.001,-0.148,0.0,0.001,0.001,-0.148,0.149,-0.04,0.01,0.0,0.0,0.035,0.035,-0.011,0.0,0.001,-0.0
9072007,223,0.0,1.0,1.0,1.0,100.0,0.0,0.0,0.0,0.0,0.0,0.0,35.139,35.139,0.022,0.02,0.0,80.0,55.0,1.4,14.859,2.248,2.228,-0.21,71.723,71.74,73.443,70.089,68.497,0.0,0.036,0.087,20.0,20.0,76.149,49.881,0.0,73.54,74.387,73.471,77.1,60.322,67.093,63.892,-10.82,53.688,85.75,71.813,71.75,71.25,71.75,0.0,0.0,72.0,70.0,1000.0,200.0,0.0,14.867,73.25,71.938,-0.052,74.438,75.25,73.438,76.5,0.0,97.625,72.0,70.0,1000.0,200.0,-0.002,0.0,77.688,77.375,0.009,74.625,75.5,73.625,76.438,0.0,53.938,72.0,70.0,1000.0,200.0,-0.001,0.0,77.063,76.688,0.017,73.5,75.438,73.188,74.938,0.0,44.469,72.0,70.0,1000.0,200.0,0.0,0.0,75.438,75.313,-0.004,0.0,0.0,0.0,0.0,0.0,0.0,0.0,0.0,0.0,0.0,0.0,0.0,0.0,0.0,0.0,0.0,0.017,0.031,0.011,0.034,0.0,0.0,0.0,0.0,0.0,0.0,0.0,0.0,0.0,0.0,0.0,0.0,0.0,0.0,0.0,0.0,0.147,-0.149,0.0,0.0,0.149,0.001,0.0,0.001,-0.065,0.011,0.0,0.0,0.035,0.035,-0.01,0.0,0.001,-0.0
9072007,224,0.0,1.0,1.0,1.0,100.0,0.0,0.0,0.0,0.0,0.0,0.0,35.139,36.31,0.022,0.02,0.0,80.0,55.0,1.4,14.984,2.248,2.228,0.266,71.615,71.74,73.337,70.089,68.497,0.0,0.036,0.083,20.0,20.0,76.401,49.937,0.0,73.54,74.387,73.471,77.1,60.468,67.093,63.965,-10.82,53.688,85.75,71.813,71.875,71.25,71.75,0.0,0.0,72.0,70.0,1000.0,200.0,0.0,15.148,73.375,71.938,-0.052,74.438,75.0,73.438,76.438,0.0,97.625,72.0,70.0,1000.0,200.0,-0.002,0.0,77.688,77.375,0.009,74.625,75.5,73.813,76.438,0.0,53.938,72.0,70.0,1000.0,200.0,-0.001,0.0,77.063,76.688,0.017,73.5,75.438,73.375,74.875,0.0,44.469,72.0,70.0,1000.0,200.0,0.0,0.0,75.438,75.125,-0.004,0.0,0.0,0.0,0.0,0.0,0.0,0.0,0.0,0.0,0.0,0.0,0.0,0.0,0.0,0.0,0.0,0.017,0.031,0.011,0.034,0.0,0.0,0.0,0.0,0.0,0.0,0.0,0.0,0.0,0.0,0.0,0.0,0.0,0.0,0.0,0.0,0.222,-0.149,0.0,0.0,0.149,0.149,-0.148,0.149,-0.065,0.011,0.0,0.0,0.035,0.036,-0.011,0.0,0.001,-0.0
9072007,225,0.0,1.0,1.0,1.0,100.0,0.0,0.0,0.0,0.0,0.0,0.0,33.968,36.31,0.012,0.02,0.0,80.0,55.0,1.4,15.195,2.248,2.228,0.067,71.615,72.058,73.548,70.301,68.497,0.0,0.036,0.087,20.0,20.0,76.317,49.993,0.0,73.433,74.461,73.577,77.1,60.468,67.302,63.965,-10.82,53.656,85.75,71.938,71.75,71.25,71.75,0.0,0.0,72.0,70.0,1000.0,200.0,0.0,15.57,73.375,71.938,-0.052,74.438,75.25,73.375,76.5,0.0,97.625,72.0,70.0,1000.0,200.0,-0.002,0.0,77.688,77.375,0.009,74.625,75.5,73.813,76.438,0.0,53.938,72.0,70.0,1000.0,200.0,-0.001,0.0,77.063,76.938,0.017,73.25,75.438,73.188,74.875,0.0,44.469,72.0,70.0,1000.0,200.0,0.0,0.0,75.438,75.313,-0.004,0.0,0.0,0.0,0.0,0.0,0.0,0.0,0.0,0.0,0.0,0.0,0.0,0.0,0.0,0.0,0.0,0.015,0.031,0.011,0.034,0.0,0.0,0.0,0.0,0.0,0.0,0.0,0.0,0.0,0.0,0.0,0.0,0.0,0.0,0.0,0.0,0.0,-0.149,-0.148,0.0,0.149,0.001,0.0,0.149,-0.036,0.01,0.0,0.0,0.034,0.036,-0.011,0.0,0.0,-0.0
9072007,226,0.0,1.0,1.0,1.0,100.0,0.0,0.0,0.0,0.0,0.0,0.0,33.968,35.139,0.012,0.02,0.0,80.0,55.0,1.4,15.273,2.248,2.228,-1.042,71.723,71.952,73.443,70.301,68.497,0.0,0.036,0.083,20.0,20.0,75.896,49.993,0.0,73.54,74.387,73.577,77.1,60.468,67.093,63.965,-10.828,53.625,85.75,71.813,71.75,71.25,71.75,0.0,0.0,72.0,70.0,1000.0,200.0,0.0,15.313,73.375,71.938,-0.052,74.438,75.0,73.375,76.5,0.0,97.625,72.0,70.0,1000.0,200.0,-0.002,0.0,77.688,77.375,0.009,74.813,75.5,73.813,76.438,0.0,53.938,72.0,70.0,1000.0,200.0,-0.001,0.0,77.063,76.938,0.017,73.25,75.438,73.188,74.938,0.0,44.469,72.0,70.0,1000.0,200.0,0.0,0.0,75.438,75.313,-0.004,0.0,0.0,0.0,0.0,0.0,0.0,0.0,0.0,0.0,0.0,0.0,0.0,0.0,0.0,0.0,0.0,0.017,0.031,0.011,0.034,0.0,0.0,0.0,0.0,0.0,0.0,0.0,0.0,0.0,0.0,0.0,0.0,0.0,0.0,0.0,0.0,0.0,-0.149,-0.148,0.147,0.149,0.001,0.0,0.001,-0.04,0.011,0.0,0.0,0.034,0.035,-0.011,0.0,0.0,-0.0
9072007,227,0.0,1.0,1.0,1.0,100.0,0.0,0.0,0.0,0.0,0.0,0.0,35.139,35.139,0.012,0.02,0.0,80.0,55.0,1.4,15.273,2.248,2.228,-0.912,71.615,71.952,73.443,70.195,68.497,0.0,0.036,0.087,20.0,20.0,75.924,50.021,0.0,73.433,74.387,73.365,77.1,60.541,67.197,64.037,-10.828,53.625,85.688,71.813,71.875,71.5,71.938,0.0,0.0,72.0,70.0,1000.0,200.0,0.0,15.539,73.375,72.063,-0.052,74.438,75.0,73.438,76.5,0.0,97.625,72.0,70.0,1000.0,200.0,-0.002,0.0,77.688,77.375,0.009,74.625,75.5,73.813,76.438,0.0,53.938,72.0,70.0,1000.0,200.0,-0.001,0.0,77.063,76.688,0.017,73.25,75.438,73.188,74.938,0.0,44.469,72.0,70.0,1000.0,200.0,0.0,0.0,75.438,75.125,-0.004,0.0,0.0,0.0,0.0,0.0,0.0,0.0,0.0,0.0,0.0,0.0,0.0,0.0,0.0,0.0,0.0,0.015,0.031,0.011,0.034,0.0,0.0,0.0,0.0,0.0,0.0,0.0,0.0,0.0,0.0,0.0,0.0,0.0,0.0,0.0,0.0,0.147,-0.223,0.0,0.0,0.149,0.001,-0.148,0.001,-0.032,0.011,0.0,0.0,0.035,0.035,-0.01,0.0,0.001,-0.0
9072007,228,0.0,1.0,1.0,1.0,100.0,0.0,0.0,0.0,0.0,0.0,0.0,35.139,35.139,0.022,0.02,0.0,80.0,55.0,1.4,15.406,2.248,2.228,-0.602,71.615,71.74,73.232,70.301,68.497,0.0,0.036,0.087,20.0,20.0,76.654,50.077,0.0,73.54,74.461,73.471,77.1,60.541,67.197,63.965,-10.82,53.594,85.75,71.813,71.75,71.25,71.688,0.0,0.0,72.0,70.0,1000.0,200.0,0.0,15.438,73.25,71.938,-0.052,74.438,75.313,73.438,76.438,0.0,97.625,72.0,70.0,1000.0,200.0,-0.002,0.0,77.688,77.375,0.009,74.813,75.438,73.625,76.438,0.0,53.938,72.0,70.0,1000.0,200.0,-0.001,0.0,77.063,76.688,0.017,73.25,75.438,73.188,74.875,0.0,44.469,72.0,70.0,1000.0,200.0,0.0,0.0,75.438,75.125,-0.004,0.0,0.0,0.0,0.0,0.0,0.0,0.0,0.0,0.0,0.0,0.0,0.0,0.0,0.0,0.0,0.0,0.015,0.031,0.011,0.032,0.0,0.0,0.0,0.0,0.0,0.0,0.0,0.0,0.0,0.0,0.0,0.0,0.0,0.0,0.0,0.0,0.147,-0.149,0.0,0.0,0.149,0.001,-0.148,0.149,-0.059,0.01,0.0,0.0,0.035,0.035,-0.01,0.0,0.001,-0.0
9072007,229,0.0,1.0,1.0,1.0,100.0,0.0,0.0,0.0,0.0,0.0,0.0,33.968,35.139,0.012,0.02,0.0,80.0,55.0,1.4,15.156,2.248,2.228,0.253,71.615,71.74,73.232,70.089,68.497,0.0,0.036,0.087,20.0,20.0,76.541,50.105,0.0,73.433,74.387,73.471,77.1,60.541,67.197,64.037,-10.828,53.594,85.75,71.813,71.875,71.25,71.75,0.0,0.0,72.0,70.0,1000.0,200.0,0.0,15.219,73.375,71.938,-0.052,74.438,75.25,73.438,76.5,0.0,97.625,72.0,70.0,1000.0,200.0,-0.002,0.0,77.875,77.375,0.009,74.625,75.438,73.813,76.438,0.0,53.938,72.0,70.0,1000.0,200.0,-0.001,0.0,77.0,76.938,0.017,73.25,75.313,73.188,74.938,0.0,44.469,72.0,70.0,1000.0,200.0,0.0,0.0,75.438,75.125,-0.004,0.0,0.0,0.0,0.0,0.0,0.0,0.0,0.0,0.0,0.0,0.0,0.0,0.0,0.0,0.0,0.0,0.015,0.031,0.011,0.032,0.0,0.0,0.0,0.0,0.0,0.0,0.0,0.0,0.0,0.0,0.0,0.0,0.0,0.0,0.0,0.0,0.0,-0.149,0.0,0.0,0.149,0.001,-0.148,0.149,-0.036,0.011,0.0,0.0,0.034,0.035,-0.011,0.001,0.0,-0.0
9072007,230,0.0,1.0,1.0,1.0,100.0,0.0,0.0,0.0,0.0,0.0,0.0,33.968,35.139,0.012,0.02,0.0,80.0,55.0,1.4,15.148,2.248,2.228,-0.541,71.723,71.74,73.337,70.195,68.497,0.0,0.036,0.083,20.0,20.0,76.625,50.189,0.0,73.433,74.313,73.577,77.1,60.615,67.197,64.037,-10.82,53.594,85.75,71.813,71.75,71.5,71.75,0.0,0.0,72.0,70.0,1000.0,200.0,0.0,15.32,73.375,71.938,-0.052,74.438,75.25,73.438,76.5,0.0,97.625,72.0,70.0,1000.0,200.0,-0.002,0.0,77.688,77.375,0.009,74.813,75.5,73.813,76.438,0.0,53.938,72.0,70.0,1000.0,200.0,-0.001,0.0,77.063,76.938,0.017,73.25,75.313,73.188,74.875,0.0,44.469,72.0,70.0,1000.0,200.0,0.0,0.0,75.438,75.125,-0.004,0.0,0.0,0.0,0.0,0.0,0.0,0.0,0.0,0.0,0.0,0.0,0.0,0.0,0.0,0.0,0.0,0.017,0.031,0.01,0.034,0.0,0.0,0.0,0.0,0.0,0.0,0.0,0.0,0.0,0.0,0.0,0.0,0.0,0.0,0.0,0.0,0.147,-0.149,0.0,0.0,0.149,0.001,-0.148,0.001,-0.045,0.01,0.0,0.0,0.034,0.035,-0.011,0.0,0.0,-0.0
9072007,231,0.0,1.0,1.0,1.0,100.0,0.0,0.0,0.0,0.0,0.0,0.0,33.968,35.139,0.012,0.02,0.0,80.0,55.0,1.4,15.18,2.248,3.993,-0.838,71.723,71.74,73.337,70.089,68.604,0.0,0.036,0.083,20.0,20.0,76.99,50.469,0.0,73.433,74.313,73.471,77.026,60.615,67.406,64.11,-10.82,53.563,85.75,71.813,71.875,71.5,71.75,0.0,0.0,72.0,70.0,1000.0,200.0,0.0,15.469,73.375,72.063,-0.052,74.438,75.25,73.375,76.5,0.0,97.625,72.0,70.0,1000.0,200.0,-0.002,0.0,77.688,77.375,0.009,74.813,75.438,73.813,76.438,0.0,53.938,72.0,70.0,1000.0,200.0,-0.001,0.0,77.063,76.688,0.017,73.25,75.438,73.188,74.938,0.0,44.469,72.0,70.0,1000.0,200.0,0.0,0.0,75.438,75.125,-0.004,0.0,0.0,0.0,0.0,0.0,0.0,0.0,0.0,0.0,0.0,0.0,0.0,0.0,0.0,0.0,0.0,0.017,0.031,0.011,0.034,0.0,0.0,0.0,0.0,0.0,0.0,0.0,0.0,0.0,0.0,0.0,0.0,0.0,0.0,0.0,0.0,0.0,-0.149,-0.148,0.147,0.149,0.001,0.0,0.001,-0.039,0.01,0.0,0.0,0.034,0.035,-0.01,0.0,0.001,-0.0
9072007,232,0.0,1.0,1.0,1.0,100.0,0.0,0.0,0.0,0.0,0.0,0.0,33.968,35.139,0.012,0.02,0.0,80.0,55.0,1.4,15.0,2.248,3.993,-0.371,71.615,71.74,73.232,70.089,68.497,0.0,0.036,0.087,20.0,20.0,76.99,50.189,0.0,73.433,74.313,73.471,77.026,60.615,67.197,64.11,-10.82,53.594,85.75,71.813,71.75,71.25,71.75,0.0,0.0,72.0,70.0,1000.0,200.0,0.0,15.008,73.375,71.938,-0.052,74.438,75.0,73.375,76.5,0.0,97.625,72.0,70.0,1000.0,200.0,-0.002,0.0,77.688,77.375,0.009,74.813,75.438,73.813,76.438,0.0,53.938,72.0,70.0,1000.0,200.0,-0.001,0.0,77.063,76.688,0.017,73.25,75.438,73.188,74.875,0.0,44.469,72.0,70.0,1000.0,200.0,0.0,0.0,75.438,75.125,-0.004,0.0,0.0,0.0,0.0,0.0,0.0,0.0,0.0,0.0,0.0,0.0,0.0,0.0,0.0,0.0,0.0,0.015,0.031,0.011,0.034,0.0,0.0,0.0,0.0,0.0,0.0,0.0,0.0,0.0,0.0,0.0,0.0,0.0,0.0,0.0,0.0,0.147,-0.149,0.0,0.0,0.149,0.001,-0.148,0.001,-0.039,0.011,0.0,0.0,0.034,0.035,-0.011,0.0,0.001,-0.0
9072007,233,0.0,1.0,1.0,1.0,100.0,0.0,0.0,0.0,0.0,0.0,0.0,35.139,35.139,0.012,0.02,0.0,80.0,55.0,1.4,15.063,2.248,3.993,-1.301,71.723,71.846,73.337,70.195,68.497,0.0,0.036,0.087,20.0,20.0,77.102,50.077,0.0,73.433,74.313,73.471,77.026,60.688,67.302,64.11,-10.82,53.563,85.75,71.813,71.75,71.25,71.75,0.0,0.0,72.0,70.0,1000.0,200.0,0.0,15.227,73.375,72.063,-0.052,74.438,75.0,73.438,76.438,0.0,97.625,72.0,70.0,1000.0,200.0,-0.002,0.0,77.688,77.375,0.009,74.625,75.5,73.813,76.438,0.0,53.938,72.0,70.0,1000.0,200.0,-0.001,0.0,77.063,77.063,0.014,73.25,75.438,73.188,74.938,0.0,44.469,72.0,70.0,1000.0,200.0,0.0,0.0,75.438,75.125,-0.004,0.0,0.0,0.0,0.0,0.0,0.0,0.0,0.0,0.0,0.0,0.0,0.0,0.0,0.0,0.0,0.0,0.017,0.031,0.011,0.034,0.0,0.0,0.0,0.0,0.0,0.0,0.0,0.0,0.0,0.0,0.0,0.0,0.0,0.0,0.0,0.0,0.147,-0.149,0.0,0.0,0.149,0.001,-0.148,0.149,-0.039,0.01,0.0,0.0,0.035,0.035,-0.01,0.0,0.0,-0.0
9072007,234,0.0,1.0,1.0,1.0,100.0,0.0,0.0,0.0,0.0,0.0,0.0,35.139,35.139,0.012,0.034,0.0,80.0,55.0,1.4,15.016,2.248,2.228,-0.267,71.723,71.846,73.443,70.089,68.497,0.0,0.036,0.087,20.0,20.0,76.625,49.965,0.0,73.433,74.313,73.471,77.1,60.615,67.302,64.11,-10.82,53.594,85.75,71.813,71.75,71.25,71.688,0.0,0.0,72.0,70.0,1000.0,200.0,0.0,15.07,73.375,71.938,-0.052,74.438,75.25,73.375,76.5,0.0,97.625,72.0,70.0,1000.0,200.0,-0.002,0.0,77.688,77.375,0.009,74.625,75.5,73.813,76.438,0.0,53.938,72.0,70.0,1000.0,200.0,-0.001,0.0,77.063,76.688,0.01,73.25,75.438,73.375,74.875,0.0,44.469,72.0,70.0,1000.0,200.0,0.0,0.0,75.438,75.125,-0.004,0.0,0.0,0.0,0.0,0.0,0.0,0.0,0.0,0.0,0.0,0.0,0.0,0.0,0.0,0.0,0.0,0.017,0.031,0.011,0.034,0.0,0.0,0.0,0.0,0.0,0.0,0.0,0.0,0.0,0.0,0.0,0.0,0.0,0.0,0.0,0.0,0.147,-0.223,0.0,0.0,0.149,0.001,-0.148,0.001,-0.04,0.018,0.0,0.0,0.035,0.035,-0.011,0.0,0.001,-0.0
9072007,235,0.0,1.0,1.0,1.0,100.0,0.0,0.0,0.0,0.0,0.0,0.0,33.968,35.139,0.012,0.02,0.0,80.0,55.0,1.4,15.016,2.248,2.228,-0.898,71.723,71.74,73.443,70.089,68.604,0.0,0.036,0.083,20.0,20.0,76.71,50.021,0.0,73.433,74.387,73.471,77.1,60.688,67.406,64.11,-10.82,53.563,85.75,71.813,71.75,71.25,71.75,0.0,0.0,72.0,70.0,1000.0,200.0,0.0,15.148,73.25,71.938,-0.052,74.438,75.25,73.375,76.438,0.0,97.625,72.0,70.0,1000.0,200.0,-0.002,0.0,77.688,77.375,0.009,74.625,75.5,73.813,76.438,0.0,53.938,72.0,70.0,1000.0,200.0,-0.001,0.0,77.063,76.688,0.017,73.25,75.438,73.188,74.875,0.0,44.469,72.0,70.0,1000.0,200.0,0.0,0.0,75.438,75.125,-0.004,0.0,0.0,0.0,0.0,0.0,0.0,0.0,0.0,0.0,0.0,0.0,0.0,0.0,0.0,0.0,0.0,0.015,0.031,0.011,0.034,0.0,0.0,0.0,0.0,0.0,0.0,0.0,0.0,0.0,0.0,0.0,0.0,0.0,0.0,0.0,0.0,0.147,-0.149,-0.148,0.0,0.149,0.001,-0.148,0.001,-0.036,0.01,0.0,0.0,0.034,0.035,-0.01,0.0,0.001,-0.0
9072007,236,0.0,1.0,1.0,1.0,100.0,0.0,0.0,0.0,0.0,0.0,0.0,33.968,35.139,0.012,0.02,0.0,80.0,55.0,1.4,15.148,2.248,2.228,0.345,71.723,71.74,73.443,70.089,68.497,0.0,0.036,0.087,20.0,20.0,76.569,49.909,0.0,73.54,74.313,73.471,77.026,60.688,67.302,64.11,-10.828,53.563,85.75,71.938,71.875,71.5,71.75,0.0,0.0,72.0,70.0,1000.0,200.0,0.0,16.266,73.375,72.063,-0.052,74.438,75.25,73.375,76.438,0.0,97.625,72.0,70.0,1000.0,200.0,-0.002,0.0,77.688,77.375,0.009,74.625,75.5,73.813,76.438,0.0,53.938,72.0,70.0,1000.0,200.0,-0.001,0.0,77.063,76.688,0.019,73.25,75.313,73.375,74.875,0.0,44.469,72.0,70.0,1000.0,200.0,0.0,0.0,75.438,75.125,-0.004,0.0,0.0,0.0,0.0,0.0,0.0,0.0,0.0,0.0,0.0,0.0,0.0,0.0,0.0,0.0,0.0,0.015,0.031,0.011,0.034,0.0,0.0,0.0,0.0,0.0,0.0,0.0,0.0,0.0,0.0,0.0,0.0,0.0,0.0,0.0,0.0,0.147,-0.149,0.0,0.0,0.149,0.149,-0.148,0.149,-0.039,0.01,0.0,0.0,0.034,0.035,-0.01,0.0,0.001,-0.0
9072007,237,0.0,1.0,1.0,1.0,100.0,0.0,0.0,0.0,0.0,0.0,0.0,35.139,35.139,0.012,0.02,0.0,80.0,55.0,1.4,16.313,2.248,2.228,-0.055,71.723,71.74,73.548,70.089,68.604,0.0,0.036,0.087,20.0,20.0,76.766,49.825,0.0,73.433,74.387,73.471,77.026,60.688,67.302,64.11,-10.82,53.594,85.688,71.813,71.75,71.25,71.75,0.0,0.0,72.0,70.0,1000.0,200.0,0.0,16.406,73.375,72.063,-0.052,74.438,75.25,73.438,76.5,0.0,97.625,72.0,70.0,1000.0,200.0,-0.002,0.0,77.688,77.375,0.009,74.625,75.438,73.813,76.563,0.0,53.938,72.0,70.0,1000.0,200.0,-0.001,0.0,77.0,76.688,0.014,73.25,75.313,73.375,74.938,0.0,44.469,72.0,70.0,1000.0,200.0,0.0,0.0,75.438,75.125,-0.004,0.0,0.0,0.0,0.0,0.0,0.0,0.0,0.0,0.0,0.0,0.0,0.0,0.0,0.0,0.0,0.0,0.015,0.031,0.011,0.034,0.0,0.0,0.0,0.0,0.0,0.0,0.0,0.0,0.0,0.0,0.0,0.0,0.0,0.0,0.0,0.0,0.0,-0.149,0.0,0.0,0.001,0.001,-0.148,0.224,-0.035,0.01,0.0,0.0,0.035,0.035,-0.01,0.0,0.001,-0.0
9072007,238,0.0,1.0,1.0,1.0,100.0,0.0,0.0,0.0,0.0,0.0,0.0,33.968,35.139,0.012,0.02,0.0,80.0,55.0,1.4,16.375,2.248,2.228,-0.318,71.723,71.74,73.548,70.089,68.604,0.0,0.04,0.087,20.0,20.0,76.373,49.797,0.0,73.433,74.387,73.471,77.1,60.688,67.302,64.183,-10.828,53.563,85.75,71.813,71.875,71.25,71.75,0.0,0.0,72.0,70.0,1000.0,200.0,0.0,16.563,73.375,72.063,-0.052,74.438,75.25,73.438,76.5,0.0,97.625,72.0,70.0,1000.0,200.0,-0.002,0.0,77.688,77.375,0.009,74.625,75.5,73.813,76.438,0.0,53.938,72.0,70.0,1000.0,200.0,-0.001,0.0,77.063,76.688,0.017,73.25,75.313,73.188,74.938,0.0,44.469,72.0,70.0,1000.0,200.0,0.0,0.0,75.438,75.125,-0.004,0.0,0.0,0.0,0.0,0.0,0.0,0.0,0.0,0.0,0.0,0.0,0.0,0.0,0.0,0.0,0.0,0.017,0.031,0.011,0.032,0.0,0.0,0.0,0.0,0.0,0.0,0.0,0.0,0.0,0.0,0.0,0.0,0.0,0.0,0.0,0.0,0.147,-0.149,0.0,0.0,0.149,0.001,-0.148,0.001,-0.036,0.011,0.0,0.0,0.034,0.035,-0.01,0.0,0.001,-0.0
9072007,239,0.0,1.0,1.0,1.0,100.0,0.0,0.0,0.0,0.0,0.0,0.0,35.139,35.139,0.012,0.02,0.0,80.0,55.0,1.4,16.016,2.248,3.993,-1.02,71.615,71.74,73.548,70.089,68.604,0.0,0.036,0.087,20.0,20.0,76.121,49.741,0.0,73.433,74.387,73.471,77.1,60.834,67.406,64.256,-10.82,53.594,85.75,71.813,71.75,71.25,71.75,0.0,0.0,72.0,70.0,1000.0,200.0,0.0,16.203,73.375,71.938,-0.052,74.438,75.25,73.438,76.438,0.0,97.625,72.0,70.0,1000.0,200.0,-0.002,0.0,77.688,77.375,0.009,74.625,75.438,73.813,76.375,0.0,53.938,72.0,70.0,1000.0,200.0,-0.001,0.0,77.0,76.688,0.017,73.25,75.438,73.188,74.938,0.0,44.469,72.0,70.0,1000.0,200.0,0.0,0.0,75.438,75.125,-0.004,0.0,0.0,0.0,0.0,0.0,0.0,0.0,0.0,0.0,0.0,0.0,0.0,0.0,0.0,0.0,0.0,0.017,0.031,0.011,0.034,0.0,0.0,0.0,0.0,0.0,0.0,0.0,0.0,0.0,0.0,0.0,0.0,0.0,0.0,0.0,0.0,0.147,-0.149,0.0,0.0,0.001,0.149,-0.148,0.149,-0.036,0.01,0.0,0.0,0.035,0.035,-0.011,0.0,0.001,-0.0
9072007,240,0.0,1.0,1.0,1.0,100.0,0.0,0.0,0.0,0.0,0.0,0.0,33.968,36.31,0.012,0.02,0.0,80.0,55.0,1.4,16.406,2.248,2.228,-0.995,71.615,71.74,73.548,70.089,68.497,0.0,0.036,0.087,20.0,20.0,76.345,49.685,0.0,73.433,74.387,73.577,77.026,60.834,67.406,64.256,-10.82,53.563,85.75,71.813,71.75,71.25,71.75,0.0,0.0,72.0,70.0,1000.0,200.0,0.0,16.375,73.375,72.063,-0.052,74.438,75.25,73.375,76.438,0.0,97.625,72.0,70.0,1000.0,200.0,-0.002,0.0,77.688,77.313,0.009,74.625,75.5,73.813,76.438,0.0,53.938,72.0,70.0,1000.0,200.0,-0.001,0.0,77.063,76.938,0.011,73.25,75.438,73.188,74.875,0.0,44.469,72.0,70.0,1000.0,200.0,0.0,0.0,75.438,75.125,-0.004,0.0,0.0,0.0,0.0,0.0,0.0,0.0,0.0,0.0,0.0,0.0,0.0,0.0,0.0,0.0,0.0,0.017,0.031,0.011,0.034,0.0,0.0,0.0,0.0,0.0,0.0,0.0,0.0,0.0,0.0,0.0,0.0,0.0,0.0,0.0,0.0,0.147,-0.001,-0.148,0.0,0.149,0.001,-0.148,0.001,-0.039,0.01,0.0,0.0,0.034,0.036,-0.01,0.0,0.0,-0.0
9072007,241,0.0,1.0,1.0,1.0,100.0,0.0,0.0,0.0,0.0,0.0,0.0,35.139,35.139,0.012,0.02,0.0,80.0,55.0,1.4,16.656,2.248,2.228,-0.359,71.723,71.74,73.548,70.089,68.604,0.0,0.036,0.087,20.0,20.0,76.541,49.685,0.0,73.54,74.313,73.471,76.952,60.761,67.406,64.183,-10.82,53.531,85.688,71.813,71.75,71.25,71.75,0.0,0.0,72.0,70.0,1000.0,200.0,0.0,16.578,73.375,71.938,-0.052,74.438,75.0,73.438,76.438,0.0,97.625,72.0,70.0,1000.0,200.0,-0.002,0.0,77.688,77.375,0.009,74.625,75.5,73.813,76.438,0.0,53.938,72.0,70.0,1000.0,200.0,-0.001,0.0,77.063,76.688,0.017,73.25,75.438,73.188,74.875,0.0,44.469,72.0,70.0,1000.0,200.0,0.0,0.0,75.438,75.125,-0.004,0.0,0.0,0.0,0.0,0.0,0.0,0.0,0.0,0.0,0.0,0.0,0.0,0.0,0.0,0.0,0.0,0.015,0.031,0.011,0.034,0.0,0.0,0.0,0.0,0.0,0.0,0.0,0.0,0.0,0.0,0.0,0.0,0.0,0.0,0.0,0.0,0.147,-0.223,0.0,0.0,0.149,0.001,-0.148,-0.072,-0.038,0.01,0.0,0.0,0.035,0.035,-0.011,0.0,0.001,-0.0
9072007,242,0.0,1.0,1.0,1.0,100.0,0.0,0.0,0.0,0.0,0.0,0.0,33.968,35.139,0.012,0.02,0.0,80.0,55.0,1.4,16.234,2.248,2.228,-0.306,71.615,71.74,73.548,70.089,68.604,0.0,0.036,0.087,20.0,20.0,76.457,49.657,0.0,73.433,74.313,73.577,77.1,60.834,67.302,64.256,-10.828,53.531,85.688,71.813,71.875,71.5,71.75,0.0,0.0,72.0,70.0,1000.0,200.0,0.0,16.188,73.375,72.063,-0.052,74.438,75.25,73.438,76.438,0.0,97.625,72.0,70.0,1000.0,200.0,-0.002,0.0,77.688,77.375,0.009,74.813,75.5,73.813,76.438,0.0,53.938,72.0,70.0,1000.0,200.0,-0.001,0.0,77.063,76.688,0.017,73.25,75.438,73.188,74.875,0.0,44.469,72.0,70.0,1000.0,200.0,0.0,0.0,75.438,75.125,-0.004,0.0,0.0,0.0,0.0,0.0,0.0,0.0,0.0,0.0,0.0,0.0,0.0,0.0,0.0,0.0,0.0,0.015,0.031,0.011,0.034,0.0,0.0,0.0,0.0,0.0,0.0,0.0,0.0,0.0,0.0,0.0,0.0,0.0,0.0,0.0,0.0,0.147,-0.149,0.0,0.0,0.149,0.001,-0.148,0.001,-0.045,0.011,0.0,0.0,0.034,0.035,-0.01,0.0,0.001,-0.0
9072007,243,0.0,1.0,1.0,1.0,100.0,0.0,0.0,0.0,0.0,0.0,0.0,33.968,35.139,0.012,0.02,0.0,80.0,55.0,1.4,16.359,2.248,3.993,0.127,71.723,71.74,73.653,70.089,68.497,0.0,0.036,0.087,20.0,20.0,75.98,49.657,0.0,73.433,74.387,73.577,77.026,60.908,67.406,64.329,-10.82,53.531,85.75,71.938,71.75,71.25,71.75,0.0,0.0,72.0,70.0,1000.0,200.0,0.0,16.375,73.375,72.063,-0.052,74.438,75.0,73.438,76.438,0.0,97.625,72.0,70.0,1000.0,200.0,-0.002,0.0,77.688,77.375,0.009,74.625,75.5,73.813,76.438,0.0,53.938,72.0,70.0,1000.0,200.0,-0.001,0.0,77.063,76.688,0.017,73.25,75.438,73.188,74.938,0.0,44.469,72.0,70.0,1000.0,200.0,-0.001,0.0,75.438,75.125,-0.004,0.0,0.0,0.0,0.0,0.0,0.0,0.0,0.0,0.0,0.0,0.0,0.0,0.0,0.0,0.0,0.0,0.015,0.031,0.011,0.034,0.0,0.0,0.0,0.0,0.0,0.0,0.0,0.0,0.0,0.0,0.0,0.0,0.0,0.0,0.0,0.0,0.147,-0.149,-0.148,0.0,0.001,0.149,-0.148,0.149,-0.039,0.011,0.0,0.0,0.034,0.035,-0.01,0.0,0.001,-0.0
9072007,244,0.0,1.0,1.0,1.0,100.0,0.0,0.0,0.0,0.0,0.0,0.0,35.139,36.31,0.012,0.02,0.0,80.0,55.0,1.4,16.359,2.248,2.228,-0.265,71.938,71.846,73.548,70.089,68.818,0.0,0.036,0.087,20.0,20.0,76.513,49.601,0.0,73.647,74.387,73.471,77.026,60.908,67.406,64.329,-10.82,53.531,85.75,71.813,71.875,71.5,71.75,0.0,0.0,72.0,70.0,1000.0,200.0,0.0,16.172,73.375,72.063,-0.052,74.438,75.25,73.438,76.438,0.0,97.625,72.0,70.0,1000.0,200.0,-0.002,0.0,77.688,77.375,0.009,74.813,75.5,73.938,76.375,0.0,53.938,72.0,70.0,1000.0,200.0,-0.001,0.0,77.063,76.688,0.013,73.25,75.438,73.188,74.875,0.0,44.469,72.0,70.0,1000.0,200.0,0.0,0.0,75.438,75.125,-0.004,0.0,0.0,0.0,0.0,0.0,0.0,0.0,0.0,0.0,0.0,0.0,0.0,0.0,0.0,0.0,0.0,0.015,0.031,0.011,0.032,0.0,0.0,0.0,0.0,0.0,0.0,0.0,0.0,0.0,0.0,0.0,0.0,0.0,0.0,0.0,0.0,0.147,-0.149,0.0,0.0,0.149,0.001,-0.148,0.001,-0.035,0.011,0.0,0.0,0.035,0.036,-0.01,0.0,0.001,-0.0
9072007,245,0.0,1.0,1.0,1.0,100.0,0.0,0.0,0.0,0.0,0.0,0.0,35.139,35.139,0.012,0.02,0.0,80.0,55.0,1.4,16.359,2.248,2.228,0.333,71.615,71.846,73.548,70.089,68.497,0.0,0.04,0.087,20.0,20.0,76.205,49.629,0.0,73.433,74.239,73.577,77.026,60.981,67.406,64.329,-10.82,53.531,85.688,71.813,71.875,71.25,71.938,0.0,0.0,72.0,70.0,1000.0,200.0,0.0,16.234,73.375,71.938,-0.052,74.438,75.0,73.438,76.5,0.0,97.625,72.0,70.0,1000.0,200.0,-0.002,0.0,77.688,77.375,0.009,74.625,75.5,73.813,76.438,0.0,53.938,72.0,70.0,1000.0,200.0,-0.001,0.0,77.063,76.688,0.017,73.25,75.438,73.188,74.938,0.0,44.469,72.0,70.0,1000.0,200.0,0.0,0.0,75.438,75.125,-0.004,0.0,0.0,0.0,0.0,0.0,0.0,0.0,0.0,0.0,0.0,0.0,0.0,0.0,0.0,0.0,0.0,0.015,0.031,0.011,0.034,0.0,0.0,0.0,0.0,0.0,0.0,0.0,0.0,0.0,0.0,0.0,0.0,0.0,0.0,0.0,0.0,0.147,-0.149,-0.148,0.0,0.149,0.001,-0.148,0.001,-0.051,0.01,0.0,0.0,0.035,0.035,-0.011,0.0,0.001,-0.0
9072007,246,0.0,1.0,1.0,1.0,100.0,0.0,0.0,0.0,0.0,0.0,0.0,35.139,35.139,0.012,0.02,0.0,80.0,55.0,1.4,15.977,2.248,2.228,-0.985,71.723,71.846,73.548,70.195,68.604,0.0,0.036,0.087,20.0,20.0,75.84,49.573,0.0,73.54,74.387,73.471,77.026,60.981,67.511,64.402,-10.82,53.5,85.75,71.813,71.75,71.25,71.688,0.0,0.0,72.0,70.0,1000.0,200.0,0.0,15.758,73.375,71.938,-0.052,74.438,75.0,73.438,76.5,0.0,97.625,72.0,70.0,1000.0,200.0,-0.002,0.0,77.688,77.375,0.009,74.625,75.5,73.813,76.438,0.0,53.938,72.0,70.0,1000.0,200.0,-0.001,0.0,77.063,76.688,0.017,73.25,75.438,73.188,74.875,0.0,44.469,72.0,70.0,1000.0,200.0,0.0,0.0,75.438,75.125,-0.004,0.0,0.0,0.0,0.0,0.0,0.0,0.0,0.0,0.0,0.0,0.0,0.0,0.0,0.0,0.0,0.0,0.015,0.031,0.011,0.032,0.0,0.0,0.0,0.0,0.0,0.0,0.0,0.0,0.0,0.0,0.0,0.0,0.0,0.0,0.0,0.0,0.147,-0.149,0.0,0.0,0.149,0.001,-0.148,0.001,-0.035,0.01,0.0,0.0,0.035,0.035,-0.011,0.0,0.001,-0.0
9072007,247,0.0,1.0,1.0,1.0,100.0,0.0,0.0,0.0,0.0,0.0,0.0,33.968,35.139,0.012,0.02,0.0,80.0,55.0,1.4,15.773,2.248,2.228,-1.383,71.615,71.634,73.443,70.195,68.604,0.0,0.036,0.087,20.0,20.0,76.429,49.629,0.0,73.54,74.313,73.471,77.026,61.054,67.511,64.402,-10.828,53.5,85.75,71.813,71.75,71.25,71.75,0.0,0.0,72.0,70.0,1000.0,200.0,0.0,16.422,73.375,71.938,-0.052,74.438,75.0,73.438,76.438,0.0,97.625,72.0,70.0,1000.0,200.0,-0.002,0.0,77.688,77.375,0.009,74.813,75.438,73.938,76.438,0.0,53.938,72.0,70.0,1000.0,200.0,-0.001,0.0,77.063,76.938,0.017,73.25,75.438,73.188,74.875,0.0,44.469,72.0,70.0,1000.0,200.0,0.0,0.0,75.438,75.313,-0.004,0.0,0.0,0.0,0.0,0.0,0.0,0.0,0.0,0.0,0.0,0.0,0.0,0.0,0.0,0.0,0.0,0.015,0.031,0.011,0.034,0.0,0.0,0.0,0.0,0.0,0.0,0.0,0.0,0.0,0.0,0.0,0.0,0.0,0.0,0.0,0.0,0.0,-0.149,-0.148,0.0,0.001,0.001,-0.148,0.149,-0.039,0.01,0.0,0.0,0.034,0.035,-0.011,0.0,0.0,-0.0
9072007,248,0.0,1.0,1.0,1.0,100.0,0.0,0.0,0.0,0.0,0.0,0.0,33.968,35.139,0.012,0.02,0.0,80.0,55.0,1.4,16.109,2.248,2.228,0.336,71.615,71.846,73.548,70.195,68.604,0.0,0.036,0.087,20.0,20.0,76.457,49.629,0.0,73.433,74.387,73.471,77.026,60.981,67.511,64.329,-10.828,53.5,85.688,71.813,71.75,71.5,71.75,0.0,0.0,72.0,70.0,1000.0,200.0,0.0,16.078,73.375,71.938,-0.052,74.438,75.25,73.438,76.313,0.0,97.625,72.0,70.0,1000.0,200.0,-0.002,0.0,77.688,77.375,0.009,74.625,75.5,73.938,76.438,0.0,53.938,72.0,70.0,1000.0,200.0,-0.001,0.0,77.063,76.688,0.017,73.25,75.438,73.188,74.938,0.0,44.469,72.0,70.0,1000.0,200.0,0.0,0.0,75.438,75.125,-0.004,0.0,0.0,0.0,0.0,0.0,0.0,0.0,0.0,0.0,0.0,0.0,0.0,0.0,0.0,0.0,0.0,0.015,0.031,0.011,0.034,0.0,0.0,0.0,0.0,0.0,0.0,0.0,0.0,0.0,0.0,0.0,0.0,0.0,0.0,0.0,0.0,0.0,-0.149,-0.148,0.0,0.149,0.001,-0.148,0.001,-0.035,0.01,0.0,0.0,0.034,0.035,-0.011,0.0,0.001,-0.0
9072007,249,0.0,1.0,1.0,1.0,100.0,0.0,0.0,0.0,0.0,0.0,0.0,33.968,35.139,0.012,0.02,0.0,80.0,55.0,1.4,16.391,2.248,2.228,0.147,71.615,71.74,73.443,70.089,68.604,0.0,0.036,0.083,20.0,20.0,76.233,49.657,0.0,73.433,74.387,73.365,77.026,61.054,67.615,64.402,-10.82,53.469,85.75,71.813,71.75,71.5,71.75,0.0,0.0,72.0,70.0,1000.0,200.0,0.0,16.578,73.25,71.938,-0.052,74.438,75.25,73.438,76.438,0.0,97.625,72.0,70.0,1000.0,200.0,-0.002,0.0,77.688,77.375,0.009,74.625,75.5,73.813,76.438,0.0,53.938,72.0,70.0,1000.0,200.0,-0.001,0.0,77.063,76.688,0.017,73.25,75.438,73.188,74.875,0.0,44.469,72.0,70.0,1000.0,200.0,0.0,0.0,75.313,75.125,-0.004,0.0,0.0,0.0,0.0,0.0,0.0,0.0,0.0,0.0,0.0,0.0,0.0,0.0,0.0,0.0,0.0,0.015,0.031,0.011,0.032,0.0,0.0,0.0,0.0,0.0,0.0,0.0,0.0,0.0,0.0,0.0,0.0,0.0,0.0,0.0,0.0,0.147,-0.149,0.0,0.0,0.001,0.149,-0.148,0.149,-0.031,0.01,0.0,0.0,0.034,0.035,-0.01,0.0,0.001,-0.0
9072007,250,0.0,1.0,1.0,1.0,100.0,0.0,0.0,0.0,0.0,0.0,0.0,35.139,35.139,0.012,0.02,0.0,80.0,55.0,1.4,16.5,2.248,2.228,0.014,71.723,71.74,73.443,70.089,68.604,0.0,0.036,0.087,20.0,20.0,76.625,49.657,0.0,73.433,74.387,73.471,77.1,61.054,67.511,64.474,-10.82,53.469,85.688,71.813,71.75,71.5,71.75,0.0,0.0,72.0,70.0,1000.0,200.0,0.0,15.969,73.375,71.938,-0.052,74.438,75.25,73.438,76.438,0.0,97.625,72.0,70.0,1000.0,200.0,-0.002,0.0,77.688,77.375,0.009,74.625,75.5,73.813,76.438,0.0,53.938,72.0,70.0,1000.0,200.0,-0.001,0.0,77.063,76.688,0.012,73.25,75.438,73.188,74.875,0.0,44.469,72.0,70.0,1000.0,200.0,0.0,0.0,75.438,75.125,-0.004,0.0,0.0,0.0,0.0,0.0,0.0,0.0,0.0,0.0,0.0,0.0,0.0,0.0,0.0,0.0,0.0,0.015,0.031,0.011,0.034,0.0,0.0,0.0,0.0,0.0,0.0,0.0,0.0,0.0,0.0,0.0,0.0,0.0,0.0,0.0,0.0,0.0,-0.149,-0.148,0.0,0.149,0.149,0.0,0.149,-0.036,0.011,0.0,0.0,0.035,0.035,-0.011,0.0,0.001,-0.0
9072007,251,0.0,1.0,1.0,1.0,100.0,0.0,0.0,0.0,0.0,0.0,0.0,33.968,35.139,0.012,0.02,0.0,80.0,55.0,1.4,16.5,2.248,0.462,0.266,71.723,71.74,73.443,70.301,68.604,0.0,0.036,0.087,20.0,20.0,76.149,49.713,0.0,73.433,74.387,73.471,77.026,61.054,67.511,64.402,-10.82,53.438,85.75,71.813,71.75,71.25,71.75,0.0,0.0,72.0,70.0,1000.0,200.0,0.0,16.328,73.375,72.063,-0.052,74.438,75.25,73.438,76.5,0.0,97.625,72.0,70.0,1000.0,200.0,-0.002,0.0,77.688,77.375,0.009,74.625,75.5,73.813,76.438,0.0,53.938,72.0,70.0,1000.0,200.0,-0.001,0.0,77.063,76.688,0.017,73.25,75.438,73.188,74.938,0.0,44.469,72.0,70.0,1000.0,200.0,0.0,0.0,75.438,75.125,-0.004,0.0,0.0,0.0,0.0,0.0,0.0,0.0,0.0,0.0,0.0,0.0,0.0,0.0,0.0,0.0,0.0,0.017,0.031,0.011,0.034,0.0,0.0,0.0,0.0,0.0,0.0,0.0,0.0,0.0,0.0,0.0,0.0,0.0,0.0,0.0,0.0,0.147,-0.149,0.0,0.0,0.149,0.001,-0.148,0.001,-0.035,0.01,0.0,0.0,0.034,0.035,-0.01,0.0,0.001,-0.0
9072007,252,0.0,1.0,1.0,1.0,100.0,0.0,0.0,0.0,0.0,0.0,0.0,35.139,36.31,0.012,0.02,0.0,80.0,55.0,1.4,16.375,2.248,0.462,0.34,71.615,71.952,73.548,70.089,68.604,0.0,0.036,0.087,20.0,20.0,76.682,49.769,0.0,73.433,74.387,73.471,77.026,61.201,67.511,64.474,-10.828,53.438,85.688,71.813,71.75,71.5,71.75,0.0,0.0,72.0,70.0,1000.0,200.0,0.0,16.359,73.375,71.938,-0.052,74.438,75.25,73.438,76.438,0.0,97.625,72.0,70.0,1000.0,200.0,-0.002,0.0,77.688,77.375,0.009,74.625,75.5,73.813,76.438,0.0,53.938,72.0,70.0,1000.0,200.0,-0.001,0.0,77.063,76.688,0.021,73.25,75.313,73.188,74.938,0.0,44.469,72.0,70.0,1000.0,200.0,0.0,0.0,75.438,75.125,-0.004,0.0,0.0,0.0,0.0,0.0,0.0,0.0,0.0,0.0,0.0,0.0,0.0,0.0,0.0,0.0,0.0,0.015,0.031,0.011,0.034,0.0,0.0,0.0,0.0,0.0,0.0,0.0,0.0,0.0,0.0,0.0,0.0,0.0,0.0,0.0,0.0,0.147,-0.149,0.0,0.0,0.149,0.149,-0.148,0.149,-0.035,0.01,0.0,0.0,0.035,0.036,-0.011,0.0,0.001,-0.0
9072007,253,0.0,1.0,1.0,1.0,100.0,0.0,0.0,0.0,0.0,0.0,0.0,33.968,35.139,0.012,0.02,0.0,80.0,55.0,1.4,16.313,2.248,2.228,-1.428,71.723,71.74,73.443,70.089,68.604,0.0,0.036,0.087,20.0,20.0,76.233,49.769,0.0,73.325,74.313,73.471,77.026,61.127,67.615,64.474,-10.82,53.438,85.75,71.813,71.875,71.25,71.938,0.0,0.0,72.0,70.0,1000.0,200.0,0.0,16.359,73.375,72.063,-0.052,74.438,75.0,73.438,76.438,0.0,97.625,72.0,70.0,1000.0,200.0,-0.002,0.0,77.688,77.375,0.009,74.625,75.625,73.813,76.375,0.0,53.938,72.0,70.0,1000.0,200.0,-0.001,0.0,77.063,76.688,0.017,73.5,75.438,73.375,74.938,0.0,44.469,72.0,70.0,1000.0,200.0,0.0,0.0,75.438,75.125,-0.004,0.0,0.0,0.0,0.0,0.0,0.0,0.0,0.0,0.0,0.0,0.0,0.0,0.0,0.0,0.0,0.0,0.015,0.031,0.011,0.034,0.0,0.0,0.0,0.0,0.0,0.0,0.0,0.0,0.0,0.0,0.0,0.0,0.0,0.0,0.0,0.0,0.147,-0.149,0.0,0.0,0.149,0.149,-0.148,0.149,-0.039,0.01,0.0,0.0,0.034,0.035,-0.01,0.0,0.001,-0.0
9072007,254,0.0,1.0,1.0,1.0,100.0,0.0,0.0,0.0,0.0,0.0,0.0,33.968,35.139,0.012,0.02,0.0,80.0,55.0,1.4,16.266,2.248,2.228,-1.438,71.938,71.74,73.337,70.089,68.818,0.0,0.036,0.087,20.0,20.0,76.569,49.825,0.0,73.755,74.387,73.577,77.026,61.274,67.615,64.547,-10.82,53.438,85.75,71.938,71.875,71.5,71.75,0.0,0.0,72.0,70.0,1000.0,200.0,0.0,15.883,73.375,72.063,-0.052,74.438,75.0,73.438,76.438,0.0,97.625,72.0,70.0,1000.0,200.0,-0.002,0.0,77.563,77.375,0.009,74.625,75.438,73.813,76.375,0.0,53.938,72.0,70.0,1000.0,200.0,-0.001,0.0,77.063,76.688,0.017,73.25,75.438,73.375,74.875,0.0,44.469,72.0,70.0,1000.0,200.0,0.0,0.0,75.438,75.0,-0.004,0.0,0.0,0.0,0.0,0.0,0.0,0.0,0.0,0.0,0.0,0.0,0.0,0.0,0.0,0.0,0.0,0.017,0.031,0.011,0.034,0.0,0.0,0.0,0.0,0.0,0.0,0.0,0.0,0.0,0.0,0.0,0.0,0.0,0.0,0.0,0.0,0.0,-0.149,-0.148,0.0,0.001,0.001,-0.148,0.149,-0.039,0.01,0.0,0.0,0.034,0.035,-0.01,0.0,0.001,-0.0
9072007,255,0.0,1.0,1.0,1.0,100.0,0.0,0.0,0.0,0.0,0.0,0.0,33.968,35.139,0.012,0.02,0.0,80.0,55.0,1.4,16.438,2.248,0.462,-1.102,71.938,71.74,73.337,70.195,68.818,0.0,0.036,0.087,20.0,20.0,76.065,49.853,0.0,73.647,74.313,73.577,77.026,61.201,67.719,64.547,-10.82,53.406,85.688,71.813,71.875,71.5,71.75,0.0,0.0,72.0,70.0,1000.0,200.0,0.0,15.984,73.375,71.938,-0.052,74.188,75.0,73.438,76.438,0.0,97.625,72.0,70.0,1000.0,200.0,-0.002,0.0,77.688,77.375,0.009,74.625,75.438,73.938,76.438,0.0,53.938,72.0,70.0,1000.0,200.0,-0.001,0.0,77.0,76.688,0.017,73.25,75.438,73.375,74.875,0.0,44.469,72.0,70.0,1000.0,200.0,0.0,0.0,75.438,75.125,-0.004,0.0,0.0,0.0,0.0,0.0,0.0,0.0,0.0,0.0,0.0,0.0,0.0,0.0,0.0,0.0,0.0,0.015,0.031,0.011,0.034,0.0,0.0,0.0,0.0,0.0,0.0,0.0,0.0,0.0,0.0,0.0,0.0,0.0,0.0,0.0,0.0,0.147,-0.149,0.0,0.0,0.001,0.149,-0.148,0.149,-0.044,0.01,0.0,0.0,0.034,0.035,-0.011,0.0,0.001,-0.0
9072007,256,0.0,1.0,1.0,1.0,100.0,0.0,0.0,0.0,0.0,0.0,0.0,33.968,35.139,0.012,0.02,0.0,80.0,55.0,1.4,16.359,2.248,2.228,-1.275,71.723,71.952,73.548,70.195,68.497,0.0,0.036,0.083,20.0,20.0,76.906,49.881,0.0,73.325,74.313,73.471,77.026,61.274,67.615,64.547,-10.828,53.438,85.75,71.813,71.75,71.25,71.75,0.0,0.0,72.0,70.0,1000.0,200.0,0.0,16.031,73.375,71.938,-0.052,74.438,75.0,73.438,76.438,0.0,97.625,72.0,70.0,1000.0,200.0,-0.002,0.0,77.688,77.375,0.009,74.625,75.438,73.938,76.375,0.0,53.938,72.0,70.0,1000.0,200.0,-0.001,0.0,77.063,76.688,0.017,73.25,75.438,73.188,74.938,0.0,44.469,72.0,70.0,1000.0,200.0,0.0,0.0,75.438,75.125,-0.004,0.0,0.0,0.0,0.0,0.0,0.0,0.0,0.0,0.0,0.0,0.0,0.0,0.0,0.0,0.0,0.0,0.015,0.031,0.011,0.034,0.0,0.0,0.0,0.0,0.0,0.0,0.0,0.0,0.0,0.0,0.0,0.0,0.0,0.0,0.0,0.0,0.0,-0.149,0.0,0.0,0.001,0.149,-0.148,0.149,-0.039,0.01,0.0,0.0,0.034,0.035,-0.011,0.0,0.001,-0.0
9072007,257,0.0,1.0,1.0,1.0,100.0,0.0,0.0,0.0,0.0,0.0,0.0,33.968,35.139,0.022,0.02,0.0,80.0,55.0,1.4,16.359,2.248,2.228,-0.097,71.723,71.74,73.337,70.089,68.497,0.0,0.036,0.087,20.0,20.0,76.233,49.881,0.0,73.433,74.313,73.365,77.026,61.274,67.615,64.547,-10.82,53.406,85.688,71.813,71.75,71.188,71.75,0.0,0.0,72.0,70.0,1000.0,200.0,0.0,16.703,73.25,71.938,-0.052,74.438,75.25,73.375,76.438,0.0,97.625,72.0,70.0,1000.0,200.0,-0.002,0.0,77.688,77.375,0.009,74.625,75.5,73.938,76.438,0.0,53.938,72.0,70.0,1000.0,200.0,-0.001,0.0,77.063,76.688,0.017,73.25,75.313,73.375,74.875,0.0,44.469,72.0,70.0,1000.0,200.0,0.0,0.0,75.438,75.125,-0.004,0.0,0.0,0.0,0.0,0.0,0.0,0.0,0.0,0.0,0.0,0.0,0.0,0.0,0.0,0.0,0.0,0.017,0.031,0.011,0.034,0.0,0.0,0.0,0.0,0.0,0.0,0.0,0.0,0.0,0.0,0.0,0.0,0.0,0.0,0.0,0.0,0.147,-0.149,0.0,0.0,0.149,0.001,-0.148,0.001,-0.063,0.01,0.0,0.0,0.034,0.035,-0.01,0.0,0.001,-0.0
9072007,258,0.0,1.0,1.0,1.0,100.0,0.0,0.0,0.0,0.0,0.0,0.0,33.968,35.139,0.012,0.02,0.0,80.0,55.0,1.4,16.453,2.248,0.462,-1.334,71.723,71.846,73.337,70.195,68.604,0.0,0.04,0.087,20.0,20.0,76.261,49.937,0.0,73.433,74.387,73.471,77.026,61.347,67.615,64.62,-10.82,53.375,85.688,71.813,71.75,71.25,71.75,0.0,0.0,72.0,70.0,1000.0,200.0,0.0,16.25,73.375,72.063,-0.052,74.438,75.0,73.438,76.438,0.0,97.625,72.0,70.0,1000.0,200.0,-0.002,0.0,77.688,77.375,0.009,74.625,75.5,73.625,76.438,0.0,53.938,72.0,70.0,1000.0,200.0,-0.001,0.0,77.063,76.688,0.017,73.25,75.438,73.375,74.938,0.0,44.469,72.0,70.0,1000.0,200.0,0.0,0.0,75.438,75.125,-0.004,0.0,0.0,0.0,0.0,0.0,0.0,0.0,0.0,0.0,0.0,0.0,0.0,0.0,0.0,0.0,0.0,0.015,0.031,0.011,0.034,0.0,0.0,0.0,0.0,0.0,0.0,0.0,0.0,0.0,0.0,0.0,0.0,0.0,0.0,0.0,0.0,0.0,-0.001,-0.148,0.0,0.149,0.001,-0.148,0.149,-0.035,0.01,0.0,0.0,0.034,0.035,-0.01,0.0,0.001,-0.0
9072007,259,0.0,1.0,1.0,1.0,100.0,0.0,0.0,0.0,0.0,0.0,0.0,33.968,35.139,0.012,0.02,0.0,80.0,55.0,1.4,16.656,2.248,2.228,-0.723,71.938,71.846,73.337,70.195,68.818,0.0,0.036,0.087,20.0,20.0,76.457,49.993,0.0,73.647,74.239,73.577,76.878,61.274,67.615,64.547,-10.828,53.375,85.688,71.813,71.875,71.5,71.75,0.0,0.0,72.0,70.0,1000.0,200.0,0.0,16.5,73.375,72.063,-0.052,74.188,75.0,73.375,76.438,0.0,97.625,72.0,70.0,1000.0,200.0,-0.002,0.0,77.688,77.375,0.009,74.625,75.438,73.813,76.375,0.0,53.938,72.0,70.0,1000.0,200.0,-0.001,0.0,77.063,76.688,0.013,73.25,75.438,73.375,74.875,0.0,44.469,72.0,70.0,1000.0,200.0,0.0,0.0,75.5,75.125,-0.004,0.0,0.0,0.0,0.0,0.0,0.0,0.0,0.0,0.0,0.0,0.0,0.0,0.0,0.0,0.0,0.0,0.015,0.031,0.011,0.034,0.0,0.0,0.0,0.0,0.0,0.0,0.0,0.0,0.0,0.0,0.0,0.0,0.0,0.0,0.0,0.0,0.147,-0.149,0.0,0.0,0.149,0.001,0.074,0.001,-0.048,0.01,0.0,0.0,0.034,0.035,-0.01,0.0,0.001,-0.0
9072007,300,0.0,1.0,1.0,1.0,100.0,0.0,0.0,0.0,0.0,0.0,0.0,35.139,35.139,0.012,0.02,0.0,80.0,55.0,1.4,16.406,2.248,2.228,-0.714,71.723,71.846,73.232,70.195,68.604,0.0,0.036,0.083,20.0,20.0,76.345,50.021,0.0,73.325,74.313,73.471,76.952,61.274,67.615,64.62,-10.82,53.344,85.688,71.938,71.875,71.5,71.688,0.0,0.0,72.0,70.0,1000.0,200.0,0.0,16.094,73.375,72.063,-0.052,74.438,75.0,73.438,76.438,0.0,97.625,72.0,70.0,1000.0,200.0,-0.002,0.0,77.688,77.313,0.009,74.625,75.5,73.813,76.563,0.0,53.938,72.0,70.0,1000.0,200.0,-0.001,0.0,77.063,76.688,0.017,73.25,75.438,73.188,74.875,0.0,44.469,72.0,70.0,1000.0,200.0,0.0,0.0,75.438,75.313,-0.004,0.0,0.0,0.0,0.0,0.0,0.0,0.0,0.0,0.0,0.0,0.0,0.0,0.0,0.0,0.0,0.0,0.015,0.031,0.011,0.034,0.0,0.0,0.0,0.0,0.0,0.0,0.0,0.0,0.0,0.0,0.0,0.0,0.0,0.0,0.0,0.0,0.147,-0.149,0.0,0.0,0.001,0.149,-0.148,0.149,-0.038,0.011,0.0,0.0,0.035,0.035,-0.01,0.0,0.001,-0.0
9072007,301,0.0,1.0,1.0,1.0,100.0,0.0,0.0,0.0,0.0,0.0,0.0,33.968,35.139,0.012,0.02,0.0,80.0,55.0,1.4,16.516,2.248,2.228,-0.096,71.615,71.74,73.232,70.195,68.604,0.0,0.036,0.083,20.0,20.0,76.654,50.021,0.0,73.433,74.387,73.471,77.026,61.347,67.719,64.62,-10.82,53.344,85.688,71.813,71.75,71.25,71.688,0.0,0.0,72.0,70.0,1000.0,200.0,0.0,15.797,73.375,71.938,-0.052,74.438,75.0,73.438,76.438,0.0,97.625,72.0,70.0,1000.0,200.0,-0.002,0.0,77.688,77.375,0.009,74.625,75.438,73.938,76.375,0.0,53.938,72.0,70.0,1000.0,200.0,-0.001,0.0,77.063,76.688,0.012,73.25,75.438,73.375,75.063,0.0,44.469,72.0,70.0,1000.0,200.0,0.0,0.0,75.438,75.125,-0.004,0.0,0.0,0.0,0.0,0.0,0.0,0.0,0.0,0.0,0.0,0.0,0.0,0.0,0.0,0.0,0.0,0.015,0.031,0.01,0.032,0.0,0.0,0.0,0.0,0.0,0.0,0.0,0.0,0.0,0.0,0.0,0.0,0.0,0.0,0.0,0.0,0.147,-0.149,0.0,-0.074,0.149,0.001,-0.148,0.001,-0.035,0.01,0.0,0.0,0.034,0.035,-0.011,0.0,0.001,-0.0
9072007,302,0.0,1.0,1.0,1.0,100.0,0.0,0.0,0.0,0.0,0.0,0.0,33.968,35.139,0.012,0.02,0.0,80.0,55.0,1.4,15.781,2.248,2.228,-0.098,71.723,71.846,73.232,70.089,68.604,0.0,0.036,0.087,20.0,20.0,76.625,50.161,0.0,73.433,74.313,73.471,77.026,61.421,67.615,64.693,-10.82,53.313,85.688,71.813,71.75,71.25,71.688,0.0,0.0,72.0,70.0,1000.0,200.0,0.0,16.359,73.375,71.938,-0.052,74.188,75.0,73.438,76.5,0.0,97.625,72.0,70.0,1000.0,200.0,-0.002,0.0,77.688,77.313,0.009,74.625,75.438,73.813,76.438,0.0,53.938,72.0,70.0,1000.0,200.0,-0.001,0.0,77.063,76.688,0.017,73.25,75.438,73.375,74.938,0.0,44.469,72.0,70.0,1000.0,200.0,0.0,0.0,75.438,75.125,-0.004,0.0,0.0,0.0,0.0,0.0,0.0,0.0,0.0,0.0,0.0,0.0,0.0,0.0,0.0,0.0,0.0,0.017,0.031,0.011,0.032,0.0,0.0,0.0,0.0,0.0,0.0,0.0,0.0,0.0,0.0,0.0,0.0,0.0,0.0,0.0,0.0,0.147,-0.149,0.0,0.0,0.001,0.001,-0.148,0.149,-0.039,0.011,0.0,0.0,0.034,0.035,-0.011,0.0,0.001,-0.0
9072007,303,0.0,1.0,1.0,1.0,100.0,0.0,0.0,0.0,0.0,0.0,0.0,33.968,35.139,0.012,0.02,0.0,80.0,55.0,1.4,16.453,2.248,3.993,-0.549,71.723,71.846,73.232,70.089,68.604,0.0,0.036,0.087,20.0,20.0,77.018,50.245,0.0,73.433,74.387,73.365,77.026,61.421,67.615,64.693,-10.82,53.313,85.688,71.813,71.75,71.25,71.75,0.0,0.0,72.0,70.0,1000.0,200.0,0.0,15.898,73.375,72.063,-0.052,74.188,75.0,73.375,76.438,0.0,97.625,72.0,70.0,1000.0,200.0,-0.002,0.0,77.688,77.313,0.009,74.625,75.438,73.813,76.438,0.0,53.938,72.0,70.0,1000.0,200.0,-0.001,0.0,77.063,76.688,0.017,73.25,75.438,73.375,74.938,0.0,44.469,72.0,70.0,1000.0,200.0,0.0,0.0,75.438,75.125,-0.004,0.0,0.0,0.0,0.0,0.0,0.0,0.0,0.0,0.0,0.0,0.0,0.0,0.0,0.0,0.0,0.0,0.015,0.031,0.011,0.034,0.0,0.0,0.0,0.0,0.0,0.0,0.0,0.0,0.0,0.0,0.0,0.0,0.0,0.0,0.0,0.0,0.147,-0.149,0.0,0.0,0.001,0.001,-0.148,0.001,-0.031,0.011,0.0,0.0,0.034,0.035,-0.01,0.0,0.001,-0.0
9072007,304,0.0,1.0,1.0,1.0,100.0,0.0,0.0,0.0,0.0,0.0,0.0,35.139,35.139,0.012,0.005,0.0,80.0,55.0,1.4,16.359,2.248,2.228,0.306,71.831,71.846,73.337,70.195,68.604,0.0,0.036,0.087,20.0,20.0,77.13,50.217,0.0,73.433,74.313,73.471,77.026,61.421,67.615,64.766,-10.82,53.313,85.625,71.813,71.875,71.25,71.688,0.0,0.0,72.0,70.0,1000.0,200.0,0.0,16.0,73.375,72.063,-0.052,74.438,75.0,73.375,76.438,0.0,97.625,72.0,70.0,1000.0,200.0,-0.002,0.0,77.563,77.375,0.009,74.625,75.438,73.813,76.438,0.0,53.938,72.0,70.0,1000.0,200.0,-0.001,0.0,77.0,76.688,0.017,73.25,75.438,73.188,74.938,0.0,44.469,72.0,70.0,1000.0,200.0,0.0,0.0,75.438,75.125,-0.004,0.0,0.0,0.0,0.0,0.0,0.0,0.0,0.0,0.0,0.0,0.0,0.0,0.0,0.0,0.0,0.0,0.015,0.031,0.011,0.034,0.0,0.0,0.0,0.0,0.0,0.0,0.0,0.0,0.0,0.0,0.0,0.0,0.0,0.0,0.0,0.0,0.147,-0.001,-0.148,0.0,0.149,0.001,0.0,0.001,-0.039,0.003,0.0,0.0,0.035,0.035,-0.01,0.0,0.001,-0.0
9072007,305,0.0,1.0,1.0,1.0,100.0,0.0,0.0,0.0,0.0,0.0,0.0,35.139,35.139,0.012,0.02,0.0,80.0,55.0,1.4,15.93,2.248,3.993,-0.119,71.831,71.74,73.337,70.195,68.711,0.0,0.036,0.083,20.0,20.0,77.018,50.133,0.0,73.433,74.313,73.365,77.026,61.494,67.615,64.766,-10.828,53.281,85.625,71.813,71.875,71.5,71.75,0.0,0.0,72.0,70.0,1000.0,200.0,0.0,16.125,73.375,71.938,-0.052,74.188,75.0,73.375,76.438,0.0,97.625,72.0,70.0,1000.0,200.0,-0.002,0.0,77.688,77.375,0.009,74.625,75.5,73.813,76.438,0.0,53.938,72.0,70.0,1000.0,200.0,-0.001,0.0,77.063,76.688,0.017,73.25,75.438,73.375,74.875,0.0,44.469,72.0,70.0,1000.0,200.0,0.0,0.0,75.438,75.125,-0.004,0.0,0.0,0.0,0.0,0.0,0.0,0.0,0.0,0.0,0.0,0.0,0.0,0.0,0.0,0.0,0.0,0.015,0.031,0.011,0.034,0.0,0.0,0.0,0.0,0.0,0.0,0.0,0.0,0.0,0.0,0.0,0.0,0.0,0.0,0.0,0.0,0.147,-0.149,0.0,0.0,0.149,0.001,0.0,0.001,-0.034,0.011,0.0,0.0,0.035,0.035,-0.011,0.0,0.001,-0.0
9072007,306,0.0,1.0,1.0,1.0,100.0,0.0,0.0,0.0,0.0,0.0,0.0,33.968,36.31,0.012,0.02,0.0,80.0,55.0,1.4,16.094,2.248,2.228,-1.3,71.723,71.846,73.337,70.195,68.604,0.0,0.036,0.087,20.0,20.0,76.822,50.077,0.0,73.54,74.313,73.577,76.952,61.494,67.719,64.693,-10.82,53.281,85.625,71.813,71.875,71.5,71.75,0.0,0.0,72.0,70.0,1000.0,200.0,0.0,16.688,73.375,72.063,-0.052,74.438,75.0,73.375,76.438,0.0,97.625,72.0,70.0,1000.0,200.0,-0.002,0.0,77.688,77.313,0.009,74.625,75.438,73.813,76.438,0.0,53.938,72.0,70.0,1000.0,200.0,-0.001,0.0,77.0,76.688,0.017,73.25,75.438,73.375,74.938,0.0,44.469,72.0,70.0,1000.0,200.0,0.0,0.0,75.438,75.125,-0.004,0.0,0.0,0.0,0.0,0.0,0.0,0.0,0.0,0.0,0.0,0.0,0.0,0.0,0.0,0.0,0.0,0.017,0.031,0.011,0.034,0.0,0.0,0.0,0.0,0.0,0.0,0.0,0.0,0.0,0.0,0.0,0.0,0.0,0.0,0.0,0.0,0.147,-0.149,0.0,0.0,0.149,0.001,-0.148,0.149,-0.043,0.01,0.0,0.0,0.034,0.036,-0.01,0.0,0.001,-0.0
9072007,307,0.0,1.0,1.0,1.0,100.0,0.0,0.0,0.0,0.0,0.0,0.0,33.968,35.139,0.012,0.02,0.0,80.0,55.0,1.4,16.234,2.248,3.993,0.298,71.831,71.846,73.443,70.195,68.604,0.0,0.036,0.087,20.0,20.0,76.906,50.133,0.0,73.433,74.239,73.365,76.952,61.567,67.824,64.766,-10.828,53.281,85.625,71.813,71.875,71.25,71.75,0.0,0.0,72.0,70.0,1000.0,200.0,0.0,16.297,73.375,72.063,-0.052,74.188,75.0,73.438,76.438,0.0,97.625,72.0,70.0,1000.0,200.0,-0.002,0.0,77.688,77.313,0.009,74.625,75.5,73.813,76.438,0.0,53.938,72.0,70.0,1000.0,200.0,-0.001,0.0,77.063,76.688,0.017,73.25,75.438,73.375,74.938,0.0,44.469,72.0,70.0,1000.0,200.0,0.0,0.0,75.438,75.125,-0.004,0.0,0.0,0.0,0.0,0.0,0.0,0.0,0.0,0.0,0.0,0.0,0.0,0.0,0.0,0.0,0.0,0.015,0.031,0.011,0.034,0.0,0.0,0.0,0.0,0.0,0.0,0.0,0.0,0.0,0.0,0.0,0.0,0.0,0.0,0.0,0.0,0.0,-0.149,0.0,0.0,0.001,0.149,-0.148,0.149,-0.037,0.01,0.0,0.0,0.034,0.035,-0.01,0.0,0.001,-0.0
9072007,308,0.0,1.0,1.0,1.0,100.0,0.0,0.0,0.0,0.0,0.0,0.0,35.139,35.139,0.012,0.02,0.0,80.0,55.0,1.4,16.234,2.248,2.228,-0.44,71.723,71.846,73.443,70.089,68.711,0.0,0.036,0.083,20.0,20.0,76.597,49.965,0.0,73.433,74.313,73.577,76.952,61.567,67.615,64.766,-10.828,53.281,85.625,71.813,71.75,71.5,71.75,0.0,0.0,72.0,70.0,1000.0,200.0,0.0,16.188,73.375,71.938,-0.052,74.188,75.25,73.438,76.438,0.0,97.625,72.0,70.0,1000.0,200.0,-0.002,0.0,77.688,77.313,0.009,74.625,75.5,73.813,76.438,0.0,53.938,72.0,70.0,1000.0,200.0,-0.001,0.0,77.0,76.688,0.018,73.25,75.438,73.375,74.938,0.0,44.469,72.0,70.0,1000.0,200.0,0.0,0.0,75.438,75.125,-0.004,0.0,0.0,0.0,0.0,0.0,0.0,0.0,0.0,0.0,0.0,0.0,0.0,0.0,0.0,0.0,0.0,0.015,0.031,0.011,0.034,0.0,0.0,0.0,0.0,0.0,0.0,0.0,0.0,0.0,0.0,0.0,0.0,0.0,0.0,0.0,0.0,0.0,-0.149,-0.148,0.0,0.149,0.001,-0.148,0.149,-0.043,0.011,0.0,0.0,0.035,0.035,-0.011,0.0,0.001,-0.0
9072007,309,0.0,1.0,1.0,1.0,100.0,0.0,0.0,0.0,0.0,0.0,0.0,35.139,36.31,0.012,0.02,0.0,80.0,55.0,1.4,16.188,2.248,2.228,0.127,71.723,71.74,73.548,70.195,68.604,0.0,0.036,0.083,20.0,20.0,76.541,49.937,0.0,73.433,74.239,73.365,76.952,61.567,67.719,64.766,-10.82,53.281,85.688,71.813,71.875,71.25,71.75,0.0,0.0,72.0,70.0,1000.0,200.0,0.0,16.063,73.375,71.938,-0.052,74.438,75.0,73.375,76.438,0.0,97.625,72.0,70.0,1000.0,200.0,-0.002,0.0,77.563,77.313,0.009,74.625,75.5,73.813,76.375,0.0,53.938,72.0,70.0,1000.0,200.0,-0.001,0.0,77.063,76.688,0.017,73.25,75.313,73.375,74.875,0.0,44.469,72.0,70.0,1000.0,200.0,0.0,0.0,75.438,75.125,-0.004,0.0,0.0,0.0,0.0,0.0,0.0,0.0,0.0,0.0,0.0,0.0,0.0,0.0,0.0,0.0,0.0,0.015,0.031,0.011,0.034,0.0,0.0,0.0,0.0,0.0,0.0,0.0,0.0,0.0,0.0,0.0,0.0,0.0,0.0,0.0,0.0,0.0,-0.001,-0.148,0.147,0.149,0.001,-0.148,0.001,-0.037,0.01,0.0,0.0,0.035,0.036,-0.011,0.0,0.001,-0.0
9072007,310,0.0,1.0,1.0,1.0,100.0,0.0,0.0,0.0,0.0,0.0,0.0,35.139,35.139,0.012,0.02,0.0,80.0,55.0,1.4,16.406,2.248,3.993,-0.982,71.615,71.846,73.548,70.195,68.497,0.0,0.036,0.083,20.0,20.0,76.401,49.881,0.0,73.433,74.239,73.365,76.952,61.64,67.719,64.839,-10.82,53.281,85.688,71.938,71.875,71.5,71.75,0.0,0.0,72.0,70.0,1000.0,200.0,0.0,16.016,73.375,72.063,-0.052,74.188,75.0,73.375,76.438,0.0,97.625,72.0,70.0,1000.0,200.0,-0.002,0.0,77.563,77.375,0.009,74.625,75.5,73.938,76.375,0.0,53.938,72.0,70.0,1000.0,200.0,-0.001,0.0,77.0,76.688,0.017,73.25,75.438,73.375,74.875,0.0,44.469,72.0,70.0,1000.0,200.0,0.0,0.0,75.438,75.125,-0.004,0.0,0.0,0.0,0.0,0.0,0.0,0.0,0.0,0.0,0.0,0.0,0.0,0.0,0.0,0.0,0.0,0.015,0.031,0.011,0.034,0.0,0.0,0.0,0.0,0.0,0.0,0.0,0.0,0.0,0.0,0.0,0.0,0.0,0.0,0.0,0.0,0.0,-0.149,-0.148,0.147,0.149,0.001,-0.148,0.001,-0.037,0.011,0.0,0.0,0.035,0.035,-0.01,0.0,0.001,-0.0
9072007,311,0.0,1.0,1.0,1.0,100.0,0.0,0.0,0.0,0.0,0.0,0.0,35.139,35.139,0.012,0.02,0.0,80.0,55.0,1.4,16.203,2.248,2.228,-1.439,71.723,71.846,73.548,70.195,68.711,0.0,0.036,0.087,20.0,20.0,76.738,49.825,0.0,73.54,74.165,73.471,76.878,61.567,67.824,64.766,-10.82,53.281,85.625,71.813,71.75,71.5,71.75,0.0,0.0,72.0,70.0,1000.0,200.0,0.0,15.797,73.375,71.938,-0.052,74.188,75.0,73.438,76.438,0.0,97.625,72.0,70.0,1000.0,200.0,-0.002,0.0,77.563,77.375,0.009,74.625,75.5,73.813,76.375,0.0,53.938,72.0,70.0,1000.0,200.0,-0.001,0.0,77.0,76.688,0.017,73.25,75.313,73.188,74.875,0.0,44.469,72.0,70.0,1000.0,200.0,0.0,0.0,75.438,75.125,-0.004,0.0,0.0,0.0,0.0,0.0,0.0,0.0,0.0,0.0,0.0,0.0,0.0,0.0,0.0,0.0,0.0,0.015,0.031,0.011,0.034,0.0,0.0,0.0,0.0,0.0,0.0,0.0,0.0,0.0,0.0,0.0,0.0,0.0,0.0,0.0,0.0,0.147,-0.149,0.0,0.0,0.149,0.149,-0.148,0.149,-0.047,0.01,0.0,0.0,0.035,0.035,-0.011,0.0,0.001,-0.0
9072007,312,0.0,1.0,1.0,1.0,100.0,0.0,0.0,0.0,0.0,0.0,0.0,33.968,35.139,0.012,0.02,0.0,80.0,55.0,1.4,16.609,2.248,3.993,-1.436,71.831,71.846,73.548,70.195,68.711,0.0,0.04,0.087,20.0,20.0,76.233,49.769,0.0,73.433,74.313,73.471,76.952,61.64,67.719,64.839,-10.828,53.281,85.625,71.813,71.875,71.25,71.75,0.0,0.0,72.0,70.0,1000.0,200.0,0.0,16.688,73.375,72.063,-0.052,74.188,75.0,73.375,76.313,0.0,97.625,72.0,70.0,1000.0,200.0,-0.002,0.0,77.563,77.313,0.009,74.625,75.5,73.938,76.438,0.0,53.938,72.0,70.0,1000.0,200.0,-0.001,0.0,77.063,76.938,0.017,73.25,75.438,73.375,74.875,0.0,44.469,72.0,70.0,1000.0,200.0,0.0,0.0,75.438,75.125,-0.004,0.0,0.0,0.0,0.0,0.0,0.0,0.0,0.0,0.0,0.0,0.0,0.0,0.0,0.0,0.0,0.0,0.017,0.031,0.011,0.034,0.0,0.0,0.0,0.0,0.0,0.0,0.0,0.0,0.0,0.0,0.0,0.0,0.0,0.0,0.0,0.0,0.147,-0.149,-0.148,0.0,0.149,0.001,0.0,0.001,-0.038,0.011,0.0,0.0,0.034,0.035,-0.01,0.0,0.0,-0.0
9072007,313,0.0,1.0,1.0,1.0,100.0,0.0,0.0,0.0,0.0,0.0,0.0,33.968,35.139,0.012,0.02,0.0,80.0,55.0,1.4,16.188,2.248,2.228,-1.391,71.831,71.846,73.548,70.195,68.604,0.0,0.036,0.087,20.0,20.0,76.682,49.741,0.0,73.433,74.239,73.365,77.026,61.714,67.928,64.839,-10.82,53.281,85.625,71.813,71.875,71.5,71.75,0.0,0.0,72.0,70.0,1000.0,200.0,0.0,16.313,73.375,71.938,-0.052,74.188,75.0,73.438,76.438,0.0,97.625,72.0,70.0,1000.0,200.0,-0.002,0.0,77.688,77.375,0.009,74.625,75.438,73.813,76.375,0.0,53.938,72.0,70.0,1000.0,200.0,-0.001,0.0,77.063,76.688,0.016,73.25,75.313,73.375,74.875,0.0,44.469,72.0,70.0,1000.0,200.0,0.0,0.0,75.438,75.125,-0.004,0.0,0.0,0.0,0.0,0.0,0.0,0.0,0.0,0.0,0.0,0.0,0.0,0.0,0.0,0.0,0.0,0.015,0.031,0.011,0.034,0.0,0.0,0.0,0.0,0.0,0.0,0.0,0.0,0.0,0.0,0.0,0.0,0.0,0.0,0.0,0.0,0.147,-0.149,0.0,0.0,0.149,0.001,-0.148,0.001,-0.038,0.01,0.0,0.0,0.034,0.035,-0.011,0.0,0.001,-0.0
9072007,314,0.0,1.0,1.0,1.0,100.0,0.0,0.0,0.0,0.0,0.0,0.0,33.968,35.139,0.012,0.02,0.0,80.0,55.0,1.4,16.188,2.248,2.228,-1.382,71.723,71.846,73.548,70.195,68.604,0.0,0.036,0.087,20.0,20.0,76.205,49.741,0.0,73.433,74.165,73.577,76.878,61.714,67.928,64.839,-10.82,53.281,85.625,71.938,71.875,71.5,71.938,0.0,0.0,72.0,70.0,1000.0,200.0,0.0,15.961,73.375,71.938,-0.052,74.188,74.938,73.375,76.438,0.0,97.625,72.0,70.0,1000.0,200.0,-0.002,0.0,77.563,77.313,0.009,74.625,75.5,73.938,76.375,0.0,53.938,72.0,70.0,1000.0,200.0,-0.001,0.0,77.063,76.688,0.017,73.25,75.313,73.375,74.875,0.0,44.469,72.0,70.0,1000.0,200.0,0.0,0.0,75.438,75.125,-0.004,0.0,0.0,0.0,0.0,0.0,0.0,0.0,0.0,0.0,0.0,0.0,0.0,0.0,0.0,0.0,0.0,0.015,0.031,0.011,0.034,0.0,0.0,0.0,0.0,0.0,0.0,0.0,0.0,0.0,0.0,0.0,0.0,0.0,0.0,0.0,0.0,0.147,-0.223,0.0,0.0,0.001,0.001,-0.148,0.149,-0.055,0.01,0.0,0.0,0.034,0.035,-0.011,0.0,0.001,-0.0
9072007,315,0.0,1.0,1.0,1.0,100.0,0.0,0.0,0.0,0.0,0.0,0.0,35.139,35.139,0.012,0.02,0.0,80.0,55.0,1.4,16.266,2.248,2.228,-0.106,71.723,71.846,73.548,70.195,68.604,0.0,0.036,0.087,20.0,20.0,76.345,49.713,0.0,73.433,74.239,73.577,76.952,61.714,67.824,64.911,-10.82,53.281,85.625,71.813,71.75,71.5,71.75,0.0,0.0,72.0,70.0,1000.0,200.0,0.0,15.906,73.5,72.063,-0.052,74.188,75.0,73.375,76.438,0.0,97.625,72.0,70.0,1000.0,200.0,-0.002,0.0,77.688,77.375,0.009,74.563,75.438,73.813,76.375,0.0,53.938,72.0,70.0,1000.0,200.0,-0.001,0.0,77.063,76.688,0.017,73.188,75.313,73.375,74.875,0.0,44.469,72.0,70.0,1000.0,200.0,0.0,0.0,75.438,75.125,-0.004,0.0,0.0,0.0,0.0,0.0,0.0,0.0,0.0,0.0,0.0,0.0,0.0,0.0,0.0,0.0,0.0,0.015,0.032,0.011,0.032,0.0,0.0,0.0,0.0,0.0,0.0,0.0,0.0,0.0,0.0,0.0,0.0,0.0,0.0,0.0,0.0,0.0,-0.149,0.0,0.0,0.149,0.001,0.0,0.001,-0.049,0.01,0.0,0.0,0.035,0.035,-0.011,0.0,0.001,-0.0
9072007,316,0.0,1.0,1.0,1.0,100.0,0.0,0.0,0.0,0.0,0.0,0.0,33.968,35.139,0.012,0.02,0.0,80.0,55.0,1.4,16.172,2.248,2.228,-0.098,71.723,71.846,73.548,70.195,68.604,0.0,0.036,0.083,20.0,20.0,76.093,49.685,0.0,73.433,74.239,73.365,76.952,61.787,67.824,64.911,-10.82,53.281,85.625,71.938,71.75,71.25,71.75,0.0,0.0,72.0,70.0,1000.0,200.0,0.0,15.992,73.375,72.063,-0.052,74.188,75.0,73.375,76.438,0.0,97.625,72.0,70.0,1000.0,200.0,-0.002,0.0,77.563,77.375,0.009,74.625,75.5,73.813,76.375,0.0,53.938,72.0,70.0,1000.0,200.0,-0.001,0.0,77.0,76.688,0.017,73.25,75.438,73.188,74.875,0.0,44.469,72.0,70.0,1000.0,200.0,0.0,0.0,75.438,75.125,-0.004,0.0,0.0,0.0,0.0,0.0,0.0,0.0,0.0,0.0,0.0,0.0,0.0,0.0,0.0,0.0,0.0,0.015,0.031,0.011,0.034,0.0,0.0,0.0,0.0,0.0,0.0,0.0,0.0,0.0,0.0,0.0,0.0,0.0,0.0,0.0,0.0,0.147,-0.149,0.0,0.0,0.149,0.001,-0.148,0.001,-0.037,0.01,0.0,0.0,0.034,0.035,-0.01,0.0,0.001,-0.0
9072007,317,0.0,1.0,1.0,1.0,100.0,0.0,0.0,0.0,0.0,0.0,0.0,35.139,35.139,0.022,0.02,0.0,80.0,55.0,1.4,16.125,2.248,2.228,-0.993,71.723,71.846,73.548,70.195,68.604,0.0,0.04,0.087,20.0,20.0,76.429,49.657,0.0,73.325,74.165,73.365,76.952,61.787,67.928,64.911,-10.82,53.25,85.625,71.813,71.875,71.25,71.75,0.0,0.0,72.0,70.0,1000.0,200.0,0.0,16.109,73.375,72.063,-0.052,74.188,75.0,73.375,76.438,0.0,97.625,72.0,70.0,1000.0,200.0,-0.002,0.0,77.688,77.313,0.009,74.625,75.5,73.938,76.375,0.0,53.938,72.0,70.0,1000.0,200.0,-0.001,0.0,77.0,76.938,0.017,73.25,75.438,73.375,74.875,0.0,44.469,72.0,70.0,1000.0,200.0,0.0,0.0,75.438,75.125,-0.004,0.0,0.0,0.0,0.0,0.0,0.0,0.0,0.0,0.0,0.0,0.0,0.0,0.0,0.0,0.0,0.0,0.015,0.031,0.011,0.032,0.0,0.0,0.0,0.0,0.0,0.0,0.0,0.0,0.0,0.0,0.0,0.0,0.0,0.0,0.0,0.0,0.147,-0.149,0.0,0.0,0.149,0.149,-0.148,0.149,-0.077,0.01,0.0,0.0,0.035,0.035,-0.01,0.0,0.0,-0.0
9072007,318,0.0,1.0,1.0,1.0,100.0,0.0,0.0,0.0,0.0,0.0,0.0,33.968,35.139,0.012,0.02,0.0,80.0,55.0,1.4,15.992,2.248,2.228,-0.627,71.938,71.846,73.548,70.195,68.925,0.0,0.036,0.087,20.0,20.0,76.569,49.685,0.0,73.647,74.165,73.365,77.026,61.933,67.824,65.057,-10.828,53.25,85.625,71.938,71.875,71.5,71.75,0.0,0.0,72.0,70.0,1000.0,200.0,0.0,16.328,73.5,72.063,-0.052,74.188,75.0,73.375,76.438,0.0,97.625,72.0,70.0,1000.0,200.0,-0.002,0.0,77.563,77.313,0.009,74.625,75.438,73.813,76.375,0.0,53.938,72.0,70.0,1000.0,200.0,-0.001,0.0,77.0,76.938,0.017,73.188,75.438,73.375,74.875,0.0,44.469,72.0,70.0,1000.0,200.0,0.0,0.0,75.438,75.125,-0.004,0.0,0.0,0.0,0.0,0.0,0.0,0.0,0.0,0.0,0.0,0.0,0.0,0.0,0.0,0.0,0.0,0.015,0.031,0.011,0.034,0.0,0.0,0.0,0.0,0.0,0.0,0.0,0.0,0.0,0.0,0.0,0.0,0.0,0.0,0.0,0.0,0.147,-0.149,0.0,0.0,0.149,-0.072,0.0,0.001,-0.043,0.011,0.0,0.0,0.034,0.035,-0.011,0.0,0.0,-0.0
9072007,319,0.0,1.0,1.0,1.0,100.0,0.0,0.0,0.0,0.0,0.0,0.0,33.968,35.139,0.012,0.02,0.0,80.0,55.0,1.4,15.945,2.248,2.228,0.277,71.723,71.846,73.548,70.195,68.604,0.0,0.036,0.083,20.0,20.0,76.289,49.657,0.0,73.433,74.239,73.365,76.952,61.787,67.824,64.911,-10.82,53.25,85.625,71.813,71.75,71.25,71.75,0.0,0.0,72.0,70.0,1000.0,200.0,0.0,16.141,73.375,72.063,-0.052,74.188,75.0,73.375,76.438,0.0,97.625,72.0,70.0,1000.0,200.0,-0.002,0.0,77.563,77.313,0.009,74.625,75.5,73.938,76.375,0.0,53.938,72.0,70.0,1000.0,200.0,-0.001,0.0,77.063,76.688,0.017,73.25,75.438,73.188,74.938,0.0,44.469,72.0,70.0,1000.0,200.0,0.0,0.0,75.438,75.125,-0.004,0.0,0.0,0.0,0.0,0.0,0.0,0.0,0.0,0.0,0.0,0.0,0.0,0.0,0.0,0.0,0.0,0.015,0.031,0.011,0.034,0.0,0.0,0.0,0.0,0.0,0.0,0.0,0.0,0.0,0.0,0.0,0.0,0.0,0.0,0.0,0.0,0.147,-0.149,0.0,-0.074,0.149,0.149,-0.148,0.001,-0.037,0.01,0.0,0.0,0.034,0.035,-0.01,0.0,0.001,-0.0
9072007,320,0.0,1.0,1.0,1.0,100.0,0.0,0.0,0.0,0.0,0.0,0.0,33.968,36.31,0.022,0.02,0.0,80.0,55.0,1.4,15.945,2.248,2.228,-0.632,71.615,71.74,73.548,70.195,68.604,0.0,0.036,0.087,20.0,20.0,76.177,49.657,0.0,73.433,74.165,73.365,76.878,61.787,67.928,64.911,-10.828,53.25,85.625,71.813,71.75,71.25,71.75,0.0,0.0,72.0,70.0,1000.0,200.0,0.0,16.141,73.375,71.938,-0.052,74.188,75.0,73.438,76.438,0.0,97.625,72.0,70.0,1000.0,200.0,-0.002,0.0,77.563,77.313,0.009,74.625,75.438,73.813,76.375,0.0,53.938,72.0,70.0,1000.0,200.0,-0.001,0.0,77.0,76.688,0.017,73.25,75.438,73.5,74.875,0.0,44.469,72.0,70.0,1000.0,200.0,0.0,0.0,75.438,75.313,-0.004,0.0,0.0,0.0,0.0,0.0,0.0,0.0,0.0,0.0,0.0,0.0,0.0,0.0,0.0,0.0,0.0,0.015,0.031,0.011,0.034,0.0,0.0,0.0,0.0,0.0,0.0,0.0,0.0,0.0,0.0,0.0,0.0,0.0,0.0,0.0,0.0,0.147,-0.149,0.0,-0.074,0.149,0.001,0.0,0.001,-0.075,0.01,0.0,0.0,0.034,0.036,-0.011,0.0,0.001,-0.0
9072007,321,0.0,1.0,1.0,1.0,100.0,0.0,0.0,0.0,0.0,0.0,0.0,35.139,35.139,0.022,0.02,0.0,80.0,55.0,1.4,16.5,2.248,2.228,-0.831,71.723,71.74,73.443,70.195,68.604,0.0,0.04,0.087,20.0,20.0,76.457,49.685,0.0,73.325,74.165,73.471,76.878,61.86,67.824,64.984,-10.82,53.25,85.625,71.813,71.875,71.5,71.75,0.0,0.0,72.0,70.0,1000.0,200.0,0.0,16.391,73.375,72.063,-0.052,74.188,75.0,73.438,76.438,0.0,97.625,72.0,70.0,1000.0,200.0,-0.002,0.0,77.688,77.313,0.009,74.625,75.5,73.938,76.375,0.0,53.938,72.0,70.0,1000.0,200.0,-0.001,0.0,77.063,76.688,0.017,73.25,75.438,73.375,74.938,0.0,44.469,72.0,70.0,1000.0,200.0,0.0,0.0,75.438,75.125,-0.004,0.0,0.0,0.0,0.0,0.0,0.0,0.0,0.0,0.0,0.0,0.0,0.0,0.0,0.0,0.0,0.0,0.017,0.031,0.011,0.034,0.0,0.0,0.0,0.0,0.0,0.0,0.0,0.0,0.0,0.0,0.0,0.0,0.0,0.0,0.0,0.0,0.147,-0.149,0.0,0.0,0.149,0.149,-0.148,0.149,-0.086,0.01,0.0,0.0,0.035,0.035,-0.01,0.0,0.001,-0.0
9072007,322,0.0,1.0,1.0,1.0,100.0,0.0,0.0,0.0,0.0,0.0,0.0,35.139,36.31,0.012,0.02,0.0,80.0,55.0,1.4,15.922,2.248,2.228,-0.929,71.831,71.952,73.653,70.406,68.604,0.0,0.036,0.087,20.0,20.0,76.008,49.685,0.0,73.325,74.091,73.365,76.804,61.787,67.824,64.911,-10.82,53.219,85.625,71.813,71.75,71.25,71.75,0.0,0.0,72.0,70.0,1000.0,200.0,0.0,16.531,73.375,72.063,-0.052,74.188,75.0,73.375,76.438,0.0,97.625,72.0,70.0,1000.0,200.0,-0.002,0.0,77.563,77.375,0.009,74.625,75.5,73.938,76.375,0.0,53.938,72.0,70.0,1000.0,200.0,-0.001,0.0,77.063,76.688,0.017,73.25,75.438,73.188,74.875,0.0,44.469,72.0,70.0,1000.0,200.0,0.0,0.0,75.438,75.125,-0.004,0.0,0.0,0.0,0.0,0.0,0.0,0.0,0.0,0.0,0.0,0.0,0.0,0.0,0.0,0.0,0.0,0.015,0.031,0.011,0.034,0.0,0.0,0.0,0.0,0.0,0.0,0.0,0.0,0.0,0.0,0.0,0.0,0.0,0.0,0.0,0.0,0.147,-0.149,0.0,0.0,0.149,0.001,-0.148,0.149,-0.045,0.01,0.0,0.0,0.035,0.036,-0.01,0.0,0.001,-0.0
9072007,323,0.0,1.0,1.0,1.0,100.0,0.0,0.0,0.0,0.0,0.0,0.0,33.968,35.139,0.022,0.02,0.0,80.0,55.0,1.4,16.016,2.248,2.228,-0.756,71.723,71.74,73.443,70.089,68.604,0.0,0.036,0.087,20.0,20.0,76.766,49.825,0.0,73.433,74.165,73.365,76.952,61.86,67.824,65.057,-10.82,53.188,85.625,71.813,71.75,71.25,71.75,0.0,0.0,72.0,70.0,1000.0,200.0,0.0,15.633,73.375,71.938,-0.052,74.188,75.0,73.438,76.438,0.0,97.625,72.0,70.0,1000.0,200.0,-0.002,0.0,77.563,77.313,0.009,74.625,75.5,73.813,76.375,0.0,53.938,72.0,70.0,1000.0,200.0,-0.001,0.0,77.063,76.688,0.017,73.25,75.438,73.188,74.938,0.0,44.469,72.0,70.0,1000.0,200.0,0.0,0.0,75.438,75.125,-0.004,0.0,0.0,0.0,0.0,0.0,0.0,0.0,0.0,0.0,0.0,0.0,0.0,0.0,0.0,0.0,0.0,0.015,0.031,0.011,0.034,0.0,0.0,0.0,0.0,0.0,0.0,0.0,0.0,0.0,0.0,0.0,0.0,0.0,0.0,0.0,0.0,0.0,-0.149,-0.148,0.0,0.149,0.001,0.0,0.149,-0.077,0.011,0.0,0.0,0.034,0.035,-0.011,0.0,0.001,-0.0
9072007,324,0.0,1.0,1.0,1.0,100.0,0.0,0.0,0.0,0.0,0.0,0.0,33.968,35.139,0.022,0.02,0.0,80.0,55.0,1.4,16.297,2.248,2.228,0.306,71.723,71.846,73.443,70.195,68.711,0.0,0.036,0.087,20.0,20.0,76.149,49.797,0.0,73.325,74.239,73.365,76.878,61.86,67.928,64.984,-10.82,53.219,85.625,71.813,71.875,71.5,71.75,0.0,0.0,72.0,70.0,1000.0,200.0,0.0,15.734,73.5,72.063,-0.052,74.188,75.0,73.438,76.438,0.0,97.625,72.0,70.0,1000.0,200.0,-0.002,0.0,77.563,77.313,0.009,74.563,75.5,73.813,76.375,0.0,53.938,72.0,70.0,1000.0,200.0,-0.001,0.0,77.0,76.688,0.017,73.25,75.438,73.188,74.875,0.0,44.469,72.0,70.0,1000.0,200.0,0.0,0.0,75.438,75.125,-0.004,0.0,0.0,0.0,0.0,0.0,0.0,0.0,0.0,0.0,0.0,0.0,0.0,0.0,0.0,0.0,0.0,0.015,0.031,0.011,0.032,0.0,0.0,0.0,0.0,0.0,0.0,0.0,0.0,0.0,0.0,0.0,0.0,0.0,0.0,0.0,0.0,0.147,-0.149,0.0,0.0,0.001,0.149,-0.148,0.149,-0.066,0.01,0.0,0.0,0.034,0.035,-0.011,0.0,0.001,-0.0
9072007,325,0.0,1.0,1.0,1.0,100.0,0.0,0.0,0.0,0.0,0.0,0.0,33.968,35.139,0.012,0.034,0.0,80.0,55.0,1.4,16.156,2.248,2.228,0.14,71.723,71.952,73.548,70.406,68.711,0.0,0.036,0.087,20.0,20.0,76.205,49.825,0.0,73.433,74.165,73.365,76.878,61.86,67.928,64.984,-10.82,53.188,85.625,71.813,71.75,71.25,71.688,0.0,0.0,72.0,70.0,1000.0,200.0,0.0,15.922,73.375,71.938,-0.052,74.188,75.0,73.438,76.313,0.0,97.625,72.0,70.0,1000.0,200.0,-0.002,0.0,77.563,77.313,0.009,74.625,75.5,73.938,76.375,0.0,53.938,72.0,70.0,1000.0,200.0,-0.001,0.0,77.063,76.688,0.011,73.188,75.438,73.375,74.875,0.0,44.469,72.0,70.0,1000.0,200.0,0.0,0.0,75.438,75.125,-0.004,0.0,0.0,0.0,0.0,0.0,0.0,0.0,0.0,0.0,0.0,0.0,0.0,0.0,0.0,0.0,0.0,0.017,0.031,0.011,0.034,0.0,0.0,0.0,0.0,0.0,0.0,0.0,0.0,0.0,0.0,0.0,0.0,0.0,0.0,0.0,0.0,0.0,-0.149,0.0,0.0,0.001,0.149,-0.148,0.149,-0.041,0.018,0.0,0.0,0.034,0.035,-0.011,0.0,0.001,-0.0
9072007,326,0.0,1.0,1.0,1.0,100.0,0.0,0.0,0.0,0.0,0.0,0.0,33.968,35.139,0.022,0.005,0.0,80.0,55.0,1.4,16.156,2.248,2.228,-0.362,71.723,71.74,73.337,70.195,68.711,0.0,0.036,0.083,20.0,20.0,76.71,49.825,0.0,73.433,74.239,73.365,76.878,61.933,67.928,65.13,-10.82,53.188,85.563,71.813,71.75,71.5,71.75,0.0,0.0,72.0,70.0,1000.0,200.0,0.0,15.82,73.375,71.938,-0.052,74.188,75.0,73.375,76.438,0.0,97.625,72.0,70.0,1000.0,200.0,-0.002,0.0,77.563,77.313,0.009,74.625,75.438,73.938,76.375,0.0,53.938,72.0,70.0,1000.0,200.0,-0.001,0.0,77.063,76.688,0.017,73.188,75.438,73.375,74.875,0.0,44.469,72.0,70.0,1000.0,200.0,0.0,0.0,75.438,75.125,-0.004,0.0,0.0,0.0,0.0,0.0,0.0,0.0,0.0,0.0,0.0,0.0,0.0,0.0,0.0,0.0,0.0,0.017,0.031,0.011,0.034,0.0,0.0,0.0,0.0,0.0,0.0,0.0,0.0,0.0,0.0,0.0,0.0,0.0,0.0,0.0,0.0,0.147,-0.149,0.0,-0.074,0.149,0.149,-0.148,0.149,-0.066,0.003,0.0,0.0,0.034,0.035,-0.011,0.0,0.001,-0.0
9072007,327,0.0,1.0,1.0,1.0,100.0,0.0,0.0,0.0,0.0,0.0,0.0,33.968,35.139,0.012,0.02,0.0,80.0,55.0,1.4,15.555,2.248,2.228,-0.605,71.723,71.74,73.337,70.195,68.604,0.0,0.036,0.087,20.0,20.0,76.401,49.853,0.0,73.433,74.239,73.365,76.878,61.933,68.033,65.057,-10.82,53.188,85.625,71.938,71.875,71.5,71.688,0.0,0.0,72.0,70.0,1000.0,200.0,0.0,16.047,73.375,72.063,-0.052,74.188,75.0,73.375,76.313,0.0,97.625,72.0,70.0,1000.0,200.0,-0.002,0.0,77.563,77.313,0.009,74.625,75.5,73.813,76.375,0.0,53.938,72.0,70.0,1000.0,200.0,-0.001,0.0,77.063,76.688,0.017,73.25,75.438,73.188,74.938,0.0,44.469,72.0,70.0,1000.0,200.0,0.0,0.0,75.438,75.125,-0.004,0.0,0.0,0.0,0.0,0.0,0.0,0.0,0.0,0.0,0.0,0.0,0.0,0.0,0.0,0.0,0.0,0.015,0.031,0.011,0.034,0.0,0.0,0.0,0.0,0.0,0.0,0.0,0.0,0.0,0.0,0.0,0.0,0.0,0.0,0.0,0.0,0.0,-0.149,-0.148,0.147,0.149,0.149,-0.148,0.149,-0.036,0.01,0.0,0.0,0.034,0.035,-0.01,0.0,0.001,-0.0
9072007,328,0.0,1.0,1.0,1.0,100.0,0.0,0.0,0.0,0.0,0.0,0.0,33.968,35.139,0.022,0.02,0.0,80.0,55.0,1.4,16.547,2.248,2.228,-0.084,71.723,71.846,73.337,70.195,68.711,0.0,0.036,0.087,20.0,20.0,75.98,49.881,0.0,73.325,74.165,73.471,76.878,62.08,68.033,65.13,-10.82,53.156,85.625,71.813,71.875,71.5,71.75,0.0,0.0,72.0,70.0,1000.0,200.0,0.0,15.906,73.375,71.938,-0.052,74.188,75.0,73.375,76.438,0.0,97.625,72.0,70.0,1000.0,200.0,-0.002,0.0,77.563,77.313,0.009,74.625,75.5,73.813,76.375,0.0,53.938,72.0,70.0,1000.0,200.0,-0.001,0.0,77.063,76.688,0.017,73.188,75.438,73.375,74.875,0.0,44.469,72.0,70.0,1000.0,200.0,0.0,0.0,75.438,75.125,-0.004,0.0,0.0,0.0,0.0,0.0,0.0,0.0,0.0,0.0,0.0,0.0,0.0,0.0,0.0,0.0,0.0,0.015,0.031,0.011,0.034,0.0,0.0,0.0,0.0,0.0,0.0,0.0,0.0,0.0,0.0,0.0,0.0,0.0,0.0,0.0,0.0,0.147,-0.223,0.0,0.0,0.149,0.001,-0.148,0.001,-0.086,0.01,0.0,0.0,0.034,0.035,-0.011,0.0,0.001,-0.0
9072007,329,0.0,1.0,1.0,1.0,100.0,0.0,0.0,0.0,0.0,0.0,0.0,35.139,35.139,0.022,0.02,0.0,80.0,55.0,1.4,16.078,2.248,2.228,-0.322,71.723,71.74,73.232,70.195,68.711,0.0,0.036,0.087,20.0,20.0,76.261,49.909,0.0,73.325,74.165,73.471,76.804,62.007,67.928,65.13,-10.82,53.156,85.625,71.813,71.875,71.5,71.75,0.0,0.0,72.0,70.0,1000.0,200.0,0.0,16.281,73.375,72.063,-0.052,74.188,75.0,73.375,76.125,0.0,97.625,72.0,70.0,1000.0,200.0,-0.002,0.0,77.563,77.313,0.009,74.563,75.5,73.813,76.438,0.0,53.938,72.0,70.0,1000.0,200.0,-0.001,0.0,77.063,76.688,0.018,73.25,75.438,73.188,74.875,0.0,44.469,72.0,70.0,1000.0,200.0,0.0,0.0,75.438,75.313,-0.004,0.0,0.0,0.0,0.0,0.0,0.0,0.0,0.0,0.0,0.0,0.0,0.0,0.0,0.0,0.0,0.0,0.015,0.031,0.011,0.032,0.0,0.0,0.0,0.0,0.0,0.0,0.0,0.0,0.0,0.0,0.0,0.0,0.0,0.0,0.0,0.0,0.147,-0.149,-0.148,0.0,0.001,0.149,-0.148,0.149,-0.084,0.011,0.0,0.0,0.035,0.035,-0.01,0.0,0.001,-0.0
9072007,330,0.0,1.0,1.0,1.0,100.0,0.0,0.0,0.0,0.0,0.0,0.0,33.968,35.139,0.012,0.02,0.0,80.0,55.0,1.4,16.375,2.248,2.228,-0.507,71.831,71.846,73.337,70.195,68.604,0.0,0.036,0.083,20.0,20.0,76.485,49.993,0.0,73.54,74.165,73.365,76.878,62.007,67.928,65.13,-10.82,53.125,85.625,71.813,71.75,71.5,71.75,0.0,0.0,72.0,70.0,1000.0,200.0,0.0,16.203,73.375,72.063,-0.052,74.188,75.0,73.375,76.313,0.0,97.625,72.0,70.0,1000.0,200.0,-0.002,0.0,77.563,77.313,0.009,74.625,75.438,73.938,76.375,0.0,53.938,72.0,70.0,1000.0,200.0,-0.001,0.0,77.0,76.688,0.018,73.25,75.438,73.375,74.875,0.0,44.469,72.0,70.0,1000.0,200.0,0.0,0.0,75.438,75.125,-0.004,0.0,0.0,0.0,0.0,0.0,0.0,0.0,0.0,0.0,0.0,0.0,0.0,0.0,0.0,0.0,0.0,0.015,0.031,0.011,0.032,0.0,0.0,0.0,0.0,0.0,0.0,0.0,0.0,0.0,0.0,0.0,0.0,0.0,0.0,0.0,0.0,0.147,-0.149,0.0,0.0,0.149,0.001,0.0,0.001,-0.041,0.011,0.0,0.0,0.034,0.035,-0.01,0.0,0.001,-0.0
9072007,331,0.0,1.0,1.0,1.0,100.0,0.0,0.0,0.0,0.0,0.0,0.0,33.968,35.139,0.012,0.02,0.0,80.0,55.0,1.4,16.297,2.248,2.228,-0.528,72.046,71.846,73.232,70.195,68.925,0.0,0.04,0.087,20.0,20.0,76.569,49.993,0.0,73.54,74.091,73.365,76.804,62.08,67.928,65.13,-10.82,53.125,85.625,71.813,72.063,71.25,71.75,0.0,0.0,72.0,70.0,1000.0,200.0,0.0,16.391,73.375,72.063,-0.052,74.188,75.0,73.375,76.313,0.0,97.625,72.0,70.0,1000.0,200.0,-0.002,0.0,77.563,77.313,0.009,74.625,75.438,73.813,76.375,0.0,53.938,72.0,70.0,1000.0,200.0,-0.001,0.0,77.0,76.688,0.017,73.25,75.438,73.375,74.938,0.0,44.469,72.0,70.0,1000.0,200.0,0.0,0.0,75.438,75.125,-0.004,0.0,0.0,0.0,0.0,0.0,0.0,0.0,0.0,0.0,0.0,0.0,0.0,0.0,0.0,0.0,0.0,0.015,0.032,0.011,0.032,0.0,0.0,0.0,0.0,0.0,0.0,0.0,0.0,0.0,0.0,0.0,0.0,0.0,0.0,0.0,0.0,0.0,-0.223,0.0,0.0,0.001,0.149,-0.148,0.149,-0.045,0.01,0.0,0.0,0.034,0.035,-0.01,0.0,0.001,-0.0
9072007,332,0.0,1.0,1.0,1.0,100.0,0.0,0.0,0.0,0.0,0.0,0.0,35.139,35.139,0.012,0.02,0.0,80.0,55.0,1.4,15.703,2.248,2.228,0.096,71.831,71.846,73.232,70.195,68.711,0.0,0.036,0.087,20.0,20.0,76.457,50.021,0.0,73.433,74.165,73.365,76.878,62.153,68.033,65.203,-10.82,53.125,85.625,71.813,71.75,71.25,71.75,0.0,0.0,72.0,70.0,1000.0,200.0,0.0,16.172,73.375,71.938,-0.052,74.188,75.0,73.375,76.313,0.0,97.625,72.0,70.0,1000.0,200.0,-0.002,0.0,77.688,77.313,0.009,74.625,75.625,73.938,76.375,0.0,53.938,72.0,70.0,1000.0,200.0,-0.001,0.0,77.063,76.688,0.017,73.25,75.313,73.188,74.875,0.0,44.469,72.0,70.0,1000.0,200.0,0.0,0.0,75.438,75.125,-0.004,0.0,0.0,0.0,0.0,0.0,0.0,0.0,0.0,0.0,0.0,0.0,0.0,0.0,0.0,0.0,0.0,0.017,0.031,0.01,0.032,0.0,0.0,0.0,0.0,0.0,0.0,0.0,0.0,0.0,0.0,0.0,0.0,0.0,0.0,0.0,0.0,0.147,-0.149,-0.148,0.0,0.001,0.149,-0.148,0.149,-0.041,0.01,0.0,0.0,0.035,0.035,-0.011,0.0,0.001,-0.0
9072007,333,0.0,1.0,1.0,1.0,100.0,0.0,0.0,0.0,0.0,0.0,0.0,33.968,35.139,0.012,0.02,0.0,80.0,55.0,1.4,15.703,2.248,2.228,-0.51,71.723,71.846,73.232,70.195,68.711,0.0,0.036,0.083,20.0,20.0,76.878,50.161,0.0,73.433,74.239,73.365,76.952,62.153,68.137,65.203,-10.82,53.156,85.625,71.938,71.75,71.5,71.688,0.0,0.0,72.0,70.0,1000.0,200.0,0.0,16.078,73.375,72.063,-0.052,74.188,75.0,73.375,76.313,0.0,97.625,72.0,70.0,1000.0,200.0,-0.002,0.0,77.563,77.313,0.009,74.625,75.5,73.813,76.375,0.0,53.938,72.0,70.0,1000.0,200.0,-0.001,0.0,77.063,76.688,0.017,73.25,75.438,73.375,74.875,0.0,44.469,72.0,70.0,1000.0,200.0,0.0,0.0,75.438,75.125,-0.004,0.0,0.0,0.0,0.0,0.0,0.0,0.0,0.0,0.0,0.0,0.0,0.0,0.0,0.0,0.0,0.0,0.017,0.031,0.011,0.034,0.0,0.0,0.0,0.0,0.0,0.0,0.0,0.0,0.0,0.0,0.0,0.0,0.0,0.0,0.0,0.0,0.147,-0.149,0.0,-0.074,0.149,0.001,0.0,0.001,-0.037,0.01,0.0,0.0,0.034,0.035,-0.01,0.0,0.001,-0.0
9072007,334,0.0,1.0,1.0,1.0,100.0,0.0,0.0,0.0,0.0,0.0,0.0,33.968,35.139,0.022,0.02,0.0,80.0,55.0,1.4,16.188,2.248,3.993,0.349,71.723,71.846,73.337,70.195,68.711,0.0,0.04,0.087,20.0,20.0,76.934,50.077,0.0,73.433,74.165,73.365,76.878,62.153,68.033,65.276,-10.828,53.125,85.625,71.813,71.75,71.5,71.688,0.0,0.0,72.0,70.0,1000.0,200.0,0.0,15.789,73.375,71.938,-0.052,74.188,75.0,73.375,76.313,0.0,97.625,72.0,70.0,1000.0,200.0,-0.002,0.0,77.563,77.313,0.009,74.563,75.5,73.938,76.375,0.0,53.938,72.0,70.0,1000.0,200.0,-0.001,0.0,77.063,76.688,0.014,73.25,75.438,73.188,74.875,0.0,44.469,72.0,70.0,1000.0,200.0,0.0,0.0,75.438,75.125,-0.004,0.0,0.0,0.0,0.0,0.0,0.0,0.0,0.0,0.0,0.0,0.0,0.0,0.0,0.0,0.0,0.0,0.015,0.031,0.011,0.032,0.0,0.0,0.0,0.0,0.0,0.0,0.0,0.0,0.0,0.0,0.0,0.0,0.0,0.0,0.0,0.0,0.147,-0.149,-0.148,0.0,0.149,0.001,-0.148,0.001,-0.075,0.011,0.0,0.0,0.034,0.035,-0.011,0.0,0.001,-0.0
9072007,335,0.0,1.0,1.0,1.0,100.0,0.0,0.0,0.0,0.0,0.0,0.0,35.139,35.139,0.012,0.02,0.0,80.0,55.0,1.4,16.266,2.248,2.228,-0.096,71.723,71.846,73.232,70.195,68.604,0.0,0.036,0.087,20.0,20.0,76.934,50.049,0.0,73.325,74.313,73.471,76.878,62.153,68.137,65.203,-10.82,53.125,85.625,71.813,71.875,71.5,71.75,0.0,0.0,72.0,70.0,1000.0,200.0,0.0,16.063,73.375,72.063,-0.052,74.188,75.0,73.375,76.438,0.0,97.625,72.0,70.0,1000.0,200.0,-0.002,0.0,77.563,77.313,0.009,74.563,75.438,73.938,76.375,0.0,53.938,72.0,70.0,1000.0,200.0,-0.001,0.0,77.063,76.688,0.017,73.188,75.438,73.375,74.875,0.0,44.469,72.0,70.0,1000.0,200.0,0.0,0.0,75.438,75.125,-0.004,0.0,0.0,0.0,0.0,0.0,0.0,0.0,0.0,0.0,0.0,0.0,0.0,0.0,0.0,0.0,0.0,0.015,0.031,0.011,0.034,0.0,0.0,0.0,0.0,0.0,0.0,0.0,0.0,0.0,0.0,0.0,0.0,0.0,0.0,0.0,0.0,0.147,-0.149,0.0,0.0,0.001,0.001,-0.148,0.001,-0.037,0.01,0.0,0.0,0.035,0.035,-0.01,0.0,0.001,-0.0
9072007,336,0.0,1.0,1.0,1.0,100.0,0.0,0.0,0.0,0.0,0.0,0.0,35.139,35.139,0.022,0.02,0.0,80.0,55.0,1.4,16.078,2.248,3.993,-1.159,71.831,71.846,73.337,70.195,68.604,0.0,0.036,0.083,20.0,20.0,76.962,50.021,0.0,73.433,74.165,73.365,76.878,62.226,68.033,65.276,-10.82,53.094,85.625,71.813,71.75,71.25,71.75,0.0,0.0,72.0,70.0,1000.0,200.0,0.0,15.922,73.375,71.938,-0.052,74.188,75.0,73.375,76.313,0.0,97.625,72.0,70.0,1000.0,200.0,-0.002,0.0,77.563,77.313,0.009,74.563,75.5,73.813,76.375,0.0,53.938,72.0,70.0,1000.0,200.0,-0.001,0.0,77.0,76.688,0.017,73.188,75.438,73.375,74.875,0.0,44.469,72.0,70.0,1000.0,200.0,0.0,0.0,75.438,75.125,-0.004,0.0,0.0,0.0,0.0,0.0,0.0,0.0,0.0,0.0,0.0,0.0,0.0,0.0,0.0,0.0,0.0,0.015,0.031,0.011,0.034,0.0,0.0,0.0,0.0,0.0,0.0,0.0,0.0,0.0,0.0,0.0,0.0,0.0,0.0,0.0,0.0,0.147,-0.149,0.0,0.0,0.001,0.149,-0.148,0.149,-0.075,0.011,0.0,0.0,0.035,0.035,-0.011,0.0,0.001,-0.0
9072007,337,0.0,1.0,1.0,1.0,100.0,0.0,0.0,0.0,0.0,0.0,0.0,35.139,35.139,0.022,0.02,0.0,80.0,55.0,1.4,15.875,2.248,2.228,0.324,71.723,71.846,73.443,70.195,68.604,0.0,0.04,0.087,20.0,20.0,76.682,49.825,0.0,73.433,74.165,73.471,76.804,62.226,68.033,65.276,-10.82,53.094,85.625,71.813,71.875,71.25,71.75,0.0,0.0,72.0,70.0,1000.0,200.0,0.0,15.883,73.375,72.063,-0.052,74.188,75.0,73.375,76.313,0.0,97.625,72.0,70.0,1000.0,200.0,-0.002,0.0,77.563,77.375,0.009,74.625,75.5,73.813,76.438,0.0,53.938,72.0,70.0,1000.0,200.0,-0.001,0.0,77.063,76.688,0.017,73.5,75.438,73.375,74.875,0.0,44.469,72.0,70.0,1000.0,200.0,0.0,0.0,75.438,75.125,-0.004,0.0,0.0,0.0,0.0,0.0,0.0,0.0,0.0,0.0,0.0,0.0,0.0,0.0,0.0,0.0,0.0,0.015,0.031,0.011,0.034,0.0,0.0,0.0,0.0,0.0,0.0,0.0,0.0,0.0,0.0,0.0,0.0,0.0,0.0,0.0,0.0,0.147,-0.149,0.0,-0.074,0.149,0.001,0.0,0.001,-0.084,0.011,0.0,0.0,0.035,0.035,-0.01,0.0,0.001,-0.0
9072007,338,0.0,1.0,1.0,1.0,100.0,0.0,0.0,0.0,0.0,0.0,0.0,33.968,35.139,0.012,0.02,0.0,80.0,55.0,1.4,15.984,2.248,3.993,-0.07,71.723,71.846,73.443,70.195,68.711,0.0,0.036,0.087,20.0,20.0,76.682,49.937,0.0,73.325,74.165,73.365,76.878,62.153,68.137,65.276,-10.82,53.125,85.625,71.813,71.75,71.25,71.75,0.0,0.0,72.0,70.0,1000.0,200.0,0.0,15.875,73.375,72.063,-0.052,74.188,75.0,73.375,76.438,0.0,97.625,72.0,70.0,1000.0,200.0,-0.002,0.0,77.563,77.313,0.009,74.625,75.5,73.813,76.438,0.0,53.938,72.0,70.0,1000.0,200.0,-0.001,0.0,77.063,76.688,0.017,73.188,75.313,73.375,74.875,0.0,44.469,72.0,70.0,1000.0,200.0,0.0,0.0,75.438,75.125,-0.004,0.0,0.0,0.0,0.0,0.0,0.0,0.0,0.0,0.0,0.0,0.0,0.0,0.0,0.0,0.0,0.0,0.017,0.031,0.011,0.034,0.0,0.0,0.0,0.0,0.0,0.0,0.0,0.0,0.0,0.0,0.0,0.0,0.0,0.0,0.0,0.0,0.0,-0.149,-0.148,0.0,0.001,0.149,-0.148,0.149,-0.041,0.01,0.0,0.0,0.034,0.035,-0.01,0.0,0.001,-0.0
9072007,339,0.0,1.0,1.0,1.0,100.0,0.0,0.0,0.0,0.0,0.0,0.0,35.139,35.139,0.012,0.02,0.0,80.0,55.0,1.4,15.938,2.248,2.228,-0.972,71.615,71.846,73.443,70.195,68.604,0.0,0.036,0.087,20.0,20.0,76.625,49.769,0.0,73.325,74.165,73.365,76.804,62.226,68.033,65.276,-10.828,53.156,85.625,71.813,71.75,71.5,71.75,0.0,0.0,72.0,70.0,1000.0,200.0,0.0,16.047,73.375,71.938,-0.052,74.188,75.0,73.375,76.438,0.0,97.625,72.0,70.0,1000.0,200.0,-0.002,0.0,77.563,77.313,0.009,74.625,75.438,73.938,76.375,0.0,53.938,72.0,70.0,1000.0,200.0,-0.001,0.0,77.063,76.688,0.017,73.25,75.313,73.375,74.875,0.0,44.469,72.0,70.0,1000.0,200.0,0.0,0.0,75.438,75.125,-0.004,0.0,0.0,0.0,0.0,0.0,0.0,0.0,0.0,0.0,0.0,0.0,0.0,0.0,0.0,0.0,0.0,0.015,0.031,0.011,0.032,0.0,0.0,0.0,0.0,0.0,0.0,0.0,0.0,0.0,0.0,0.0,0.0,0.0,0.0,0.0,0.0,0.147,-0.149,0.0,0.0,0.149,0.149,-0.148,0.149,-0.04,0.011,0.0,0.0,0.035,0.035,-0.011,0.0,0.001,-0.0
9072007,340,0.0,1.0,1.0,1.0,100.0,0.0,0.0,0.0,0.0,0.0,0.0,33.968,36.31,0.022,0.02,0.0,80.0,55.0,1.4,16.094,2.248,2.228,-1.617,71.723,71.74,73.548,70.195,68.711,0.0,0.036,0.087,20.0,20.0,76.625,49.713,0.0,73.325,74.239,73.365,76.878,62.226,68.137,65.348,-10.82,53.125,85.625,71.813,71.75,71.25,71.75,0.0,0.0,72.0,70.0,1000.0,200.0,0.0,16.266,73.375,72.063,-0.052,74.188,75.0,73.375,76.313,0.0,97.625,72.0,70.0,1000.0,200.0,-0.002,0.0,77.563,77.313,0.009,74.563,75.5,73.938,76.375,0.0,53.938,72.0,70.0,1000.0,200.0,-0.001,0.0,77.063,76.688,0.017,73.188,75.313,73.375,74.875,0.0,44.469,72.0,70.0,1000.0,200.0,0.0,0.0,75.438,75.125,-0.004,0.0,0.0,0.0,0.0,0.0,0.0,0.0,0.0,0.0,0.0,0.0,0.0,0.0,0.0,0.0,0.0,0.015,0.031,0.011,0.034,0.0,0.0,0.0,0.0,0.0,0.0,0.0,0.0,0.0,0.0,0.0,0.0,0.0,0.0,0.0,0.0,0.0,-0.149,-0.148,0.147,0.149,0.149,0.0,0.149,-0.066,0.011,0.0,0.0,0.034,0.036,-0.01,0.0,0.001,-0.0
9072007,341,0.0,1.0,1.0,1.0,100.0,0.0,0.0,0.0,0.0,0.0,0.0,35.139,35.139,0.012,0.02,0.0,80.0,55.0,1.4,16.094,2.248,3.993,-0.272,71.723,71.846,73.548,70.195,68.604,0.0,0.036,0.087,20.0,20.0,76.597,49.657,0.0,73.325,74.239,73.365,76.878,62.3,68.242,65.276,-10.82,53.125,85.625,71.813,71.75,71.25,71.75,0.0,0.0,72.0,70.0,1000.0,200.0,0.0,16.172,73.375,71.938,-0.052,74.125,75.0,73.375,76.313,0.0,97.625,72.0,70.0,1000.0,200.0,-0.002,0.0,77.563,77.313,0.009,74.625,75.5,73.813,76.375,0.0,53.938,72.0,70.0,1000.0,200.0,-0.001,0.0,77.063,76.688,0.017,73.25,75.313,73.375,74.875,0.0,44.469,72.0,70.0,1000.0,200.0,0.0,0.0,75.438,75.125,-0.004,0.0,0.0,0.0,0.0,0.0,0.0,0.0,0.0,0.0,0.0,0.0,0.0,0.0,0.0,0.0,0.0,0.015,0.031,0.011,0.034,0.0,0.0,0.0,0.0,0.0,0.0,0.0,0.0,0.0,0.0,0.0,0.0,0.0,0.0,0.0,0.0,0.147,-0.149,0.0,0.0,0.001,0.001,-0.148,0.001,-0.036,0.01,0.0,0.0,0.035,0.035,-0.011,0.0,0.001,-0.0
9072007,342,0.0,1.0,1.0,1.0,100.0,0.0,0.0,0.0,0.0,0.0,0.0,33.968,35.139,0.022,0.02,0.0,80.0,55.0,1.4,16.156,2.248,2.228,-1.438,71.831,71.846,73.548,70.301,68.711,0.0,0.036,0.087,20.0,20.0,76.036,49.573,0.0,73.433,74.239,73.365,76.878,62.3,68.137,65.348,-10.82,53.125,85.625,71.813,71.75,71.25,71.688,0.0,0.0,72.0,70.0,1000.0,200.0,0.0,16.313,73.375,72.063,-0.052,74.188,75.25,73.375,76.313,0.0,97.625,72.0,70.0,1000.0,200.0,-0.002,0.0,77.563,77.125,0.009,74.625,75.5,73.813,76.375,0.0,53.938,72.0,70.0,1000.0,200.0,-0.001,0.0,76.813,76.938,0.017,73.25,75.313,73.188,74.875,0.0,44.469,72.0,70.0,1000.0,200.0,0.0,0.0,75.438,75.125,-0.004,0.0,0.0,0.0,0.0,0.0,0.0,0.0,0.0,0.0,0.0,0.0,0.0,0.0,0.0,0.0,0.0,0.015,0.031,0.011,0.032,0.0,0.0,0.0,0.0,0.0,0.0,0.0,0.0,0.0,0.0,0.0,0.0,0.0,0.0,0.0,0.0,-0.074,-0.149,-0.148,0.147,0.149,0.001,-0.148,0.149,-0.066,0.01,0.0,0.0,0.034,0.035,-0.01,0.001,-0.0,-0.0
9072007,343,0.0,1.0,1.0,1.0,100.0,0.0,0.0,0.0,0.0,0.0,0.0,35.139,35.139,0.012,0.02,0.0,80.0,55.0,1.4,16.125,2.248,3.993,-0.667,71.723,71.952,73.758,70.089,68.604,0.0,0.036,0.083,20.0,20.0,76.149,49.545,0.0,73.325,74.239,73.259,76.878,62.373,68.137,65.348,-10.82,53.125,85.563,71.813,71.75,71.25,71.75,0.0,0.0,72.0,70.0,1000.0,200.0,0.0,15.945,73.375,72.063,-0.052,74.188,75.0,73.375,76.438,0.0,97.625,72.0,70.0,1000.0,200.0,-0.002,0.0,77.563,77.313,0.009,74.625,75.5,73.938,76.438,0.0,53.938,72.0,70.0,1000.0,200.0,-0.001,0.0,77.0,76.688,0.017,73.25,75.313,73.375,74.875,0.0,44.469,72.0,70.0,1000.0,200.0,-0.001,0.0,75.438,75.125,-0.004,0.0,0.0,0.0,0.0,0.0,0.0,0.0,0.0,0.0,0.0,0.0,0.0,0.0,0.0,0.0,0.0,0.015,0.031,0.011,0.032,0.0,0.0,0.0,0.0,0.0,0.0,0.0,0.0,0.0,0.0,0.0,0.0,0.0,0.0,0.0,0.0,0.147,-0.149,0.0,0.0,0.001,0.149,-0.148,0.149,-0.032,0.01,0.0,0.0,0.035,0.035,-0.01,0.0,0.001,-0.0
9072007,344,0.0,1.0,1.0,1.0,100.0,0.0,0.0,0.0,0.0,0.0,0.0,35.139,36.31,0.012,0.02,0.0,80.0,55.0,1.4,15.93,2.248,0.462,-1.075,71.723,71.846,73.548,70.301,68.604,0.0,0.036,0.087,20.0,20.0,76.261,49.488,0.0,73.325,74.239,73.365,76.804,62.373,68.242,65.348,-10.82,53.125,85.625,71.813,71.75,71.5,71.75,0.0,0.0,72.0,70.0,1000.0,200.0,0.0,15.93,73.375,72.063,-0.052,74.188,75.0,73.375,76.313,0.0,97.625,72.0,70.0,1000.0,200.0,-0.002,0.0,77.563,77.313,0.009,74.625,75.438,73.938,76.375,0.0,53.938,72.0,70.0,1000.0,200.0,-0.001,0.0,77.063,76.938,0.017,73.188,75.313,73.375,74.875,0.0,44.469,72.0,70.0,1000.0,200.0,-0.001,0.0,75.438,75.125,-0.004,0.0,0.0,0.0,0.0,0.0,0.0,0.0,0.0,0.0,0.0,0.0,0.0,0.0,0.0,0.0,0.0,0.017,0.032,0.011,0.032,0.0,0.0,0.0,0.0,0.0,0.0,0.0,0.0,0.0,0.0,0.0,0.0,0.0,0.0,0.0,0.0,0.147,-0.149,0.0,0.0,0.001,0.001,0.0,0.149,-0.035,0.01,0.0,0.0,0.035,0.036,-0.01,0.0,0.0,-0.0
9072007,345,0.0,1.0,1.0,1.0,100.0,0.0,0.0,0.0,0.0,0.0,0.0,33.968,36.31,0.012,0.02,0.0,80.0,55.0,1.4,16.672,2.248,2.228,-0.324,71.723,71.846,73.548,70.195,68.711,0.0,0.036,0.083,20.0,20.0,76.121,49.488,0.0,73.325,74.165,73.471,76.804,62.373,68.137,65.421,-10.82,53.094,85.563,71.813,71.75,71.25,71.688,0.0,0.0,72.0,70.0,1000.0,200.0,0.0,16.281,73.375,72.063,-0.052,74.125,75.0,73.375,76.313,0.0,97.625,72.0,70.0,1000.0,200.0,-0.002,0.0,77.563,77.125,0.009,74.563,75.438,73.813,76.438,0.0,53.938,72.0,70.0,1000.0,200.0,-0.001,0.0,77.063,76.688,0.022,73.25,75.438,73.375,74.875,0.0,44.469,72.0,70.0,1000.0,200.0,-0.001,0.0,75.438,75.125,-0.004,0.0,0.0,0.0,0.0,0.0,0.0,0.0,0.0,0.0,0.0,0.0,0.0,0.0,0.0,0.0,0.0,0.015,0.031,0.011,0.032,0.0,0.0,0.0,0.0,0.0,0.0,0.0,0.0,0.0,0.0,0.0,0.0,0.0,0.0,0.0,0.0,0.147,-0.149,0.0,0.0,0.001,0.149,-0.148,0.149,-0.046,0.011,0.0,0.0,0.034,0.036,-0.01,0.001,0.001,-0.0
9072007,346,0.0,1.0,1.0,1.0,100.0,0.0,0.0,0.0,0.0,0.0,0.0,33.968,35.139,0.012,0.02,0.0,80.0,55.0,1.4,16.094,2.248,2.228,-0.923,71.723,71.846,73.548,70.195,68.604,0.0,0.036,0.087,20.0,20.0,76.317,49.488,0.0,73.325,74.239,73.471,76.804,62.446,68.242,65.421,-10.828,53.094,85.563,71.938,71.875,71.25,71.75,0.0,0.0,72.0,70.0,1000.0,200.0,0.0,15.734,73.375,72.063,-0.052,74.188,75.0,73.375,76.313,0.0,97.625,72.0,70.0,1000.0,200.0,-0.002,0.0,77.438,77.313,0.009,74.563,75.5,73.938,76.375,0.0,53.938,72.0,70.0,1000.0,200.0,-0.001,0.0,77.063,76.625,0.021,73.188,75.313,73.188,74.875,0.0,44.469,72.0,70.0,1000.0,200.0,-0.001,0.0,75.438,75.313,-0.004,0.0,0.0,0.0,0.0,0.0,0.0,0.0,0.0,0.0,0.0,0.0,0.0,0.0,0.0,0.0,0.0,0.017,0.031,0.011,0.034,0.0,0.0,0.0,0.0,0.0,0.0,0.0,0.0,0.0,0.0,0.0,0.0,0.0,0.0,0.0,0.0,0.147,-0.149,0.0,0.0,0.149,0.001,0.0,0.001,-0.04,0.01,0.0,0.0,0.034,0.035,-0.01,0.0,0.001,-0.0
9072007,347,0.0,1.0,1.0,1.0,100.0,0.0,0.0,0.0,0.0,0.0,0.0,33.968,35.139,0.012,0.02,0.0,80.0,55.0,1.4,16.094,2.248,0.462,-0.095,71.831,72.058,73.758,70.406,68.711,0.0,0.036,0.087,20.0,20.0,76.457,49.432,0.0,73.325,74.239,73.365,76.878,62.446,68.242,65.421,-10.828,53.063,85.625,71.813,71.75,71.25,71.688,0.0,0.0,72.0,70.0,1000.0,200.0,0.0,16.438,73.375,72.063,-0.052,74.188,75.0,73.375,76.313,0.0,97.625,72.0,70.0,1000.0,200.0,-0.002,0.0,77.563,77.313,0.009,74.625,75.438,73.813,76.375,0.0,53.938,72.0,70.0,1000.0,200.0,-0.001,0.0,77.0,76.688,0.021,73.188,75.438,73.375,74.938,0.0,44.469,72.0,70.0,1000.0,200.0,-0.001,0.0,75.438,75.125,-0.004,0.0,0.0,0.0,0.0,0.0,0.0,0.0,0.0,0.0,0.0,0.0,0.0,0.0,0.0,0.0,0.0,0.015,0.031,0.011,0.034,0.0,0.0,0.0,0.0,0.0,0.0,0.0,0.0,0.0,0.0,0.0,0.0,0.0,0.0,0.0,0.0,0.147,-0.149,0.0,0.0,0.001,0.149,-0.148,0.149,-0.036,0.01,0.0,0.0,0.034,0.035,-0.01,0.0,0.001,-0.0
9072007,348,0.0,1.0,1.0,1.0,100.0,0.0,0.0,0.0,0.0,0.0,0.0,35.139,35.139,0.022,0.02,0.0,80.0,55.0,1.4,16.391,2.248,2.228,-0.035,71.723,71.846,73.548,70.301,68.711,0.0,0.036,0.087,20.0,20.0,76.513,49.432,0.0,73.433,74.239,73.471,76.952,62.593,68.242,65.567,-10.82,53.094,85.563,71.813,71.75,71.5,71.75,0.0,0.0,72.0,70.0,1000.0,200.0,0.0,16.047,73.375,72.063,-0.052,74.188,75.0,73.375,76.313,0.0,97.625,72.0,70.0,1000.0,200.0,-0.002,0.0,77.563,77.313,0.009,74.563,75.438,73.813,76.375,0.0,53.938,72.0,70.0,1000.0,200.0,-0.001,0.0,77.0,76.688,0.021,73.25,75.313,73.375,74.875,0.0,44.469,72.0,70.0,1000.0,200.0,0.0,0.0,75.438,75.125,-0.004,0.0,0.0,0.0,0.0,0.0,0.0,0.0,0.0,0.0,0.0,0.0,0.0,0.0,0.0,0.0,0.0,0.015,0.031,0.011,0.034,0.0,0.0,0.0,0.0,0.0,0.0,0.0,0.0,0.0,0.0,0.0,0.0,0.0,0.0,0.0,0.0,0.147,-0.149,-0.148,0.0,0.149,0.001,0.0,0.001,-0.078,0.011,0.0,0.0,0.035,0.035,-0.01,0.0,0.001,-0.0
9072007,349,0.0,1.0,1.0,1.0,100.0,0.0,0.0,0.0,0.0,0.0,0.0,35.139,36.31,0.012,0.02,0.0,80.0,55.0,1.4,16.094,2.248,2.228,-0.465,71.831,71.846,73.548,70.089,68.604,0.0,0.036,0.087,20.0,20.0,76.373,49.432,0.0,73.325,74.165,73.471,76.804,62.446,68.137,65.494,-10.82,53.031,85.563,71.813,71.75,71.25,71.75,0.0,0.0,72.0,70.0,1000.0,200.0,0.0,16.063,73.375,72.063,-0.052,74.125,74.938,73.375,76.313,0.0,97.625,72.0,70.0,1000.0,200.0,-0.002,0.0,77.438,77.313,0.009,74.625,75.438,73.813,76.375,0.0,53.938,72.0,70.0,1000.0,200.0,-0.001,0.0,77.0,76.938,0.017,73.188,75.313,73.375,74.875,0.0,44.469,72.0,70.0,1000.0,200.0,0.0,0.0,75.438,75.125,-0.004,0.0,0.0,0.0,0.0,0.0,0.0,0.0,0.0,0.0,0.0,0.0,0.0,0.0,0.0,0.0,0.0,0.015,0.031,0.011,0.034,0.0,0.0,0.0,0.0,0.0,0.0,0.0,0.0,0.0,0.0,0.0,0.0,0.0,0.0,0.0,0.0,0.147,-0.149,0.0,0.0,0.001,0.149,-0.148,0.149,-0.046,0.011,0.0,0.0,0.035,0.036,-0.01,0.0,0.0,-0.0
9072007,350,0.0,1.0,1.0,1.0,100.0,0.0,0.0,0.0,0.0,0.0,0.0,35.139,35.139,0.012,0.034,0.0,80.0,55.0,1.4,15.852,2.248,2.228,-0.212,72.046,71.846,73.548,70.195,68.925,0.0,0.036,0.087,20.0,20.0,76.597,49.46,0.0,73.54,74.165,73.365,76.804,62.446,68.346,65.494,-10.82,53.063,85.563,71.813,71.75,71.5,71.75,0.0,0.0,72.0,70.0,1000.0,200.0,0.0,16.016,73.375,71.938,-0.052,74.188,75.0,73.438,76.313,0.0,97.625,72.0,70.0,1000.0,200.0,-0.002,0.0,77.563,77.313,0.009,74.625,75.438,73.813,76.375,0.0,53.938,72.0,70.0,1000.0,200.0,-0.001,0.0,77.0,76.688,0.017,73.25,75.313,73.188,74.875,0.0,44.469,72.0,70.0,1000.0,200.0,0.0,0.0,75.438,75.125,-0.004,0.0,0.0,0.0,0.0,0.0,0.0,0.0,0.0,0.0,0.0,0.0,0.0,0.0,0.0,0.0,0.0,0.015,0.032,0.011,0.034,0.0,0.0,0.0,0.0,0.0,0.0,0.0,0.0,0.0,0.0,0.0,0.0,0.0,0.0,0.0,0.0,0.0,-0.001,-0.148,0.0,0.149,0.149,-0.148,0.149,-0.04,0.018,0.0,0.0,0.035,0.035,-0.011,0.0,0.001,-0.0
9072007,351,0.0,1.0,1.0,1.0,100.0,0.0,0.0,0.0,0.0,0.0,0.0,33.968,35.139,0.012,0.02,0.0,80.0,55.0,1.4,16.078,2.248,2.228,-1.012,71.831,71.846,73.443,70.301,68.604,0.0,0.036,0.087,20.0,20.0,76.513,49.516,0.0,73.433,74.091,73.365,76.731,62.446,68.242,65.421,-10.828,53.063,85.563,71.813,71.75,71.5,71.75,0.0,0.0,72.0,70.0,1000.0,200.0,0.0,15.813,73.375,72.063,-0.052,74.188,75.0,73.375,76.313,0.0,97.625,72.0,70.0,1000.0,200.0,-0.002,0.0,77.563,77.313,0.009,74.563,75.5,73.813,76.375,0.0,53.938,72.0,70.0,1000.0,200.0,-0.001,0.0,77.063,76.625,0.025,73.25,75.438,73.375,74.875,0.0,44.469,72.0,70.0,1000.0,200.0,0.0,0.0,75.438,75.125,-0.004,0.0,0.0,0.0,0.0,0.0,0.0,0.0,0.0,0.0,0.0,0.0,0.0,0.0,0.0,0.0,0.0,0.015,0.031,0.011,0.034,0.0,0.0,0.0,0.0,0.0,0.0,0.0,0.0,0.0,0.0,0.0,0.0,0.0,0.0,0.0,0.0,0.0,-0.149,-0.148,0.147,0.149,0.001,-0.148,0.001,-0.044,0.01,0.0,0.0,0.034,0.035,-0.01,0.0,0.002,-0.0
9072007,352,0.0,1.0,1.0,1.0,100.0,0.0,0.0,0.0,0.0,0.0,0.0,33.968,35.139,0.012,0.02,0.0,80.0,55.0,1.4,16.125,2.248,2.228,-0.209,71.723,71.846,73.443,70.195,68.711,0.0,0.036,0.087,20.0,20.0,76.429,49.601,0.0,73.433,74.165,73.471,76.804,62.593,68.242,65.567,-10.828,53.063,85.563,71.813,71.75,71.5,71.75,0.0,0.0,72.0,70.0,1000.0,200.0,0.0,15.836,73.375,71.938,-0.052,74.125,75.0,73.375,76.313,0.0,97.625,72.0,70.0,1000.0,200.0,-0.002,0.0,77.563,77.313,0.009,74.625,75.5,73.938,76.375,0.0,53.938,72.0,70.0,1000.0,200.0,-0.001,0.0,77.0,76.688,0.017,73.188,75.313,73.375,74.875,0.0,44.469,72.0,70.0,1000.0,200.0,0.0,0.0,75.438,75.125,-0.004,0.0,0.0,0.0,0.0,0.0,0.0,0.0,0.0,0.0,0.0,0.0,0.0,0.0,0.0,0.0,0.0,0.015,0.031,0.011,0.032,0.0,0.0,0.0,0.0,0.0,0.0,0.0,0.0,0.0,0.0,0.0,0.0,0.0,0.0,0.0,0.0,0.147,-0.149,-0.148,0.0,0.149,0.001,-0.148,0.149,-0.046,0.011,0.0,0.0,0.034,0.035,-0.011,0.0,0.001,-0.0
9072007,353,0.0,1.0,1.0,1.0,100.0,0.0,0.0,0.0,0.0,0.0,0.0,33.968,35.139,0.012,0.02,0.0,80.0,55.0,1.4,16.266,2.248,2.228,-1.398,71.831,71.846,73.443,70.195,68.711,0.0,0.036,0.083,20.0,20.0,76.373,49.629,0.0,73.433,74.091,73.365,76.804,62.52,68.346,65.494,-10.82,53.063,85.563,71.938,71.875,71.25,71.75,0.0,0.0,72.0,70.0,1000.0,200.0,0.0,16.266,73.375,72.188,-0.052,74.188,74.938,73.375,76.313,0.0,97.625,72.0,70.0,1000.0,200.0,-0.002,0.0,77.563,77.313,0.009,74.563,75.5,73.813,76.375,0.0,53.938,72.0,70.0,1000.0,200.0,-0.001,0.0,77.063,76.688,0.017,73.188,75.438,73.188,74.875,0.0,44.469,72.0,70.0,1000.0,200.0,0.0,0.0,75.438,75.125,-0.004,0.0,0.0,0.0,0.0,0.0,0.0,0.0,0.0,0.0,0.0,0.0,0.0,0.0,0.0,0.0,0.0,0.015,0.031,0.011,0.032,0.0,0.0,0.0,0.0,0.0,0.0,0.0,0.0,0.0,0.0,0.0,0.0,0.0,0.0,0.0,0.0,0.0,-0.149,0.0,0.0,0.149,0.001,0.0,0.001,-0.045,0.01,0.0,0.0,0.034,0.035,-0.009,0.0,0.001,-0.0
9072007,354,0.0,1.0,1.0,1.0,100.0,0.0,0.0,0.0,0.0,0.0,0.0,33.968,35.139,0.012,0.02,0.0,80.0,55.0,1.4,16.063,2.248,2.228,0.095,71.615,71.846,73.443,70.301,68.604,0.0,0.04,0.087,20.0,20.0,76.654,49.713,0.0,73.325,74.165,73.365,76.804,62.593,68.346,65.567,-10.82,53.031,85.5,71.813,71.75,71.25,71.688,0.0,0.0,72.0,70.0,1000.0,200.0,0.0,15.82,73.375,72.063,-0.052,74.125,75.0,73.375,76.313,0.0,97.625,72.0,70.0,1000.0,200.0,-0.002,0.0,77.688,77.313,0.009,74.563,75.438,73.813,76.375,0.0,53.938,72.0,70.0,1000.0,200.0,-0.001,0.0,77.0,76.688,0.017,73.188,75.313,73.188,74.875,0.0,44.469,72.0,70.0,1000.0,200.0,0.0,0.0,75.438,75.125,-0.004,0.0,0.0,0.0,0.0,0.0,0.0,0.0,0.0,0.0,0.0,0.0,0.0,0.0,0.0,0.0,0.0,0.015,0.031,0.011,0.032,0.0,0.0,0.0,0.0,0.0,0.0,0.0,0.0,0.0,0.0,0.0,0.0,0.0,0.0,0.0,0.0,0.147,-0.149,-0.148,0.0,0.149,0.001,-0.148,0.149,-0.04,0.01,0.0,0.0,0.034,0.035,-0.01,0.0,0.001,-0.0
9072007,355,0.0,1.0,1.0,1.0,100.0,0.0,0.0,0.0,0.0,0.0,0.0,33.968,36.31,0.012,0.02,0.0,80.0,55.0,1.4,16.453,2.248,2.228,-1.335,71.723,71.846,73.337,70.195,68.711,0.0,0.036,0.087,20.0,20.0,76.205,49.713,0.0,73.433,74.165,73.471,76.878,62.593,68.242,65.567,-10.82,53.031,85.563,71.813,71.75,71.25,71.75,0.0,0.0,72.0,70.0,1000.0,200.0,0.0,16.125,73.5,72.063,-0.052,74.188,75.0,73.438,76.313,0.0,97.625,72.0,70.0,1000.0,200.0,-0.002,0.0,77.563,77.125,0.009,74.563,75.438,73.813,76.375,0.0,53.938,72.0,70.0,1000.0,200.0,-0.001,0.0,77.0,76.688,0.017,73.188,75.438,73.188,74.875,0.0,44.469,72.0,70.0,1000.0,200.0,0.0,0.0,75.438,75.125,-0.004,0.0,0.0,0.0,0.0,0.0,0.0,0.0,0.0,0.0,0.0,0.0,0.0,0.0,0.0,0.0,0.0,0.015,0.031,0.011,0.032,0.0,0.0,0.0,0.0,0.0,0.0,0.0,0.0,0.0,0.0,0.0,0.0,0.0,0.0,0.0,0.0,0.0,-0.149,-0.148,0.147,0.001,0.149,-0.148,0.149,-0.047,0.011,0.0,0.0,0.034,0.036,-0.011,0.001,0.001,-0.0
9072007,356,0.0,1.0,1.0,1.0,100.0,0.0,0.0,0.0,0.0,0.0,0.0,33.968,35.139,0.012,0.02,0.0,80.0,55.0,1.4,16.141,2.248,2.228,-0.091,71.723,71.846,73.443,70.195,68.711,0.0,0.036,0.083,20.0,20.0,76.149,49.685,0.0,73.325,74.091,73.471,76.804,62.666,68.346,65.64,-10.82,53.031,85.5,71.813,71.75,71.25,71.75,0.0,0.0,72.0,70.0,1000.0,200.0,0.0,16.078,73.375,72.063,-0.052,74.188,74.938,73.375,76.313,0.0,97.625,72.0,70.0,1000.0,200.0,-0.002,0.0,77.438,77.313,0.009,74.563,75.5,73.938,76.375,0.0,53.938,72.0,70.0,1000.0,200.0,-0.001,0.0,77.063,76.688,0.017,73.188,75.438,73.375,74.875,0.0,44.469,72.0,70.0,1000.0,200.0,0.0,0.0,75.438,75.125,-0.004,0.0,0.0,0.0,0.0,0.0,0.0,0.0,0.0,0.0,0.0,0.0,0.0,0.0,0.0,0.0,0.0,0.015,0.031,0.011,0.034,0.0,0.0,0.0,0.0,0.0,0.0,0.0,0.0,0.0,0.0,0.0,0.0,0.0,0.0,0.0,0.0,0.147,-0.149,0.0,0.0,0.149,0.001,-0.148,0.149,-0.053,0.01,0.0,0.0,0.034,0.035,-0.01,0.0,0.001,-0.0
9072007,357,0.0,1.0,1.0,1.0,100.0,0.0,0.0,0.0,0.0,0.0,0.0,33.968,35.139,0.012,0.02,0.0,80.0,55.0,1.4,16.172,2.248,2.228,-1.046,71.831,72.058,73.548,70.195,68.711,0.0,0.04,0.087,20.0,20.0,76.205,49.769,0.0,73.325,74.165,73.471,76.804,62.593,68.451,65.567,-10.82,53.0,85.563,71.813,71.75,71.5,71.75,0.0,0.0,72.0,70.0,1000.0,200.0,0.0,16.313,73.375,72.063,-0.052,74.125,74.938,73.375,76.313,0.0,97.625,72.0,70.0,1000.0,200.0,-0.002,0.0,77.563,77.313,0.009,74.563,75.5,73.938,76.375,0.0,53.938,72.0,70.0,1000.0,200.0,-0.001,0.0,77.0,76.688,0.017,73.188,75.438,73.188,74.875,0.0,44.469,72.0,70.0,1000.0,200.0,0.0,0.0,75.438,75.125,-0.004,0.0,0.0,0.0,0.0,0.0,0.0,0.0,0.0,0.0,0.0,0.0,0.0,0.0,0.0,0.0,0.0,0.017,0.031,0.011,0.032,0.0,0.0,0.0,0.0,0.0,0.0,0.0,0.0,0.0,0.0,0.0,0.0,0.0,0.0,0.0,0.0,0.147,-0.149,0.0,0.147,0.149,0.001,0.0,0.001,-0.046,0.01,0.0,0.0,0.034,0.035,-0.01,0.0,0.001,-0.0
9072007,358,0.0,1.0,1.0,1.0,100.0,0.0,0.0,0.0,0.0,0.0,0.0,35.139,35.139,0.012,0.02,0.0,80.0,55.0,1.4,16.031,2.248,0.462,-1.356,71.831,71.846,73.337,70.301,68.711,0.0,0.036,0.087,20.0,20.0,76.093,49.741,0.0,73.325,74.091,73.365,76.804,62.739,68.451,65.64,-10.82,53.0,85.5,71.813,71.75,71.25,71.688,0.0,0.0,72.0,70.0,1000.0,200.0,0.0,15.953,73.375,71.938,-0.052,74.125,74.938,73.375,76.313,0.0,97.625,72.0,70.0,1000.0,200.0,-0.002,0.0,77.438,77.313,0.009,74.563,75.5,73.813,76.375,0.0,53.938,72.0,70.0,1000.0,200.0,-0.001,0.0,77.063,76.688,0.017,73.188,75.438,73.375,74.875,0.0,44.469,72.0,70.0,1000.0,200.0,0.0,0.0,75.438,75.125,-0.004,0.0,0.0,0.0,0.0,0.0,0.0,0.0,0.0,0.0,0.0,0.0,0.0,0.0,0.0,0.0,0.0,0.015,0.031,0.011,0.034,0.0,0.0,0.0,0.0,0.0,0.0,0.0,0.0,0.0,0.0,0.0,0.0,0.0,0.0,0.0,0.0,0.147,-0.223,0.0,-0.074,0.001,0.149,-0.148,0.149,-0.045,0.01,0.0,0.0,0.035,0.035,-0.011,0.0,0.001,-0.0
9072007,359,0.0,1.0,1.0,1.0,100.0,0.0,0.0,0.0,0.0,0.0,0.0,33.968,35.139,0.022,0.02,0.0,80.0,55.0,1.4,16.031,1.126,3.993,0.462,71.723,71.846,73.337,70.301,68.711,0.0,0.036,0.087,20.0,20.0,76.625,49.825,0.0,73.325,74.165,73.259,76.804,62.739,68.242,65.64,-10.82,52.969,85.5,71.813,71.75,71.5,71.75,0.0,0.0,72.0,70.0,1000.0,200.0,0.0,16.094,73.375,71.938,-0.052,74.188,74.938,73.375,76.313,0.0,97.625,72.0,70.0,1000.0,200.0,-0.002,0.0,77.438,77.313,0.009,74.563,75.5,73.813,76.375,0.0,53.938,72.0,70.0,1000.0,200.0,-0.001,0.0,77.0,76.688,0.017,73.188,75.438,73.375,74.938,0.0,44.469,72.0,70.0,1000.0,200.0,0.0,0.0,75.438,75.125,-0.004,0.0,0.0,0.0,0.0,0.0,0.0,0.0,0.0,0.0,0.0,0.0,0.0,0.0,0.0,0.0,0.0,0.015,0.032,0.011,0.034,0.0,0.0,0.0,0.0,0.0,0.0,0.0,0.0,0.0,0.0,0.0,0.0,0.0,0.0,0.0,0.0,0.147,-0.149,0.0,0.0,0.149,0.149,-0.148,0.001,-0.064,0.011,0.0,0.0,0.034,0.035,-0.011,0.0,0.001,-0.0
9072007,400,0.0,1.0,1.0,1.0,100.0,0.0,0.0,0.0,0.0,0.0,0.0,33.968,36.31,0.012,0.02,0.0,80.0,55.0,1.4,16.297,2.248,2.228,0.336,71.723,71.846,73.337,70.301,68.604,0.0,0.036,0.087,20.0,20.0,75.952,49.713,0.0,73.325,74.165,73.365,76.804,62.739,68.451,65.64,-10.82,53.0,85.5,71.813,71.75,71.25,71.75,0.0,0.0,72.0,70.0,1000.0,200.0,0.0,16.344,73.375,71.938,-0.052,74.125,75.0,73.438,76.313,0.0,97.625,72.0,70.0,1000.0,200.0,-0.002,0.0,77.563,77.125,0.009,74.625,75.438,73.938,76.375,0.0,53.938,72.0,70.0,1000.0,200.0,-0.001,0.0,77.0,76.688,0.017,73.25,75.438,73.375,74.875,0.0,44.469,72.0,70.0,1000.0,200.0,0.0,0.0,75.438,75.125,-0.004,0.0,0.0,0.0,0.0,0.0,0.0,0.0,0.0,0.0,0.0,0.0,0.0,0.0,0.0,0.0,0.0,0.015,0.031,0.011,0.034,0.0,0.0,0.0,0.0,0.0,0.0,0.0,0.0,0.0,0.0,0.0,0.0,0.0,0.0,0.0,0.0,0.222,-0.149,0.0,0.0,0.001,0.149,-0.148,0.001,-0.04,0.01,0.0,0.0,0.034,0.036,-0.011,0.001,0.001,-0.0
9072007,401,0.0,1.0,1.0,1.0,100.0,0.0,0.0,0.0,0.0,0.0,0.0,33.968,35.139,0.012,0.02,0.0,80.0,55.0,1.4,16.359,2.248,2.228,0.34,71.723,71.846,73.337,70.195,68.711,0.0,0.036,0.087,20.0,20.0,76.205,49.797,0.0,73.433,74.165,73.365,76.804,62.739,68.346,65.713,-10.82,53.0,85.563,71.813,71.75,71.5,71.75,0.0,0.0,72.0,70.0,1000.0,200.0,0.0,16.266,73.375,72.063,-0.052,74.125,74.938,73.375,76.313,0.0,97.625,72.0,70.0,1000.0,200.0,-0.002,0.0,77.563,77.125,0.009,74.625,75.5,73.938,76.375,0.0,53.938,72.0,70.0,1000.0,200.0,-0.001,0.0,77.0,76.938,0.017,73.25,75.438,73.375,74.875,0.0,44.469,72.0,70.0,1000.0,200.0,0.0,0.0,75.438,75.125,-0.004,0.0,0.0,0.0,0.0,0.0,0.0,0.0,0.0,0.0,0.0,0.0,0.0,0.0,0.0,0.0,0.0,0.015,0.031,0.011,0.032,0.0,0.0,0.0,0.0,0.0,0.0,0.0,0.0,0.0,0.0,0.0,0.0,0.0,0.0,0.0,0.0,0.147,-0.149,0.0,0.0,0.149,0.001,-0.148,0.001,-0.04,0.011,0.0,0.0,0.034,0.035,-0.01,0.001,0.0,-0.0
9072007,402,0.0,1.0,1.0,1.0,100.0,0.0,0.0,0.0,0.0,0.0,0.0,33.968,35.139,0.022,0.02,0.0,80.0,55.0,1.4,16.594,2.248,0.462,-0.566,71.938,71.846,73.337,70.301,68.925,0.0,0.036,0.087,20.0,20.0,76.373,49.853,0.0,73.54,74.165,73.365,76.731,62.813,68.451,65.713,-10.82,53.0,85.563,71.813,71.75,71.25,71.75,0.0,0.0,72.0,70.0,1000.0,200.0,0.0,16.484,73.375,72.063,-0.052,74.188,75.0,73.438,76.313,0.0,97.625,72.0,70.0,1000.0,200.0,-0.002,0.0,77.438,77.313,0.009,74.563,75.5,73.938,76.375,0.0,53.938,72.0,70.0,1000.0,200.0,-0.001,0.0,77.0,76.688,0.017,73.25,75.438,73.375,74.875,0.0,44.469,72.0,70.0,1000.0,200.0,0.0,0.0,75.438,75.125,-0.004,0.0,0.0,0.0,0.0,0.0,0.0,0.0,0.0,0.0,0.0,0.0,0.0,0.0,0.0,0.0,0.0,0.015,0.031,0.01,0.032,0.0,0.0,0.0,0.0,0.0,0.0,0.0,0.0,0.0,0.0,0.0,0.0,0.0,0.0,0.0,0.0,0.147,-0.149,0.0,0.0,0.224,0.001,-0.148,0.149,-0.071,0.01,0.0,0.0,0.034,0.035,-0.01,0.0,0.001,-0.0
9072007,403,0.0,1.0,1.0,1.0,100.0,0.0,0.0,0.0,0.0,0.0,0.0,33.968,35.139,0.012,0.02,0.0,80.0,55.0,1.4,16.109,2.248,2.228,0.341,72.046,71.846,73.232,70.195,68.925,0.0,0.036,0.083,20.0,20.0,76.822,49.881,0.0,73.54,74.165,73.471,76.804,62.739,68.555,65.713,-10.828,53.0,85.5,71.813,71.75,71.25,71.75,0.0,0.0,72.0,70.0,1000.0,200.0,0.0,16.156,73.5,72.063,-0.052,74.125,75.0,73.375,76.313,0.0,97.625,72.0,70.0,1000.0,200.0,-0.002,0.0,77.563,77.313,0.009,74.625,75.438,73.813,76.375,0.0,53.938,72.0,70.0,1000.0,200.0,-0.001,0.0,77.0,76.688,0.017,73.25,75.313,73.375,74.875,0.0,44.469,72.0,70.0,1000.0,200.0,0.0,0.0,75.438,75.125,-0.004,0.0,0.0,0.0,0.0,0.0,0.0,0.0,0.0,0.0,0.0,0.0,0.0,0.0,0.0,0.0,0.0,0.017,0.032,0.011,0.034,0.0,0.0,0.0,0.0,0.0,0.0,0.0,0.0,0.0,0.0,0.0,0.0,0.0,0.0,0.0,0.0,0.0,-0.149,-0.148,0.0,0.149,0.149,-0.148,0.149,-0.046,0.01,0.0,0.0,0.034,0.035,-0.011,0.0,0.001,-0.0
9072007,404,0.0,1.0,1.0,1.0,100.0,0.0,0.0,0.0,0.0,0.0,0.0,33.968,35.139,0.012,0.02,0.0,80.0,55.0,1.4,16.109,2.248,0.462,-1.202,71.831,72.058,73.548,70.512,68.711,0.0,0.036,0.087,20.0,20.0,76.541,49.853,0.0,73.433,74.091,73.365,76.804,62.813,68.346,65.713,-10.82,52.969,85.5,71.813,71.75,71.5,71.75,0.0,0.0,72.0,70.0,1000.0,200.0,0.0,16.453,73.375,72.063,-0.052,74.125,75.0,73.438,76.313,0.0,97.625,72.0,70.0,1000.0,200.0,-0.002,0.0,77.438,77.125,0.009,74.563,75.5,73.813,76.375,0.0,53.938,72.0,70.0,1000.0,200.0,-0.001,0.0,77.063,76.688,0.017,73.25,75.438,73.188,74.875,0.0,44.469,72.0,70.0,1000.0,200.0,0.0,0.0,75.438,75.125,-0.004,0.0,0.0,0.0,0.0,0.0,0.0,0.0,0.0,0.0,0.0,0.0,0.0,0.0,0.0,0.0,0.0,0.017,0.031,0.011,0.032,0.0,0.0,0.0,0.0,0.0,0.0,0.0,0.0,0.0,0.0,0.0,0.0,0.0,0.0,0.0,0.0,0.147,-0.149,0.0,0.0,0.149,0.001,-0.148,0.001,-0.045,0.01,0.0,0.0,0.034,0.035,-0.01,0.0,0.001,-0.0
9072007,405,0.0,1.0,1.0,1.0,100.0,0.0,0.0,0.0,0.0,0.0,0.0,35.139,35.139,0.012,0.02,0.0,80.0,55.0,1.4,16.313,2.248,2.228,0.328,71.723,71.846,73.232,70.195,68.711,0.0,0.036,0.083,20.0,20.0,77.271,50.301,0.0,73.325,74.091,73.471,76.731,62.886,68.451,65.713,-10.82,52.969,85.563,71.813,71.75,71.5,71.75,0.0,0.0,72.0,70.0,1000.0,200.0,0.0,16.422,73.5,71.938,-0.052,74.188,75.0,73.438,76.313,0.0,97.625,72.0,70.0,1000.0,200.0,-0.002,0.0,77.438,77.125,0.009,74.625,75.438,73.938,76.375,0.0,53.938,72.0,70.0,1000.0,200.0,-0.001,0.0,77.063,76.938,0.017,73.188,75.438,73.375,74.938,0.0,44.469,72.0,70.0,1000.0,200.0,0.0,0.0,75.438,75.125,-0.004,0.0,0.0,0.0,0.0,0.0,0.0,0.0,0.0,0.0,0.0,0.0,0.0,0.0,0.0,0.0,0.0,0.015,0.031,0.011,0.032,0.0,0.0,0.0,0.0,0.0,0.0,0.0,0.0,0.0,0.0,0.0,0.0,0.0,0.0,0.0,0.0,0.147,-0.223,0.0,0.0,0.001,0.001,-0.148,0.224,-0.051,0.01,0.0,0.0,0.035,0.035,-0.012,0.0,0.0,-0.0
9072007,406,0.0,1.0,1.0,1.0,100.0,0.0,0.0,0.0,0.0,0.0,0.0,33.968,35.139,0.012,0.02,0.0,80.0,55.0,1.4,16.391,2.248,2.228,0.116,71.831,71.846,73.232,70.195,68.711,0.0,0.036,0.083,20.0,20.0,77.383,49.993,0.0,73.433,74.165,73.471,76.731,62.886,68.451,65.785,-10.82,52.938,85.5,71.813,71.875,71.25,71.75,0.0,0.0,72.0,70.0,1000.0,200.0,0.0,16.297,73.375,72.063,-0.052,74.125,75.0,73.375,76.313,0.0,97.625,72.0,70.0,1000.0,200.0,-0.002,0.0,77.438,77.313,0.009,74.563,75.438,73.813,76.375,0.0,53.938,72.0,70.0,1000.0,200.0,-0.001,0.0,77.0,76.688,0.021,73.188,75.313,73.375,74.875,0.0,44.469,72.0,70.0,1000.0,200.0,0.0,0.0,75.438,75.125,-0.004,0.0,0.0,0.0,0.0,0.0,0.0,0.0,0.0,0.0,0.0,0.0,0.0,0.0,0.0,0.0,0.0,0.015,0.031,0.011,0.034,0.0,0.0,0.0,0.0,0.0,0.0,0.0,0.0,0.0,0.0,0.0,0.0,0.0,0.0,0.0,0.0,0.147,-0.223,0.0,0.0,0.149,0.001,-0.148,0.149,-0.044,0.01,0.0,0.0,0.034,0.035,-0.01,0.0,0.001,-0.0
9072007,407,0.0,1.0,1.0,1.0,100.0,0.0,0.0,0.0,0.0,0.0,0.0,33.968,35.139,0.012,0.02,0.0,80.0,55.0,1.4,16.078,2.248,2.228,-1.335,71.831,71.846,73.337,70.301,68.711,0.0,0.036,0.087,20.0,20.0,77.102,49.853,0.0,73.325,74.091,73.365,76.731,62.886,68.346,65.785,-10.82,52.969,85.5,71.813,71.75,71.25,71.75,0.0,0.0,72.0,70.0,1000.0,200.0,0.0,16.5,73.375,72.063,-0.052,74.188,75.0,73.438,76.313,0.0,97.625,72.0,70.0,1000.0,200.0,-0.002,0.0,77.563,77.125,0.009,74.563,75.438,73.813,76.375,0.0,53.938,72.0,70.0,1000.0,200.0,-0.001,0.0,77.0,76.688,0.018,73.25,75.438,73.375,74.875,0.0,44.469,72.0,70.0,1000.0,200.0,0.0,0.0,75.438,75.125,-0.004,0.0,0.0,0.0,0.0,0.0,0.0,0.0,0.0,0.0,0.0,0.0,0.0,0.0,0.0,0.0,0.0,0.017,0.031,0.011,0.034,0.0,0.0,0.0,0.0,0.0,0.0,0.0,0.0,0.0,0.0,0.0,0.0,0.0,0.0,0.0,0.0,0.147,-0.001,-0.148,0.0,0.149,0.001,-0.148,0.001,-0.044,0.011,0.0,0.0,0.034,0.035,-0.01,0.001,0.001,-0.0
9072007,408,0.0,1.0,1.0,1.0,100.0,0.0,0.0,0.0,0.0,0.0,0.0,35.139,35.139,0.012,0.02,0.0,80.0,55.0,1.4,16.172,2.248,0.462,0.287,71.723,71.846,73.337,70.195,68.711,0.0,0.04,0.087,20.0,20.0,77.046,49.769,0.0,73.325,74.091,73.365,76.804,62.959,68.451,65.785,-10.82,52.969,85.5,71.938,71.875,71.5,71.75,0.0,0.0,72.0,70.0,1000.0,200.0,0.0,16.266,73.375,72.063,-0.052,74.125,75.0,73.375,76.313,0.0,97.625,72.0,70.0,1000.0,200.0,-0.002,0.0,77.438,77.375,0.009,74.563,75.438,73.938,76.375,0.0,53.938,72.0,70.0,1000.0,200.0,-0.001,0.0,77.0,76.688,0.017,73.188,75.313,73.188,74.875,0.0,44.469,72.0,70.0,1000.0,200.0,0.0,0.0,75.438,75.125,-0.004,0.0,0.0,0.0,0.0,0.0,0.0,0.0,0.0,0.0,0.0,0.0,0.0,0.0,0.0,0.0,0.0,0.015,0.031,0.011,0.034,0.0,0.0,0.0,0.0,0.0,0.0,0.0,0.0,0.0,0.0,0.0,0.0,0.0,0.0,0.0,0.0,0.0,-0.149,-0.148,0.0,0.001,0.149,-0.148,0.149,-0.045,0.01,0.0,0.0,0.035,0.035,-0.01,0.0,0.001,-0.0
9072007,409,0.0,1.0,1.0,1.0,100.0,0.0,0.0,0.0,0.0,0.0,0.0,33.968,35.139,0.012,0.02,0.0,80.0,55.0,1.4,16.141,2.248,3.993,-1.436,71.723,71.846,73.443,70.195,68.711,0.0,0.04,0.087,20.0,20.0,76.85,49.825,0.0,73.325,74.091,73.259,76.731,62.813,68.346,65.713,-10.828,52.969,85.5,71.813,71.75,71.25,71.75,0.0,0.0,72.0,70.0,1000.0,200.0,0.0,16.516,73.375,72.063,-0.052,74.125,75.0,73.375,76.313,0.0,97.625,72.0,70.0,1000.0,200.0,-0.002,0.0,77.563,77.313,0.009,74.563,75.5,73.813,76.438,0.0,53.938,72.0,70.0,1000.0,200.0,-0.001,0.0,77.063,76.688,0.017,73.188,75.313,73.188,74.875,0.0,44.469,72.0,70.0,1000.0,200.0,0.0,0.0,75.438,75.125,-0.004,0.0,0.0,0.0,0.0,0.0,0.0,0.0,0.0,0.0,0.0,0.0,0.0,0.0,0.0,0.0,0.0,0.015,0.031,0.011,0.034,0.0,0.0,0.0,0.0,0.0,0.0,0.0,0.0,0.0,0.0,0.0,0.0,0.0,0.0,0.0,0.0,0.0,-0.149,-0.148,0.0,0.149,0.001,-0.148,0.001,-0.038,0.01,0.0,0.0,0.034,0.035,-0.01,0.0,0.001,-0.0
9072007,410,0.0,1.0,1.0,1.0,100.0,0.0,0.0,0.0,0.0,0.0,0.0,33.968,35.139,0.012,0.02,0.0,80.0,55.0,1.4,16.141,2.248,2.228,-0.992,71.831,71.846,73.443,70.195,68.711,0.0,0.036,0.087,20.0,20.0,76.906,49.769,0.0,73.433,74.165,73.259,76.731,62.959,68.555,65.785,-10.82,52.969,85.5,71.813,71.75,71.25,71.75,0.0,0.0,72.0,70.0,1000.0,200.0,0.0,16.375,73.5,72.063,-0.052,74.125,75.0,73.375,76.313,0.0,97.625,72.0,70.0,1000.0,200.0,-0.002,0.0,77.563,77.125,0.009,74.563,75.438,73.813,76.375,0.0,53.938,72.0,70.0,1000.0,200.0,-0.001,0.0,77.0,76.688,0.017,73.188,75.438,73.375,74.875,0.0,44.469,72.0,70.0,1000.0,200.0,0.0,0.0,75.438,75.125,-0.004,0.0,0.0,0.0,0.0,0.0,0.0,0.0,0.0,0.0,0.0,0.0,0.0,0.0,0.0,0.0,0.0,0.015,0.031,0.011,0.034,0.0,0.0,0.0,0.0,0.0,0.0,0.0,0.0,0.0,0.0,0.0,0.0,0.0,0.0,0.0,0.0,0.147,-0.149,0.0,0.0,0.149,0.001,0.0,0.001,-0.034,0.01,0.0,0.0,0.034,0.035,-0.011,0.001,0.001,-0.0
9072007,411,0.0,1.0,1.0,1.0,100.0,0.0,0.0,0.0,0.0,0.0,0.0,33.968,35.139,0.012,0.02,0.0,80.0,55.0,1.4,16.078,2.248,3.993,-1.422,71.831,71.846,73.443,70.301,68.711,0.0,0.036,0.087,20.0,20.0,76.121,49.657,0.0,73.325,74.091,73.259,76.731,63.032,68.555,65.858,-10.82,53.0,85.5,71.813,71.75,71.25,71.938,0.0,0.0,72.0,70.0,1000.0,200.0,0.0,16.469,73.375,72.063,-0.052,74.125,75.0,73.375,76.313,0.0,97.625,72.0,70.0,1000.0,200.0,-0.002,0.0,77.563,77.125,0.009,74.563,75.5,73.813,76.375,0.0,53.938,72.0,70.0,1000.0,200.0,-0.001,0.0,77.0,76.688,0.017,73.188,75.313,73.188,74.875,0.0,44.469,72.0,70.0,1000.0,200.0,0.0,0.0,75.438,75.125,-0.004,0.0,0.0,0.0,0.0,0.0,0.0,0.0,0.0,0.0,0.0,0.0,0.0,0.0,0.0,0.0,0.0,0.015,0.031,0.011,0.034,0.0,0.0,0.0,0.0,0.0,0.0,0.0,0.0,0.0,0.0,0.0,0.0,0.0,0.0,0.0,0.0,0.0,-0.149,-0.148,0.0,0.149,0.001,-0.148,0.001,-0.038,0.01,0.0,0.0,0.034,0.035,-0.01,0.001,0.001,-0.0
9072007,412,0.0,1.0,1.0,1.0,100.0,0.0,0.0,0.0,0.0,0.0,0.0,33.968,35.139,0.012,0.02,0.0,80.0,55.0,1.4,16.281,2.248,2.228,-0.748,71.831,71.846,73.548,70.195,68.711,0.0,0.036,0.087,20.0,20.0,76.569,49.629,0.0,73.325,74.165,73.259,76.731,62.959,68.451,65.858,-10.82,53.0,85.5,71.813,71.875,71.25,71.75,0.0,0.0,72.0,70.0,1000.0,200.0,0.0,16.234,73.375,72.063,-0.052,74.125,75.0,73.375,76.313,0.0,97.625,72.0,70.0,1000.0,200.0,-0.002,0.0,77.438,77.125,0.009,74.563,75.438,73.813,76.375,0.0,53.938,72.0,70.0,1000.0,200.0,-0.001,0.0,77.0,76.625,0.017,73.25,75.313,73.375,74.875,0.0,44.469,72.0,70.0,1000.0,200.0,0.0,0.0,75.438,75.125,-0.004,0.0,0.0,0.0,0.0,0.0,0.0,0.0,0.0,0.0,0.0,0.0,0.0,0.0,0.0,0.0,0.0,0.015,0.031,0.011,0.034,0.0,0.0,0.0,0.0,0.0,0.0,0.0,0.0,0.0,0.0,0.0,0.0,0.0,0.0,0.0,0.0,0.0,-0.149,-0.148,0.0,0.149,0.149,-0.148,0.149,-0.034,0.011,0.0,0.0,0.034,0.035,-0.01,0.0,0.001,-0.0
9072007,413,0.0,1.0,1.0,1.0,100.0,0.0,0.0,0.0,0.0,0.0,0.0,35.139,35.139,0.012,0.02,0.0,80.0,55.0,1.4,16.281,2.248,3.993,0.132,72.046,71.846,73.548,70.301,68.711,0.0,0.036,0.087,20.0,20.0,76.99,49.573,0.0,73.54,74.091,73.259,76.804,63.032,68.555,65.931,-10.82,53.0,85.5,71.813,71.75,71.5,71.688,0.0,0.0,72.0,70.0,1000.0,200.0,0.0,15.984,73.375,72.063,-0.052,74.125,75.0,73.375,76.313,0.0,97.625,72.0,70.0,1000.0,200.0,-0.002,0.0,77.438,77.313,0.009,74.563,75.438,73.813,76.375,0.0,53.938,72.0,70.0,1000.0,200.0,-0.001,0.0,77.0,76.688,0.017,73.25,75.313,73.188,74.875,0.0,44.469,72.0,70.0,1000.0,200.0,0.0,0.0,75.438,75.125,-0.004,0.0,0.0,0.0,0.0,0.0,0.0,0.0,0.0,0.0,0.0,0.0,0.0,0.0,0.0,0.0,0.0,0.015,0.031,0.011,0.032,0.0,0.0,0.0,0.0,0.0,0.0,0.0,0.0,0.0,0.0,0.0,0.0,0.0,0.0,0.0,0.0,0.0,-0.001,0.0,0.0,0.149,0.001,-0.148,0.149,-0.039,0.01,0.0,0.0,0.035,0.035,-0.01,0.0,0.001,-0.0
9072007,414,0.0,1.0,1.0,1.0,100.0,0.0,0.0,0.0,0.0,0.0,0.0,33.968,35.139,0.012,0.02,0.0,80.0,55.0,1.4,15.836,2.248,2.228,0.124,71.831,71.846,73.548,70.301,68.711,0.0,0.036,0.083,20.0,20.0,76.541,49.545,0.0,73.325,74.165,73.259,76.731,62.959,68.451,65.931,-10.82,52.969,85.5,71.813,71.75,71.5,71.75,0.0,0.0,72.0,70.0,1000.0,200.0,0.0,16.328,73.375,72.063,-0.052,74.125,75.0,73.375,76.313,0.0,97.625,72.0,70.0,1000.0,200.0,-0.002,0.0,77.563,77.125,0.009,74.563,75.438,73.938,76.375,0.0,53.938,72.0,70.0,1000.0,200.0,-0.001,0.0,77.063,76.688,0.017,73.25,75.313,73.188,74.875,0.0,44.469,72.0,70.0,1000.0,200.0,0.0,0.0,75.438,75.125,-0.004,0.0,0.0,0.0,0.0,0.0,0.0,0.0,0.0,0.0,0.0,0.0,0.0,0.0,0.0,0.0,0.0,0.017,0.031,0.011,0.034,0.0,0.0,0.0,0.0,0.0,0.0,0.0,0.0,0.0,0.0,0.0,0.0,0.0,0.0,0.0,0.0,0.0,-0.149,-0.148,0.0,0.001,0.149,-0.148,0.149,-0.034,0.011,0.0,0.0,0.034,0.035,-0.01,0.001,0.001,-0.0
9072007,415,0.0,1.0,1.0,1.0,100.0,0.0,0.0,0.0,0.0,0.0,0.0,33.968,35.139,0.012,0.02,0.0,80.0,55.0,1.4,16.547,2.248,2.228,-1.27,71.831,71.952,73.548,70.301,68.711,0.0,0.036,0.087,20.0,20.0,76.065,49.545,0.0,73.325,74.091,73.471,76.731,62.959,68.555,65.931,-10.82,52.969,85.5,71.813,71.75,71.25,71.75,0.0,0.0,72.0,70.0,1000.0,200.0,0.0,16.266,73.375,72.063,-0.052,74.125,75.0,73.375,76.313,0.0,97.625,72.0,70.0,1000.0,200.0,-0.002,0.0,77.438,77.313,0.009,74.563,75.5,73.813,76.375,0.0,53.938,72.0,70.0,1000.0,200.0,-0.001,0.0,77.0,76.688,0.017,73.188,75.313,73.375,74.875,0.0,44.469,72.0,70.0,1000.0,200.0,0.0,0.0,75.438,75.125,-0.004,0.0,0.0,0.0,0.0,0.0,0.0,0.0,0.0,0.0,0.0,0.0,0.0,0.0,0.0,0.0,0.0,0.015,0.031,0.011,0.032,0.0,0.0,0.0,0.0,0.0,0.0,0.0,0.0,0.0,0.0,0.0,0.0,0.0,0.0,0.0,0.0,0.147,-0.223,0.0,0.0,0.149,0.001,-0.148,0.149,-0.051,0.011,0.0,0.0,0.034,0.035,-0.01,0.0,0.001,-0.0
9072007,416,0.0,1.0,1.0,1.0,100.0,0.0,0.0,0.0,0.0,0.0,0.0,33.968,35.139,0.012,0.02,0.0,80.0,55.0,1.4,16.188,2.248,2.228,-0.391,71.723,71.846,73.548,70.301,68.711,0.0,0.036,0.087,20.0,20.0,76.401,49.545,0.0,73.433,74.165,73.365,76.731,63.106,68.451,65.931,-10.82,52.969,85.5,71.813,71.75,71.25,71.75,0.0,0.0,72.0,70.0,1000.0,200.0,0.0,16.594,73.375,72.063,-0.052,74.125,74.938,73.375,76.313,0.0,97.625,72.0,70.0,1000.0,200.0,-0.002,0.0,77.438,77.313,0.009,74.625,75.438,73.938,76.375,0.0,53.938,72.0,70.0,1000.0,200.0,-0.001,0.0,77.0,76.625,0.017,73.25,75.438,73.375,74.875,0.0,44.469,72.0,70.0,1000.0,200.0,0.0,0.0,75.438,75.125,-0.004,0.0,0.0,0.0,0.0,0.0,0.0,0.0,0.0,0.0,0.0,0.0,0.0,0.0,0.0,0.0,0.0,0.015,0.031,0.011,0.034,0.0,0.0,0.0,0.0,0.0,0.0,0.0,0.0,0.0,0.0,0.0,0.0,0.0,0.0,0.0,0.0,0.147,-0.149,0.0,0.0,0.001,0.149,-0.148,0.149,-0.038,0.011,0.0,0.0,0.034,0.035,-0.01,0.0,0.001,-0.0
9072007,417,0.0,1.0,1.0,1.0,100.0,0.0,0.0,0.0,0.0,0.0,0.0,33.968,35.139,0.012,0.02,0.0,80.0,55.0,1.4,16.203,2.248,2.228,-0.717,71.723,71.846,73.548,70.301,68.711,0.0,0.036,0.087,20.0,20.0,76.205,49.545,0.0,73.433,74.017,73.365,76.731,63.032,68.451,65.931,-10.82,52.969,85.5,71.938,71.75,71.5,71.75,0.0,0.0,72.0,70.0,1000.0,200.0,0.0,16.531,73.375,72.063,-0.052,74.125,75.0,73.375,76.125,0.0,97.625,72.0,70.0,1000.0,200.0,-0.002,0.0,77.438,77.0,0.009,74.563,75.438,73.813,76.375,0.0,53.938,72.0,70.0,1000.0,200.0,-0.001,0.0,77.0,76.688,0.017,73.188,75.438,73.188,74.875,0.0,44.469,72.0,70.0,1000.0,200.0,0.0,0.0,75.438,75.125,-0.004,0.0,0.0,0.0,0.0,0.0,0.0,0.0,0.0,0.0,0.0,0.0,0.0,0.0,0.0,0.0,0.0,0.015,0.031,0.011,0.034,0.0,0.0,0.0,0.0,0.0,0.0,0.0,0.0,0.0,0.0,0.0,0.0,0.0,0.0,0.0,0.0,0.147,-0.223,0.0,0.0,0.001,0.001,0.0,0.149,-0.05,0.011,0.0,0.0,0.034,0.035,-0.01,0.001,0.001,-0.0
9072007,418,0.0,1.0,1.0,1.0,100.0,0.0,0.0,0.0,0.0,0.0,0.0,33.968,35.139,0.022,0.02,0.0,80.0,55.0,1.4,16.078,2.248,2.228,-0.125,72.046,71.952,73.548,70.195,68.925,0.0,0.036,0.087,20.0,20.0,76.093,49.516,0.0,73.54,74.091,73.471,76.731,63.106,68.555,65.931,-10.82,52.969,85.5,71.813,71.75,71.25,71.75,0.0,0.0,72.0,70.0,1000.0,200.0,0.0,16.047,73.375,72.063,-0.052,74.125,75.0,73.375,76.313,0.0,97.625,72.0,70.0,1000.0,200.0,-0.002,0.0,77.563,77.125,0.009,74.563,75.5,73.813,76.375,0.0,53.938,72.0,70.0,1000.0,200.0,-0.001,0.0,77.0,76.688,0.017,73.188,75.438,73.375,74.875,0.0,44.469,72.0,70.0,1000.0,200.0,0.0,0.0,75.313,75.125,-0.004,0.0,0.0,0.0,0.0,0.0,0.0,0.0,0.0,0.0,0.0,0.0,0.0,0.0,0.0,0.0,0.0,0.017,0.031,0.011,0.034,0.0,0.0,0.0,0.0,0.0,0.0,0.0,0.0,0.0,0.0,0.0,0.0,0.0,0.0,0.0,0.0,0.147,-0.149,-0.148,0.0,0.149,0.001,0.0,0.001,-0.094,0.01,0.0,0.0,0.034,0.035,-0.01,0.001,0.001,-0.0
9072007,419,0.0,1.0,1.0,1.0,100.0,0.0,0.0,0.0,0.0,0.0,0.0,33.968,35.139,0.012,0.02,0.0,80.0,55.0,1.4,16.078,2.248,0.462,-0.545,71.831,71.846,73.548,70.195,68.711,0.0,0.036,0.087,20.0,20.0,76.317,49.432,0.0,73.325,74.017,73.365,76.657,63.032,68.451,65.858,-10.82,52.969,85.438,71.813,71.75,71.25,71.75,0.0,0.0,72.0,70.0,1000.0,200.0,0.0,16.406,73.375,72.063,-0.052,74.125,75.0,73.375,76.313,0.0,97.625,72.0,70.0,1000.0,200.0,-0.002,0.0,77.438,77.313,0.009,74.563,75.438,73.813,76.375,0.0,53.938,72.0,70.0,1000.0,200.0,-0.001,0.0,77.0,76.688,0.017,73.188,75.438,73.188,74.875,0.0,44.469,72.0,70.0,1000.0,200.0,0.0,0.0,75.438,75.125,-0.004,0.0,0.0,0.0,0.0,0.0,0.0,0.0,0.0,0.0,0.0,0.0,0.0,0.0,0.0,0.0,0.0,0.015,0.031,0.011,0.034,0.0,0.0,0.0,0.0,0.0,0.0,0.0,0.0,0.0,0.0,0.0,0.0,0.0,0.0,0.0,0.0,0.0,-0.149,-0.148,-0.074,0.001,0.001,-0.148,0.149,-0.049,0.01,0.0,0.0,0.034,0.035,-0.01,0.0,0.001,-0.0
9072007,420,0.0,1.0,1.0,1.0,100.0,0.0,0.0,0.0,0.0,0.0,0.0,35.139,35.139,0.012,0.02,0.0,80.0,55.0,1.4,16.844,2.248,2.228,-1.352,71.831,71.846,73.548,70.195,68.711,0.0,0.036,0.087,20.0,20.0,76.036,49.488,0.0,73.325,74.091,73.259,76.731,63.179,68.555,66.004,-10.82,52.969,85.438,71.813,71.75,71.25,71.75,0.0,0.0,72.0,70.0,1000.0,200.0,0.0,16.703,73.375,72.188,-0.052,74.125,75.0,73.438,76.313,0.0,97.625,72.0,70.0,1000.0,200.0,-0.002,0.0,77.563,77.125,0.009,74.563,75.438,73.813,76.375,0.0,53.938,72.0,70.0,1000.0,200.0,-0.001,0.0,77.0,76.688,0.017,73.188,75.313,73.375,74.875,0.0,44.469,72.0,70.0,1000.0,200.0,0.0,0.0,75.438,75.125,-0.004,0.0,0.0,0.0,0.0,0.0,0.0,0.0,0.0,0.0,0.0,0.0,0.0,0.0,0.0,0.0,0.0,0.015,0.031,0.011,0.034,0.0,0.0,0.0,0.0,0.0,0.0,0.0,0.0,0.0,0.0,0.0,0.0,0.0,0.0,0.0,0.0,0.147,-0.149,-0.148,0.0,0.149,0.149,-0.148,0.001,-0.038,0.011,0.0,0.0,0.035,0.035,-0.009,0.001,0.001,-0.0
9072007,421,0.0,1.0,1.0,1.0,100.0,0.0,0.0,0.0,0.0,0.0,0.0,33.968,35.139,0.012,0.02,0.0,80.0,55.0,1.4,16.438,2.248,2.228,-0.487,71.831,71.846,73.548,70.301,68.818,0.0,0.036,0.087,20.0,20.0,76.597,49.516,0.0,73.325,74.091,73.259,76.731,63.179,68.555,66.004,-10.82,52.969,85.438,71.938,71.875,71.5,71.938,0.0,0.0,72.0,70.0,1000.0,200.0,0.0,16.625,73.5,72.063,-0.052,74.125,75.0,73.375,76.313,0.0,97.625,72.0,70.0,1000.0,200.0,-0.002,0.0,77.438,77.313,0.009,74.563,75.438,73.938,76.25,0.0,53.938,72.0,70.0,1000.0,200.0,-0.001,0.0,77.0,76.688,0.017,73.188,75.313,73.375,74.875,0.0,44.469,72.0,70.0,1000.0,200.0,0.0,0.0,75.438,75.125,-0.004,0.0,0.0,0.0,0.0,0.0,0.0,0.0,0.0,0.0,0.0,0.0,0.0,0.0,0.0,0.0,0.0,0.015,0.031,0.011,0.034,0.0,0.0,0.0,0.0,0.0,0.0,0.0,0.0,0.0,0.0,0.0,0.0,0.0,0.0,0.0,0.0,0.147,-0.149,0.0,0.0,0.001,0.149,-0.148,0.149,-0.038,0.011,0.0,0.0,0.034,0.035,-0.011,0.0,0.001,-0.0
9072007,422,0.0,1.0,1.0,1.0,100.0,0.0,0.0,0.0,0.0,0.0,0.0,33.968,35.139,0.012,0.02,0.0,80.0,55.0,1.4,17.016,2.248,0.462,-0.476,71.831,71.846,73.548,70.301,68.711,0.0,0.036,0.087,20.0,20.0,76.822,49.573,0.0,73.325,74.017,73.471,76.657,63.252,68.66,66.004,-10.82,52.969,85.438,71.813,71.75,71.5,71.75,0.0,0.0,72.0,70.0,1000.0,200.0,0.0,16.734,73.5,72.063,-0.052,74.125,75.0,73.438,76.313,0.0,97.625,72.0,70.0,1000.0,200.0,-0.002,0.0,77.438,77.125,0.009,74.563,75.438,73.813,76.375,0.0,53.938,72.0,70.0,1000.0,200.0,-0.001,0.0,77.0,76.688,0.017,73.188,75.313,73.188,74.875,0.0,44.469,72.0,70.0,1000.0,200.0,0.0,0.0,75.438,75.125,-0.004,0.0,0.0,0.0,0.0,0.0,0.0,0.0,0.0,0.0,0.0,0.0,0.0,0.0,0.0,0.0,0.0,0.017,0.031,0.011,0.032,0.0,0.0,0.0,0.0,0.0,0.0,0.0,0.0,0.0,0.0,0.0,0.0,0.0,0.0,0.0,0.0,0.147,-0.149,0.0,0.0,0.149,0.149,-0.148,0.149,-0.058,0.01,0.0,0.0,0.034,0.035,-0.011,0.0,0.001,-0.0
9072007,423,0.0,1.0,1.0,1.0,100.0,0.0,0.0,0.0,0.0,0.0,0.0,33.968,35.139,0.012,0.02,0.0,80.0,55.0,1.4,16.422,2.248,2.228,-0.491,71.831,71.846,73.443,70.301,68.711,0.0,0.036,0.083,20.0,20.0,76.457,49.769,0.0,73.433,74.091,73.365,76.657,63.179,68.555,66.004,-10.82,52.938,85.438,71.938,71.75,71.25,71.688,0.0,0.0,72.0,70.0,1000.0,200.0,0.0,16.266,73.375,72.063,-0.052,74.125,75.0,73.375,76.125,0.0,97.625,72.0,70.0,1000.0,200.0,-0.002,0.0,77.438,77.313,0.009,74.563,75.438,73.813,76.375,0.0,53.938,72.0,70.0,1000.0,200.0,-0.001,0.0,77.0,76.625,0.017,73.188,75.313,73.188,74.875,0.0,44.469,72.0,70.0,1000.0,200.0,0.0,0.0,75.438,75.313,-0.004,0.0,0.0,0.0,0.0,0.0,0.0,0.0,0.0,0.0,0.0,0.0,0.0,0.0,0.0,0.0,0.0,0.015,0.031,0.011,0.034,0.0,0.0,0.0,0.0,0.0,0.0,0.0,0.0,0.0,0.0,0.0,0.0,0.0,0.0,0.0,0.0,0.0,-0.149,-0.148,0.0,0.001,0.149,-0.148,0.224,-0.042,0.011,0.0,0.0,0.034,0.035,-0.01,0.0,0.001,-0.0
9072007,424,0.0,1.0,1.0,1.0,100.0,0.0,0.0,0.0,0.0,0.0,0.0,35.139,35.139,0.012,0.02,0.0,80.0,55.0,1.4,16.422,2.248,2.228,0.335,71.831,71.846,73.443,70.301,68.711,0.0,0.036,0.087,20.0,20.0,76.149,49.657,0.0,73.325,74.091,73.365,76.731,63.252,68.555,66.077,-10.82,52.938,85.438,71.813,71.75,71.5,71.688,0.0,0.0,72.0,70.0,1000.0,200.0,0.0,16.078,73.375,72.063,-0.052,74.125,75.0,73.375,76.125,0.0,97.625,72.0,70.0,1000.0,200.0,-0.002,0.0,77.438,77.0,0.009,74.563,75.438,73.938,76.375,0.0,53.938,72.0,70.0,1000.0,200.0,-0.001,0.0,77.063,76.625,0.017,73.188,75.313,73.375,74.875,0.0,44.469,72.0,70.0,1000.0,200.0,0.0,0.0,75.438,75.125,-0.004,0.0,0.0,0.0,0.0,0.0,0.0,0.0,0.0,0.0,0.0,0.0,0.0,0.0,0.0,0.0,0.0,0.015,0.031,0.011,0.032,0.0,0.0,0.0,0.0,0.0,0.0,0.0,0.0,0.0,0.0,0.0,0.0,0.0,0.0,0.0,0.0,0.147,-0.149,0.0,0.0,0.001,0.149,-0.148,0.149,-0.044,0.011,0.0,0.0,0.035,0.035,-0.01,0.001,0.001,-0.0
9072007,425,0.0,1.0,1.0,1.0,100.0,0.0,0.0,0.0,0.0,0.0,0.0,33.968,35.139,0.012,0.02,0.0,80.0,55.0,1.4,16.156,2.248,2.228,0.294,71.831,71.952,73.443,70.301,68.711,0.0,0.04,0.087,20.0,20.0,76.401,49.853,0.0,73.325,74.017,73.365,76.731,63.252,68.66,66.077,-10.82,52.938,85.438,71.813,71.75,71.5,71.75,0.0,0.0,72.0,70.0,1000.0,200.0,0.0,16.609,73.5,71.938,-0.052,74.125,75.0,73.375,76.125,0.0,97.625,72.0,70.0,1000.0,200.0,-0.002,0.0,77.438,77.0,0.009,74.563,75.438,73.813,76.375,0.0,53.938,72.0,70.0,1000.0,200.0,-0.001,0.0,77.0,76.688,0.017,73.188,75.438,73.375,74.875,0.0,44.469,72.0,70.0,1000.0,200.0,0.0,0.0,75.438,75.125,-0.004,0.0,0.0,0.0,0.0,0.0,0.0,0.0,0.0,0.0,0.0,0.0,0.0,0.0,0.0,0.0,0.0,0.015,0.031,0.011,0.034,0.0,0.0,0.0,0.0,0.0,0.0,0.0,0.0,0.0,0.0,0.0,0.0,0.0,0.0,0.0,0.0,0.147,-0.149,0.0,0.0,0.149,0.001,-0.148,0.149,-0.05,0.01,0.0,0.0,0.034,0.035,-0.012,0.001,0.001,-0.0
9072007,426,0.0,1.0,1.0,1.0,100.0,0.0,0.0,0.0,0.0,0.0,0.0,33.968,35.139,0.022,0.02,0.0,80.0,55.0,1.4,16.391,2.248,2.228,-1.195,71.723,71.846,73.443,70.301,68.711,0.0,0.036,0.087,20.0,20.0,76.289,49.881,0.0,73.325,74.091,73.365,76.731,63.325,68.66,66.077,-10.82,52.938,85.438,71.813,71.75,71.5,71.75,0.0,0.0,72.0,70.0,1000.0,200.0,0.0,16.266,73.375,72.063,-0.052,74.125,75.0,73.375,76.125,0.0,97.625,72.0,70.0,1000.0,200.0,-0.002,0.0,77.438,77.125,0.009,74.563,75.438,73.813,76.375,0.0,53.938,72.0,70.0,1000.0,200.0,-0.001,0.0,77.0,76.688,0.017,73.188,75.438,73.188,74.875,0.0,44.469,72.0,70.0,1000.0,200.0,0.0,0.0,75.438,75.125,-0.004,0.0,0.0,0.0,0.0,0.0,0.0,0.0,0.0,0.0,0.0,0.0,0.0,0.0,0.0,0.0,0.0,0.015,0.031,0.011,0.034,0.0,0.0,0.0,0.0,0.0,0.0,0.0,0.0,0.0,0.0,0.0,0.0,0.0,0.0,0.0,0.0,0.147,-0.149,0.0,-0.074,0.149,0.001,0.0,0.001,-0.08,0.01,0.0,0.0,0.034,0.035,-0.01,0.0,0.001,-0.0
9072007,427,0.0,1.0,1.0,1.0,100.0,0.0,0.0,0.0,0.0,0.0,0.0,35.139,35.139,0.012,0.02,0.0,80.0,55.0,1.4,16.188,2.248,2.228,-1.44,71.831,71.846,73.443,70.301,68.711,0.0,0.036,0.087,20.0,20.0,76.289,49.769,0.0,73.433,74.091,73.365,76.731,63.325,68.555,66.077,-10.82,52.906,85.438,71.813,71.75,71.25,71.75,0.0,0.0,72.0,70.0,1000.0,200.0,0.0,16.813,73.375,72.063,-0.052,74.125,75.0,73.375,76.313,0.0,97.625,72.0,70.0,1000.0,200.0,-0.002,0.0,77.438,77.125,0.009,74.563,75.438,73.813,76.375,0.0,53.938,72.0,70.0,1000.0,200.0,-0.001,0.0,77.0,76.688,0.017,73.188,75.313,73.375,74.875,0.0,44.469,72.0,70.0,1000.0,200.0,0.0,0.0,75.438,75.125,-0.004,0.0,0.0,0.0,0.0,0.0,0.0,0.0,0.0,0.0,0.0,0.0,0.0,0.0,0.0,0.0,0.0,0.015,0.031,0.011,0.034,0.0,0.0,0.0,0.0,0.0,0.0,0.0,0.0,0.0,0.0,0.0,0.0,0.0,0.0,0.0,0.0,0.0,-0.149,-0.148,0.0,0.149,0.149,-0.148,0.149,-0.044,0.011,0.0,0.0,0.035,0.035,-0.01,0.0,0.001,-0.0
9072007,428,0.0,1.0,1.0,1.0,100.0,0.0,0.0,0.0,0.0,0.0,0.0,33.968,35.139,0.012,0.02,0.0,80.0,55.0,1.4,16.422,2.248,0.462,-0.821,71.831,71.846,73.337,70.301,68.711,0.0,0.036,0.087,20.0,20.0,76.065,49.797,0.0,73.325,74.017,73.471,76.657,63.252,68.555,66.077,-10.828,52.906,85.375,71.813,71.75,71.25,71.75,0.0,0.0,72.0,70.0,1000.0,200.0,0.0,16.172,73.375,71.938,-0.052,74.125,75.0,73.375,76.313,0.0,97.625,72.0,70.0,1000.0,200.0,-0.002,0.0,77.563,77.125,0.009,74.563,75.438,73.938,76.375,0.0,53.938,72.0,70.0,1000.0,200.0,-0.001,0.0,77.0,76.625,0.017,73.188,75.313,73.188,74.875,0.0,44.469,72.0,70.0,1000.0,200.0,0.0,0.0,75.438,75.125,-0.004,0.0,0.0,0.0,0.0,0.0,0.0,0.0,0.0,0.0,0.0,0.0,0.0,0.0,0.0,0.0,0.0,0.015,0.031,0.011,0.034,0.0,0.0,0.0,0.0,0.0,0.0,0.0,0.0,0.0,0.0,0.0,0.0,0.0,0.0,0.0,0.0,0.147,-0.149,0.0,0.0,0.149,0.001,0.0,0.001,-0.058,0.011,0.0,0.0,0.034,0.035,-0.011,0.001,0.001,-0.0
9072007,429,0.0,1.0,1.0,1.0,100.0,0.0,0.0,0.0,0.0,0.0,0.0,35.139,35.139,0.012,0.02,0.0,80.0,55.0,1.4,16.656,2.248,2.228,-1.354,71.831,71.846,73.337,70.195,68.818,0.0,0.036,0.087,20.0,20.0,76.177,49.853,0.0,73.325,74.091,73.365,76.731,63.325,68.66,66.077,-10.82,52.906,85.375,71.813,71.75,71.25,71.75,0.0,0.0,72.0,70.0,1000.0,200.0,0.0,16.672,73.375,72.063,-0.052,74.125,75.0,73.375,76.313,0.0,97.625,72.0,70.0,1000.0,200.0,-0.002,0.0,77.438,77.125,0.009,74.563,75.438,73.813,76.375,0.0,53.938,72.0,70.0,1000.0,200.0,-0.001,0.0,77.0,76.688,0.017,73.188,75.438,73.375,74.875,0.0,44.469,72.0,70.0,1000.0,200.0,0.0,0.0,75.438,75.125,-0.004,0.0,0.0,0.0,0.0,0.0,0.0,0.0,0.0,0.0,0.0,0.0,0.0,0.0,0.0,0.0,0.0,0.015,0.031,0.011,0.034,0.0,0.0,0.0,0.0,0.0,0.0,0.0,0.0,0.0,0.0,0.0,0.0,0.0,0.0,0.0,0.0,0.0,-0.223,-0.148,0.0,0.001,0.001,-0.148,0.149,-0.044,0.01,0.0,0.0,0.035,0.035,-0.01,0.0,0.001,-0.0
9072007,430,0.0,1.0,1.0,1.0,100.0,0.0,0.0,0.0,0.0,0.0,0.0,33.968,35.139,0.012,0.02,0.0,80.0,55.0,1.4,16.313,2.248,0.462,0.238,71.831,71.846,73.337,70.301,68.711,0.0,0.036,0.087,20.0,20.0,76.093,49.881,0.0,73.325,74.091,73.259,76.731,63.325,68.66,66.15,-10.828,52.906,85.375,71.75,71.75,71.25,71.75,0.0,0.0,72.0,70.0,1000.0,200.0,0.0,16.516,73.375,72.063,-0.052,74.125,75.0,73.375,76.313,0.0,97.625,72.0,70.0,1000.0,200.0,-0.002,0.0,77.438,77.125,0.009,74.563,75.438,73.938,76.375,0.0,53.938,72.0,70.0,1000.0,200.0,-0.001,0.0,77.0,76.625,0.017,73.188,75.438,73.375,74.875,0.0,44.469,72.0,70.0,1000.0,200.0,0.0,0.0,75.438,75.125,-0.004,0.0,0.0,0.0,0.0,0.0,0.0,0.0,0.0,0.0,0.0,0.0,0.0,0.0,0.0,0.0,0.0,0.015,0.031,0.011,0.034,0.0,0.0,0.0,0.0,0.0,0.0,0.0,0.0,0.0,0.0,0.0,0.0,0.0,0.0,0.0,0.0,0.147,-0.149,-0.148,0.0,0.001,0.149,-0.148,0.149,-0.038,0.011,0.0,0.0,0.034,0.035,-0.01,0.0,0.001,-0.0
9072007,431,0.0,1.0,1.0,1.0,100.0,0.0,0.0,0.0,0.0,0.0,0.0,33.968,35.139,0.012,0.02,0.0,80.0,55.0,1.4,16.313,2.248,2.228,-0.204,71.831,71.846,73.337,70.301,68.818,0.0,0.036,0.087,20.0,20.0,76.597,49.853,0.0,73.325,74.017,73.259,76.731,63.252,68.764,66.077,-10.82,52.875,85.438,71.813,71.875,71.5,71.938,0.0,0.0,72.0,70.0,1000.0,200.0,0.0,16.406,73.5,72.188,-0.052,74.125,75.0,73.375,76.125,0.0,97.625,72.0,70.0,1000.0,200.0,-0.002,0.0,77.438,77.125,0.009,74.625,75.438,73.938,76.375,0.0,53.938,72.0,70.0,1000.0,200.0,-0.001,0.0,77.063,76.688,0.017,73.063,75.438,73.375,74.875,0.0,44.469,72.0,70.0,1000.0,200.0,0.0,0.0,75.438,75.125,-0.004,0.0,0.0,0.0,0.0,0.0,0.0,0.0,0.0,0.0,0.0,0.0,0.0,0.0,0.0,0.0,0.0,0.015,0.031,0.011,0.034,0.0,0.0,0.0,0.0,0.0,0.0,0.0,0.0,0.0,0.0,0.0,0.0,0.0,0.0,0.0,0.0,0.147,-0.149,0.0,0.0,0.001,0.001,-0.148,0.001,-0.043,0.01,0.0,0.0,0.034,0.035,-0.01,0.0,0.001,-0.0
9072007,432,0.0,1.0,1.0,1.0,100.0,0.0,0.0,0.0,0.0,0.0,0.0,33.968,35.139,0.012,0.02,0.0,80.0,55.0,1.4,16.5,2.248,2.228,-0.453,72.046,71.846,73.337,70.301,68.925,0.0,0.036,0.083,20.0,20.0,76.457,49.881,0.0,73.54,74.017,73.259,76.731,63.399,68.764,66.15,-10.82,52.875,85.438,71.813,71.75,71.25,71.75,0.0,0.0,72.0,70.0,1000.0,200.0,0.0,16.297,73.375,72.063,-0.052,74.125,75.0,73.375,76.313,0.0,97.625,72.0,70.0,1000.0,200.0,-0.002,0.0,77.438,77.125,0.009,74.5,75.438,73.938,76.25,0.0,53.938,72.0,70.0,1000.0,200.0,-0.001,0.0,77.0,76.625,0.017,73.188,75.438,73.375,74.875,0.0,44.469,72.0,70.0,1000.0,200.0,0.0,0.0,75.438,75.125,-0.004,0.0,0.0,0.0,0.0,0.0,0.0,0.0,0.0,0.0,0.0,0.0,0.0,0.0,0.0,0.0,0.0,0.017,0.031,0.01,0.032,0.0,0.0,0.0,0.0,0.0,0.0,0.0,0.0,0.0,0.0,0.0,0.0,0.0,0.0,0.0,0.0,0.0,-0.149,-0.148,0.0,0.149,0.149,0.0,0.001,-0.043,0.01,0.0,0.0,0.034,0.035,-0.01,0.0,0.001,-0.0
9072007,433,0.0,1.0,1.0,1.0,100.0,0.0,0.0,0.0,0.0,0.0,0.0,33.968,35.139,0.012,0.02,0.0,80.0,55.0,1.4,16.438,2.248,2.228,-0.031,71.831,71.846,73.337,70.195,68.711,0.0,0.036,0.087,20.0,20.0,76.457,49.937,0.0,73.325,74.017,73.259,76.657,63.472,68.764,66.222,-10.828,52.875,85.438,71.813,71.75,71.25,71.75,0.0,0.0,72.0,70.0,1000.0,200.0,0.0,16.359,73.5,72.063,-0.052,74.125,75.0,73.375,76.125,0.0,97.625,72.0,70.0,1000.0,200.0,-0.002,0.0,77.438,77.125,0.009,74.563,75.438,73.938,76.25,0.0,53.938,72.0,70.0,1000.0,200.0,-0.001,0.0,77.0,76.688,0.017,73.188,75.438,73.188,74.875,0.0,44.469,72.0,70.0,1000.0,200.0,0.0,0.0,75.438,75.125,-0.004,0.0,0.0,0.0,0.0,0.0,0.0,0.0,0.0,0.0,0.0,0.0,0.0,0.0,0.0,0.0,0.0,0.015,0.032,0.011,0.032,0.0,0.0,0.0,0.0,0.0,0.0,0.0,0.0,0.0,0.0,0.0,0.0,0.0,0.0,0.0,0.0,0.147,-0.149,-0.148,0.0,0.001,0.149,-0.148,0.149,-0.042,0.01,0.0,0.0,0.034,0.035,-0.011,0.0,0.001,-0.0
9072007,434,0.0,1.0,1.0,1.0,100.0,0.0,0.0,0.0,0.0,0.0,0.0,33.968,35.139,0.022,0.02,0.0,80.0,55.0,1.4,15.914,2.248,3.993,-0.546,71.831,71.846,73.232,70.301,68.818,0.0,0.036,0.087,20.0,20.0,76.625,49.965,0.0,73.433,74.091,73.259,76.657,63.399,68.764,66.222,-10.828,52.844,85.438,71.813,71.875,71.5,71.75,0.0,0.0,72.0,70.0,1000.0,200.0,0.0,16.094,73.375,72.063,-0.052,74.125,75.0,73.375,76.313,0.0,97.625,72.0,70.0,1000.0,200.0,-0.002,0.0,77.438,77.125,0.009,74.563,75.438,73.938,76.375,0.0,53.938,72.0,70.0,1000.0,200.0,-0.001,0.0,77.0,76.625,0.017,73.188,75.438,73.375,74.875,0.0,44.469,72.0,70.0,1000.0,200.0,0.0,0.0,75.438,75.125,-0.004,0.0,0.0,0.0,0.0,0.0,0.0,0.0,0.0,0.0,0.0,0.0,0.0,0.0,0.0,0.0,0.0,0.015,0.031,0.011,0.034,0.0,0.0,0.0,0.0,0.0,0.0,0.0,0.0,0.0,0.0,0.0,0.0,0.0,0.0,0.0,0.0,0.147,-0.149,0.0,0.0,0.149,0.001,-0.148,0.001,-0.068,0.011,0.0,0.0,0.034,0.035,-0.01,0.0,0.001,-0.0
9072007,435,0.0,1.0,1.0,1.0,100.0,0.0,0.0,0.0,0.0,0.0,0.0,33.968,35.139,0.012,0.02,0.0,80.0,55.0,1.4,16.313,2.248,2.228,-0.079,71.831,71.846,73.232,70.195,68.818,0.0,0.036,0.087,20.0,20.0,76.906,50.021,0.0,73.325,74.017,73.259,76.731,63.472,68.764,66.222,-10.828,52.875,85.375,71.813,71.75,71.25,71.688,0.0,0.0,72.0,70.0,1000.0,200.0,0.0,16.359,73.375,72.063,-0.052,74.125,75.0,73.375,76.313,0.0,97.625,72.0,70.0,1000.0,200.0,-0.002,0.0,77.438,77.125,0.009,74.625,75.188,73.938,76.375,0.0,53.938,72.0,70.0,1000.0,200.0,-0.001,0.0,77.0,76.688,0.017,73.188,75.438,73.375,74.875,0.0,44.469,72.0,70.0,1000.0,200.0,0.0,0.0,75.438,75.125,-0.004,0.0,0.0,0.0,0.0,0.0,0.0,0.0,0.0,0.0,0.0,0.0,0.0,0.0,0.0,0.0,0.0,0.015,0.029,0.01,0.034,0.0,0.0,0.0,0.0,0.0,0.0,0.0,0.0,0.0,0.0,0.0,0.0,0.0,0.0,0.0,0.0,0.147,-0.149,0.0,0.0,0.149,0.001,0.0,0.001,-0.043,0.01,0.0,0.0,0.034,0.035,-0.01,0.0,0.001,-0.0
9072007,436,0.0,1.0,1.0,1.0,100.0,0.0,0.0,0.0,0.0,0.0,0.0,33.968,35.139,0.012,0.02,0.0,80.0,55.0,1.4,16.156,2.248,2.228,-1.43,71.831,71.846,73.232,70.301,68.711,0.0,0.036,0.083,20.0,20.0,76.625,50.217,0.0,73.325,74.017,73.365,76.731,63.399,68.764,66.222,-10.82,52.844,85.438,71.813,71.75,71.5,71.75,0.0,0.0,72.0,70.0,1000.0,200.0,0.0,16.328,73.375,72.063,-0.052,74.125,75.0,73.375,76.0,0.0,97.625,72.0,70.0,1000.0,200.0,-0.002,0.0,77.438,77.125,0.009,74.563,75.438,73.813,76.25,0.0,53.938,72.0,70.0,1000.0,200.0,-0.001,0.0,77.0,76.688,0.017,73.188,75.313,73.375,74.875,0.0,44.469,72.0,70.0,1000.0,200.0,0.0,0.0,75.438,75.313,-0.004,0.0,0.0,0.0,0.0,0.0,0.0,0.0,0.0,0.0,0.0,0.0,0.0,0.0,0.0,0.0,0.0,0.015,0.031,0.01,0.032,0.0,0.0,0.0,0.0,0.0,0.0,0.0,0.0,0.0,0.0,0.0,0.0,0.0,0.0,0.0,0.0,0.147,-0.223,-0.148,0.0,0.001,0.149,-0.148,0.149,-0.05,0.011,0.0,0.0,0.034,0.035,-0.01,0.0,0.001,-0.0
9072007,437,0.0,1.0,1.0,1.0,100.0,0.0,0.0,0.0,0.0,0.0,0.0,35.139,35.139,0.012,0.02,0.0,80.0,55.0,1.4,16.156,1.126,2.228,0.348,71.831,71.846,73.337,70.301,68.711,0.0,0.036,0.087,20.0,20.0,77.074,50.161,0.0,73.325,74.017,73.259,76.731,63.545,68.764,66.222,-10.82,52.875,85.438,71.813,71.875,71.5,71.75,0.0,0.0,72.0,70.0,1000.0,200.0,0.0,16.156,73.5,72.063,-0.052,74.125,75.0,73.375,76.125,0.0,97.625,72.0,70.0,1000.0,200.0,-0.002,0.0,77.438,77.125,0.009,74.563,75.438,73.938,76.375,0.0,53.938,72.0,70.0,1000.0,200.0,-0.001,0.0,77.0,76.625,0.017,73.188,75.313,73.375,74.875,0.0,44.469,72.0,70.0,1000.0,200.0,0.0,0.0,75.438,75.125,-0.004,0.0,0.0,0.0,0.0,0.0,0.0,0.0,0.0,0.0,0.0,0.0,0.0,0.0,0.0,0.0,0.0,0.015,0.031,0.011,0.034,0.0,0.0,0.0,0.0,0.0,0.0,0.0,0.0,0.0,0.0,0.0,0.0,0.0,0.0,0.0,0.0,0.147,-0.149,0.0,0.0,0.001,0.001,-0.148,0.149,-0.043,0.01,0.0,0.0,0.035,0.035,-0.011,0.0,0.001,-0.0
9072007,438,0.0,1.0,1.0,1.0,100.0,0.0,0.0,0.0,0.0,0.0,0.0,33.968,35.139,0.012,0.02,0.0,80.0,55.0,1.4,16.234,2.248,0.462,0.16,71.938,71.846,73.337,70.301,68.925,0.0,0.036,0.087,20.0,20.0,77.242,50.077,0.0,73.54,74.017,73.259,76.583,63.399,68.764,66.15,-10.82,52.844,85.375,71.813,71.75,71.25,71.75,0.0,0.0,72.0,70.0,1000.0,200.0,0.0,16.672,73.375,72.063,-0.052,74.125,75.0,73.375,76.313,0.0,97.625,72.0,70.0,1000.0,200.0,-0.002,0.0,77.438,77.125,0.009,74.563,75.438,73.813,76.375,0.0,53.938,72.0,70.0,1000.0,200.0,-0.001,0.0,77.0,76.625,0.017,73.188,75.313,73.375,74.875,0.0,44.469,72.0,70.0,1000.0,200.0,0.0,0.0,75.438,75.125,-0.004,0.0,0.0,0.0,0.0,0.0,0.0,0.0,0.0,0.0,0.0,0.0,0.0,0.0,0.0,0.0,0.0,0.015,0.031,0.011,0.034,0.0,0.0,0.0,0.0,0.0,0.0,0.0,0.0,0.0,0.0,0.0,0.0,0.0,0.0,0.0,0.0,0.147,-0.149,-0.148,0.0,0.149,0.001,0.0,0.001,-0.041,0.01,0.0,0.0,0.034,0.035,-0.01,0.0,0.001,-0.0
9072007,439,0.0,1.0,1.0,1.0,100.0,0.0,0.0,0.0,0.0,0.0,0.0,33.968,35.139,0.012,0.02,0.0,80.0,55.0,1.4,16.406,2.248,2.228,0.31,71.723,71.846,73.337,70.301,68.711,0.0,0.036,0.087,20.0,20.0,77.299,49.853,0.0,73.433,74.017,73.365,76.731,63.545,68.764,66.222,-10.82,52.844,85.375,71.75,71.875,71.5,71.75,0.0,0.0,72.0,70.0,1000.0,200.0,0.0,16.766,73.375,71.938,-0.052,74.125,75.0,73.375,76.313,0.0,97.625,72.0,70.0,1000.0,200.0,-0.002,0.0,77.438,77.125,0.009,74.563,75.438,73.938,76.375,0.0,53.938,72.0,70.0,1000.0,200.0,-0.001,0.0,77.0,76.625,0.017,73.188,75.313,73.188,74.875,0.0,44.469,72.0,70.0,1000.0,200.0,0.0,0.0,75.438,75.125,-0.004,0.0,0.0,0.0,0.0,0.0,0.0,0.0,0.0,0.0,0.0,0.0,0.0,0.0,0.0,0.0,0.0,0.015,0.031,0.011,0.034,0.0,0.0,0.0,0.0,0.0,0.0,0.0,0.0,0.0,0.0,0.0,0.0,0.0,0.0,0.0,0.0,0.0,-0.149,-0.148,0.0,0.149,0.149,-0.148,0.001,-0.05,0.01,0.0,0.0,0.034,0.035,-0.011,0.0,0.001,-0.0
9072007,440,0.0,1.0,1.0,1.0,100.0,0.0,0.0,0.0,0.0,0.0,0.0,33.968,35.139,0.022,0.02,0.0,80.0,55.0,1.4,16.875,2.248,2.228,-1.214,71.831,71.952,73.443,70.301,68.818,0.0,0.036,0.087,20.0,20.0,76.569,49.797,0.0,73.218,74.091,73.259,76.657,63.545,68.869,66.222,-10.828,52.844,85.438,71.813,71.75,71.5,71.75,0.0,0.0,72.0,70.0,1000.0,200.0,0.0,16.094,73.5,72.063,-0.052,74.063,75.0,73.375,76.125,0.0,97.625,72.0,70.0,1000.0,200.0,-0.002,0.0,77.438,77.125,0.009,74.563,75.438,73.938,76.375,0.0,53.938,72.0,70.0,1000.0,200.0,-0.001,0.0,77.0,76.625,0.017,73.188,75.25,73.188,74.875,0.0,44.469,72.0,70.0,1000.0,200.0,0.0,0.0,75.438,75.125,-0.004,0.0,0.0,0.0,0.0,0.0,0.0,0.0,0.0,0.0,0.0,0.0,0.0,0.0,0.0,0.0,0.0,0.015,0.031,0.011,0.034,0.0,0.0,0.0,0.0,0.0,0.0,0.0,0.0,0.0,0.0,0.0,0.0,0.0,0.0,0.0,0.0,0.147,-0.149,-0.148,0.0,0.149,0.001,0.0,0.001,-0.068,0.01,0.0,0.0,0.034,0.035,-0.011,0.0,0.001,-0.0
9072007,441,0.0,1.0,1.0,1.0,100.0,0.0,0.0,0.0,0.0,0.0,0.0,33.968,35.139,0.012,0.02,0.0,80.0,55.0,1.4,16.359,2.248,2.228,-1.195,72.046,71.846,73.443,70.301,69.032,0.0,0.036,0.087,20.0,20.0,76.71,49.825,0.0,73.54,74.091,73.365,76.657,63.472,68.869,66.295,-10.828,52.875,85.438,71.813,71.75,71.25,71.75,0.0,0.0,72.0,70.0,1000.0,200.0,0.0,15.727,73.5,72.063,-0.052,74.063,75.25,73.438,76.125,0.0,97.625,72.0,70.0,1000.0,200.0,-0.002,0.0,77.438,77.125,0.009,74.563,75.438,73.938,76.375,0.0,53.938,72.0,70.0,1000.0,200.0,-0.001,0.0,77.063,76.688,0.017,73.188,75.313,73.188,74.875,0.0,44.469,72.0,70.0,1000.0,200.0,0.0,0.0,75.313,75.125,-0.004,0.0,0.0,0.0,0.0,0.0,0.0,0.0,0.0,0.0,0.0,0.0,0.0,0.0,0.0,0.0,0.0,0.017,0.031,0.011,0.034,0.0,0.0,0.0,0.0,0.0,0.0,0.0,0.0,0.0,0.0,0.0,0.0,0.0,0.0,0.0,0.0,0.147,-0.149,0.0,0.0,0.149,0.001,-0.148,0.001,-0.042,0.01,0.0,0.0,0.034,0.035,-0.011,0.0,0.001,-0.0
9072007,442,0.0,1.0,1.0,1.0,100.0,0.0,0.0,0.0,0.0,0.0,0.0,33.968,35.139,0.012,0.02,0.0,80.0,55.0,1.4,15.906,2.248,3.993,-0.261,71.723,71.846,73.443,70.301,68.818,0.0,0.036,0.087,20.0,20.0,76.738,49.657,0.0,73.433,74.017,73.259,76.657,63.545,68.764,66.295,-10.828,52.875,85.375,71.813,71.75,71.5,71.75,0.0,0.0,72.0,70.0,1000.0,200.0,0.0,16.313,73.375,72.063,-0.052,74.125,75.25,73.375,76.125,0.0,97.625,72.0,70.0,1000.0,200.0,-0.002,0.0,77.438,77.125,0.009,74.563,75.438,73.813,76.375,0.0,53.938,72.0,70.0,1000.0,200.0,-0.001,0.0,77.0,76.688,0.017,73.188,75.313,73.375,74.875,0.0,44.469,72.0,70.0,1000.0,200.0,0.0,0.0,75.438,75.125,-0.004,0.0,0.0,0.0,0.0,0.0,0.0,0.0,0.0,0.0,0.0,0.0,0.0,0.0,0.0,0.0,0.0,0.015,0.031,0.011,0.032,0.0,0.0,0.0,0.0,0.0,0.0,0.0,0.0,0.0,0.0,0.0,0.0,0.0,0.0,0.0,0.0,0.0,-0.149,0.0,0.0,0.149,0.149,-0.148,0.001,-0.042,0.011,0.0,0.0,0.034,0.035,-0.01,0.0,0.001,-0.0
9072007,443,0.0,1.0,1.0,1.0,100.0,0.0,0.0,0.0,0.0,0.0,0.0,33.968,35.139,0.012,0.02,0.0,80.0,55.0,1.4,16.281,2.248,2.228,-1.241,71.831,71.846,73.443,70.301,68.818,0.0,0.036,0.087,20.0,20.0,76.149,49.573,0.0,73.325,74.017,73.259,76.657,63.545,68.869,66.295,-10.82,52.875,85.375,71.75,71.75,71.25,71.75,0.0,0.0,72.0,70.0,1000.0,200.0,0.0,16.203,73.375,72.063,-0.052,74.063,75.25,73.375,76.125,0.0,97.625,72.0,70.0,1000.0,200.0,-0.002,0.0,77.438,77.125,0.009,74.563,75.438,73.938,76.25,0.0,53.938,72.0,70.0,1000.0,200.0,-0.001,0.0,77.0,76.688,0.016,73.188,75.313,73.188,74.875,0.0,44.469,72.0,70.0,1000.0,200.0,0.0,0.0,75.438,75.125,-0.004,0.0,0.0,0.0,0.0,0.0,0.0,0.0,0.0,0.0,0.0,0.0,0.0,0.0,0.0,0.0,0.0,0.017,0.031,0.011,0.034,0.0,0.0,0.0,0.0,0.0,0.0,0.0,0.0,0.0,0.0,0.0,0.0,0.0,0.0,0.0,0.0,0.147,-0.223,0.0,-0.074,0.149,0.149,-0.148,0.001,-0.042,0.01,0.0,0.0,0.034,0.035,-0.01,0.0,0.001,-0.0
9072007,444,0.0,1.0,1.0,1.0,100.0,0.0,0.0,0.0,0.0,0.0,0.0,33.968,35.139,0.012,0.02,0.0,80.0,55.0,1.4,15.844,2.248,2.228,0.127,71.831,71.846,73.548,70.301,68.711,0.0,0.036,0.087,20.0,20.0,76.569,49.516,0.0,73.325,74.091,73.259,76.657,63.692,68.869,66.368,-10.82,52.875,85.375,71.813,71.75,71.5,71.688,0.0,0.0,72.0,70.0,1000.0,200.0,0.0,16.313,73.5,72.063,-0.052,74.125,75.0,73.375,76.125,0.0,97.625,72.0,70.0,1000.0,200.0,-0.002,0.0,77.438,77.125,0.009,74.563,75.438,73.813,76.375,0.0,53.938,72.0,70.0,1000.0,200.0,-0.001,0.0,77.0,76.688,0.011,73.188,75.313,73.375,74.875,0.0,44.469,72.0,70.0,1000.0,200.0,0.0,0.0,75.438,75.125,-0.004,0.0,0.0,0.0,0.0,0.0,0.0,0.0,0.0,0.0,0.0,0.0,0.0,0.0,0.0,0.0,0.0,0.017,0.031,0.011,0.034,0.0,0.0,0.0,0.0,0.0,0.0,0.0,0.0,0.0,0.0,0.0,0.0,0.0,0.0,0.0,0.0,0.147,-0.149,0.0,0.0,0.001,0.149,-0.148,0.149,-0.037,0.01,0.0,0.0,0.034,0.035,-0.011,0.0,0.001,-0.0
9072007,445,0.0,1.0,1.0,1.0,100.0,0.0,0.0,0.0,0.0,0.0,0.0,33.968,35.139,0.012,0.02,0.0,80.0,55.0,1.4,16.063,2.248,3.993,-0.082,71.831,71.74,73.443,70.195,68.818,0.0,0.036,0.087,20.0,20.0,76.654,49.46,0.0,73.325,74.017,73.365,76.657,63.618,68.764,66.368,-10.828,52.875,85.375,71.813,71.75,71.25,71.75,0.0,0.0,72.0,70.0,1000.0,200.0,0.0,15.875,73.375,72.063,-0.052,74.063,75.0,73.375,76.125,0.0,97.625,72.0,70.0,1000.0,200.0,-0.002,0.0,77.438,77.125,0.009,74.563,75.438,73.813,76.25,0.0,53.938,72.0,70.0,1000.0,200.0,-0.001,0.0,77.0,76.688,0.017,73.188,75.313,73.188,74.875,0.0,44.469,72.0,70.0,1000.0,200.0,0.0,0.0,75.438,75.125,-0.004,0.0,0.0,0.0,0.0,0.0,0.0,0.0,0.0,0.0,0.0,0.0,0.0,0.0,0.0,0.0,0.0,0.015,0.031,0.011,0.034,0.0,0.0,0.0,0.0,0.0,0.0,0.0,0.0,0.0,0.0,0.0,0.0,0.0,0.0,0.0,0.0,0.0,-0.149,-0.148,0.0,0.149,0.001,-0.148,0.001,-0.049,0.011,0.0,0.0,0.034,0.035,-0.01,0.0,0.001,-0.0
9072007,446,0.0,1.0,1.0,1.0,100.0,0.0,0.0,0.0,0.0,0.0,0.0,33.968,35.139,0.012,0.02,0.0,80.0,55.0,1.4,16.406,2.248,2.228,-0.007,72.046,71.846,73.548,70.195,69.032,0.0,0.036,0.087,20.0,20.0,76.429,49.432,0.0,73.433,74.091,73.259,76.657,63.618,68.764,66.368,-10.82,52.906,85.375,71.75,71.75,71.5,71.688,0.0,0.0,72.0,70.0,1000.0,200.0,0.0,16.188,73.375,71.938,-0.052,74.063,75.25,73.375,76.125,0.0,97.625,72.0,70.0,1000.0,200.0,-0.002,0.0,77.563,77.125,0.009,74.563,75.438,73.813,76.375,0.0,53.938,72.0,70.0,1000.0,200.0,-0.001,0.0,77.0,76.625,0.016,73.188,75.313,73.375,74.875,0.0,44.469,72.0,70.0,1000.0,200.0,0.0,0.0,75.438,75.125,-0.004,0.0,0.0,0.0,0.0,0.0,0.0,0.0,0.0,0.0,0.0,0.0,0.0,0.0,0.0,0.0,0.0,0.015,0.031,0.011,0.034,0.0,0.0,0.0,0.0,0.0,0.0,0.0,0.0,0.0,0.0,0.0,0.0,0.0,0.0,0.0,0.0,0.147,-0.149,0.0,0.0,0.149,0.001,-0.148,0.001,-0.037,0.011,0.0,0.0,0.034,0.035,-0.011,0.001,0.001,-0.0
9072007,447,0.0,1.0,1.0,1.0,100.0,0.0,0.0,0.0,0.0,0.0,0.0,35.139,35.139,0.012,0.02,0.0,80.0,55.0,1.4,16.406,2.248,3.993,-0.134,71.831,71.846,73.443,70.301,68.711,0.0,0.036,0.087,20.0,20.0,76.233,49.432,0.0,73.325,74.017,73.259,76.657,63.692,68.66,66.368,-10.828,52.906,85.375,71.813,71.75,71.5,71.75,0.0,0.0,72.0,70.0,1000.0,200.0,0.0,16.453,73.5,72.063,-0.052,74.063,75.25,73.375,76.125,0.0,97.625,72.0,70.0,1000.0,200.0,-0.002,0.0,77.438,77.125,0.009,74.563,75.438,73.938,76.375,0.0,53.938,72.0,70.0,1000.0,200.0,-0.001,0.0,77.0,76.625,0.017,73.188,75.313,73.375,74.875,0.0,44.469,72.0,70.0,1000.0,200.0,0.0,0.0,75.438,75.125,-0.004,0.0,0.0,0.0,0.0,0.0,0.0,0.0,0.0,0.0,0.0,0.0,0.0,0.0,0.0,0.0,0.0,0.015,0.031,0.011,0.034,0.0,0.0,0.0,0.0,0.0,0.0,0.0,0.0,0.0,0.0,0.0,0.0,0.0,0.0,0.0,0.0,0.147,-0.149,0.0,0.0,0.149,0.001,0.0,0.001,-0.042,0.011,0.0,0.0,0.035,0.035,-0.011,0.0,0.001,-0.0
9072007,448,0.0,1.0,1.0,1.0,100.0,0.0,0.0,0.0,0.0,0.0,0.0,33.968,35.139,0.012,0.02,0.0,80.0,55.0,1.4,16.453,2.248,3.993,0.332,71.723,71.846,73.548,70.195,68.818,0.0,0.036,0.087,20.0,20.0,76.597,49.404,0.0,73.325,74.091,73.365,76.657,63.618,68.869,66.368,-10.82,52.875,85.375,71.813,71.75,71.25,71.75,0.0,0.0,72.0,70.0,1000.0,200.0,0.0,16.156,73.375,72.063,-0.052,74.125,75.25,73.375,76.125,0.0,97.625,72.0,70.0,1000.0,200.0,-0.002,0.0,77.438,77.125,0.009,74.563,75.438,73.938,76.375,0.0,53.938,72.0,70.0,1000.0,200.0,-0.001,0.0,77.0,76.688,0.017,73.188,75.313,73.375,74.875,0.0,44.469,72.0,70.0,1000.0,200.0,0.0,0.0,75.438,75.125,-0.004,0.0,0.0,0.0,0.0,0.0,0.0,0.0,0.0,0.0,0.0,0.0,0.0,0.0,0.0,0.0,0.0,0.017,0.031,0.011,0.032,0.0,0.0,0.0,0.0,0.0,0.0,0.0,0.0,0.0,0.0,0.0,0.0,0.0,0.0,0.0,0.0,0.0,-0.149,-0.148,0.147,0.149,0.149,-0.148,0.149,-0.042,0.01,0.0,0.0,0.034,0.035,-0.01,0.0,0.001,-0.0
9072007,449,0.0,1.0,1.0,1.0,100.0,0.0,0.0,0.0,0.0,0.0,0.0,32.796,35.139,0.012,0.02,0.0,80.0,55.0,1.4,16.188,2.248,3.993,-1.108,71.831,71.846,73.548,70.512,68.711,0.0,0.036,0.083,20.0,20.0,76.654,49.376,0.0,73.325,74.017,73.259,76.657,63.692,68.764,66.368,-10.82,52.875,85.375,71.813,71.75,71.5,71.75,0.0,0.0,72.0,70.0,1000.0,200.0,0.0,16.422,73.375,72.063,-0.052,74.125,75.25,73.375,76.125,0.0,97.625,72.0,70.0,1000.0,200.0,-0.002,0.0,77.438,77.125,0.009,74.563,75.438,73.938,76.375,0.0,53.938,72.0,70.0,1000.0,200.0,-0.001,0.0,77.0,76.625,0.017,73.188,75.313,73.188,74.875,0.0,44.469,72.0,70.0,1000.0,200.0,0.0,0.0,75.438,75.125,-0.004,0.0,0.0,0.0,0.0,0.0,0.0,0.0,0.0,0.0,0.0,0.0,0.0,0.0,0.0,0.0,0.0,0.017,0.031,0.011,0.032,0.0,0.0,0.0,0.0,0.0,0.0,0.0,0.0,0.0,0.0,0.0,0.0,0.0,0.0,0.0,0.0,0.147,-0.149,0.0,0.0,0.001,0.149,-0.148,0.149,-0.042,0.011,0.0,0.0,0.033,0.035,-0.01,0.0,0.001,-0.0
9072007,450,0.0,1.0,1.0,1.0,100.0,0.0,0.0,0.0,0.0,0.0,0.0,33.968,35.139,0.022,0.02,0.0,80.0,55.0,1.4,16.547,2.248,2.228,0.301,71.831,71.846,73.548,70.301,68.711,0.0,0.036,0.087,20.0,20.0,76.345,49.404,0.0,73.325,74.091,73.365,76.731,63.692,68.869,66.441,-10.82,52.906,85.375,71.75,71.75,71.25,71.688,0.0,0.0,72.0,70.0,1000.0,200.0,0.0,16.422,73.375,71.938,-0.052,74.063,75.0,73.375,76.125,0.0,97.625,72.0,70.0,1000.0,200.0,-0.002,0.0,77.438,77.125,0.009,74.563,75.438,73.813,76.375,0.0,53.938,72.0,70.0,1000.0,200.0,-0.001,0.0,77.0,76.625,0.017,73.188,75.313,73.375,74.875,0.0,44.469,72.0,70.0,1000.0,200.0,0.0,0.0,75.438,75.125,-0.004,0.0,0.0,0.0,0.0,0.0,0.0,0.0,0.0,0.0,0.0,0.0,0.0,0.0,0.0,0.0,0.0,0.015,0.031,0.011,0.032,0.0,0.0,0.0,0.0,0.0,0.0,0.0,0.0,0.0,0.0,0.0,0.0,0.0,0.0,0.0,0.0,0.147,-0.223,0.0,0.0,0.001,0.149,-0.148,0.149,-0.08,0.011,0.0,0.0,0.034,0.035,-0.011,0.0,0.001,-0.0
9072007,451,0.0,1.0,1.0,1.0,100.0,0.0,0.0,0.0,0.0,0.0,0.0,33.968,35.139,0.012,0.02,0.0,80.0,55.0,1.4,16.531,2.248,2.228,0.214,71.831,71.846,73.548,70.195,68.711,0.0,0.036,0.083,20.0,20.0,76.373,49.32,0.0,73.218,74.091,73.365,76.657,63.692,68.869,66.368,-10.82,52.875,85.375,71.813,71.75,71.25,71.75,0.0,0.0,72.0,70.0,1000.0,200.0,0.0,16.141,73.5,72.063,-0.052,74.125,75.25,73.375,76.125,0.0,97.625,72.0,70.0,1000.0,200.0,-0.002,0.0,77.438,77.125,0.009,74.563,75.438,73.813,76.375,0.0,53.938,72.0,70.0,1000.0,200.0,-0.001,0.0,77.0,76.625,0.017,73.188,75.313,73.375,74.875,0.0,44.469,72.0,70.0,1000.0,200.0,0.0,0.0,75.438,75.125,-0.004,0.0,0.0,0.0,0.0,0.0,0.0,0.0,0.0,0.0,0.0,0.0,0.0,0.0,0.0,0.0,0.0,0.015,0.032,0.011,0.034,0.0,0.0,0.0,0.0,0.0,0.0,0.0,0.0,0.0,0.0,0.0,0.0,0.0,0.0,0.0,0.0,0.0,-0.149,-0.148,0.0,0.149,0.001,-0.148,0.001,-0.042,0.01,0.0,0.0,0.034,0.035,-0.011,0.0,0.001,-0.0
9072007,452,0.0,1.0,1.0,1.0,100.0,0.0,0.0,0.0,0.0,0.0,0.0,32.796,35.139,0.012,0.005,0.0,80.0,55.0,1.4,15.93,2.248,2.228,0.338,71.723,72.058,73.758,70.301,68.711,0.0,0.036,0.087,20.0,20.0,76.289,49.32,0.0,73.325,74.017,73.365,76.657,63.765,68.973,66.368,-10.828,52.875,85.375,71.813,71.875,71.5,71.75,0.0,0.0,72.0,70.0,1000.0,200.0,0.0,16.094,73.375,72.063,-0.052,74.063,75.25,73.375,76.125,0.0,97.625,72.0,70.0,1000.0,200.0,-0.002,0.0,77.438,77.125,0.009,74.563,75.438,73.813,76.375,0.0,53.938,72.0,70.0,1000.0,200.0,-0.001,0.0,77.0,76.625,0.017,73.188,75.313,73.375,74.875,0.0,44.469,72.0,70.0,1000.0,200.0,0.0,0.0,75.438,75.125,-0.004,0.0,0.0,0.0,0.0,0.0,0.0,0.0,0.0,0.0,0.0,0.0,0.0,0.0,0.0,0.0,0.0,0.015,0.031,0.011,0.032,0.0,0.0,0.0,0.0,0.0,0.0,0.0,0.0,0.0,0.0,0.0,0.0,0.0,0.0,0.0,0.0,0.147,-0.149,0.0,0.0,0.149,0.001,-0.148,0.001,-0.049,0.002,0.0,0.0,0.033,0.035,-0.01,0.0,0.001,-0.0
9072007,453,0.0,1.0,1.0,1.0,100.0,0.0,0.0,0.0,0.0,0.0,0.0,33.968,35.139,0.012,0.02,0.0,80.0,55.0,1.4,16.156,2.248,0.462,-0.671,71.831,71.952,73.443,70.301,68.818,0.0,0.036,0.087,20.0,20.0,76.401,49.32,0.0,73.433,74.091,73.365,76.657,63.838,68.869,66.514,-10.82,52.875,85.375,71.813,71.75,71.25,71.688,0.0,0.0,72.0,70.0,1000.0,200.0,0.0,16.109,73.375,72.063,-0.052,74.063,75.25,73.375,76.125,0.0,97.625,72.0,70.0,1000.0,200.0,-0.002,0.0,77.438,77.125,0.009,74.563,75.438,73.813,76.25,0.0,53.938,72.0,70.0,1000.0,200.0,-0.001,0.0,77.0,76.625,0.017,73.188,75.313,73.375,74.625,0.0,44.469,72.0,70.0,1000.0,200.0,0.0,0.0,75.438,75.125,-0.004,0.0,0.0,0.0,0.0,0.0,0.0,0.0,0.0,0.0,0.0,0.0,0.0,0.0,0.0,0.0,0.0,0.015,0.032,0.011,0.034,0.0,0.0,0.0,0.0,0.0,0.0,0.0,0.0,0.0,0.0,0.0,0.0,0.0,0.0,0.0,0.0,0.0,-0.149,-0.148,0.0,0.149,0.149,-0.148,0.149,-0.042,0.011,0.0,0.0,0.034,0.035,-0.01,0.0,0.001,-0.0
9072007,454,0.0,1.0,1.0,1.0,100.0,0.0,0.0,0.0,0.0,0.0,0.0,33.968,35.139,0.012,0.02,0.0,80.0,55.0,1.4,15.914,2.248,2.228,-1.324,71.831,71.846,73.548,70.301,68.711,0.0,0.036,0.087,20.0,20.0,75.952,49.32,0.0,73.325,74.017,73.259,76.657,63.692,68.869,66.441,-10.82,52.875,85.313,71.813,71.75,71.5,71.75,0.0,0.0,72.0,70.0,1000.0,200.0,0.0,16.188,73.375,72.063,-0.052,74.125,75.25,73.375,76.125,0.0,97.625,72.0,70.0,1000.0,200.0,-0.002,0.0,77.438,77.125,0.009,74.563,75.188,73.813,76.375,0.0,53.938,72.0,70.0,1000.0,200.0,-0.001,0.0,77.0,76.625,0.017,73.188,75.313,73.375,74.875,0.0,44.469,72.0,70.0,1000.0,200.0,0.0,0.0,75.438,75.125,-0.004,0.0,0.0,0.0,0.0,0.0,0.0,0.0,0.0,0.0,0.0,0.0,0.0,0.0,0.0,0.0,0.0,0.015,0.032,0.011,0.032,0.0,0.0,0.0,0.0,0.0,0.0,0.0,0.0,0.0,0.0,0.0,0.0,0.0,0.0,0.0,0.0,0.147,-0.149,0.0,0.0,0.001,0.149,-0.148,0.149,-0.042,0.011,0.0,0.0,0.034,0.035,-0.01,0.0,0.001,-0.0
9072007,455,0.0,1.0,1.0,1.0,100.0,0.0,0.0,0.0,0.0,0.0,0.0,33.968,35.139,0.022,0.02,0.0,80.0,55.0,1.4,15.867,2.248,0.462,-0.615,71.831,71.952,73.548,70.301,68.711,0.0,0.036,0.087,20.0,20.0,76.513,49.404,0.0,73.325,74.091,73.365,76.657,63.838,68.869,66.514,-10.82,52.875,85.313,71.813,71.75,71.5,71.688,0.0,0.0,72.0,70.0,1000.0,200.0,0.0,15.711,73.5,72.063,-0.052,74.063,75.25,73.438,76.125,0.0,97.625,72.0,70.0,1000.0,200.0,-0.002,0.0,77.438,77.125,0.009,74.563,75.188,73.813,76.375,0.0,53.938,72.0,70.0,1000.0,200.0,-0.001,0.0,77.0,76.625,0.017,73.188,75.313,73.188,74.875,0.0,44.469,72.0,70.0,1000.0,200.0,0.0,0.0,75.438,75.125,-0.004,0.0,0.0,0.0,0.0,0.0,0.0,0.0,0.0,0.0,0.0,0.0,0.0,0.0,0.0,0.0,0.0,0.015,0.031,0.011,0.034,0.0,0.0,0.0,0.0,0.0,0.0,0.0,0.0,0.0,0.0,0.0,0.0,0.0,0.0,0.0,0.0,0.147,-0.149,-0.148,0.0,0.149,0.001,0.0,0.001,-0.078,0.011,0.0,0.0,0.034,0.035,-0.011,0.0,0.001,-0.0
9072007,456,0.0,1.0,1.0,1.0,100.0,0.0,0.0,0.0,0.0,0.0,0.0,33.968,35.139,0.022,0.02,0.0,80.0,55.0,1.4,16.109,2.248,2.228,0.237,72.046,71.846,73.443,70.301,68.818,0.0,0.036,0.087,20.0,20.0,76.401,49.488,0.0,73.54,74.017,73.259,76.657,63.838,68.869,66.514,-10.828,52.875,85.313,71.813,71.75,71.5,71.688,0.0,0.0,72.0,70.0,1000.0,200.0,0.0,15.719,73.5,72.063,-0.052,74.063,75.25,73.375,76.125,0.0,97.625,72.0,70.0,1000.0,200.0,-0.002,0.0,77.438,77.125,0.009,74.563,75.188,73.938,76.375,0.0,53.938,72.0,70.0,1000.0,200.0,-0.001,0.0,77.0,76.625,0.017,73.188,75.313,73.375,74.875,0.0,44.469,72.0,70.0,1000.0,200.0,0.0,0.0,75.438,75.125,-0.004,0.0,0.0,0.0,0.0,0.0,0.0,0.0,0.0,0.0,0.0,0.0,0.0,0.0,0.0,0.0,0.0,0.017,0.029,0.011,0.034,0.0,0.0,0.0,0.0,0.0,0.0,0.0,0.0,0.0,0.0,0.0,0.0,0.0,0.0,0.0,0.0,0.147,-0.149,0.0,0.0,0.149,0.001,0.0,0.001,-0.077,0.011,0.0,0.0,0.034,0.035,-0.011,0.0,0.001,-0.0
9072007,457,0.0,1.0,1.0,1.0,100.0,0.0,0.0,0.0,0.0,0.0,0.0,33.968,35.139,0.022,0.02,0.0,80.0,55.0,1.4,16.109,2.248,2.228,-0.517,71.831,71.846,73.443,70.301,68.818,0.0,0.036,0.087,20.0,20.0,76.485,49.404,0.0,73.325,74.017,73.259,76.731,63.838,68.869,66.514,-10.82,52.875,85.313,71.813,71.875,71.25,71.75,0.0,0.0,72.0,70.0,1000.0,200.0,0.0,16.281,73.5,72.188,-0.052,74.063,75.25,73.375,76.125,0.0,97.625,72.0,70.0,1000.0,200.0,-0.002,0.0,77.438,77.125,0.009,74.563,75.188,73.813,76.375,0.0,53.938,72.0,70.0,1000.0,200.0,-0.001,0.0,77.0,76.625,0.017,73.188,75.313,73.375,74.875,0.0,44.469,72.0,70.0,1000.0,200.0,0.0,0.0,75.438,75.125,-0.004,0.0,0.0,0.0,0.0,0.0,0.0,0.0,0.0,0.0,0.0,0.0,0.0,0.0,0.0,0.0,0.0,0.015,0.031,0.011,0.034,0.0,0.0,0.0,0.0,0.0,0.0,0.0,0.0,0.0,0.0,0.0,0.0,0.0,0.0,0.0,0.0,0.147,-0.149,0.0,0.0,0.149,0.149,-0.148,0.149,-0.079,0.011,0.0,0.0,0.034,0.035,-0.01,0.0,0.001,-0.0
9072007,458,0.0,1.0,1.0,1.0,100.0,0.0,0.0,0.0,0.0,0.0,0.0,33.968,35.139,0.012,0.02,0.0,80.0,55.0,1.4,16.203,2.248,2.228,0.292,71.831,71.952,73.443,70.301,68.711,0.0,0.04,0.087,20.0,20.0,76.233,49.516,0.0,73.325,74.017,73.259,76.731,63.912,68.869,66.514,-10.82,52.844,85.313,71.813,71.75,71.5,71.938,0.0,0.0,72.0,70.0,1000.0,200.0,0.0,15.977,73.375,72.063,-0.052,74.125,75.25,73.375,76.125,0.0,97.625,72.0,70.0,1000.0,200.0,-0.002,0.0,77.438,77.125,0.009,74.563,75.188,73.813,76.375,0.0,53.938,72.0,70.0,1000.0,200.0,-0.001,0.0,76.813,76.625,0.017,73.188,75.313,73.375,74.875,0.0,44.469,72.0,70.0,1000.0,200.0,0.0,0.0,75.438,75.125,-0.004,0.0,0.0,0.0,0.0,0.0,0.0,0.0,0.0,0.0,0.0,0.0,0.0,0.0,0.0,0.0,0.0,0.015,0.031,0.011,0.034,0.0,0.0,0.0,0.0,0.0,0.0,0.0,0.0,0.0,0.0,0.0,0.0,0.0,0.0,0.0,0.0,0.147,-0.149,0.0,0.0,0.149,0.001,-0.148,0.001,-0.043,0.01,0.0,0.0,0.034,0.035,-0.01,0.0,0.0,-0.0
9072007,459,0.0,1.0,1.0,1.0,100.0,0.0,0.0,0.0,0.0,0.0,0.0,33.968,35.139,0.012,0.02,0.0,80.0,55.0,1.4,16.344,2.248,2.228,0.315,72.046,71.846,73.337,70.301,68.925,0.0,0.036,0.087,20.0,20.0,76.513,49.516,0.0,73.54,74.017,73.365,76.657,63.838,68.973,66.514,-10.828,52.75,85.313,71.75,71.875,71.25,71.75,0.0,0.0,72.0,70.0,1000.0,200.0,0.0,16.406,73.375,72.063,-0.052,74.063,75.25,73.375,76.125,0.0,97.625,72.0,70.0,1000.0,200.0,-0.002,0.0,77.313,77.125,0.009,74.563,75.438,73.813,76.375,0.0,53.938,72.0,70.0,1000.0,200.0,-0.001,0.0,77.0,76.688,0.017,73.188,75.313,73.188,74.875,0.0,44.469,72.0,70.0,1000.0,200.0,0.0,0.0,75.438,75.125,-0.004,0.0,0.0,0.0,0.0,0.0,0.0,0.0,0.0,0.0,0.0,0.0,0.0,0.0,0.0,0.0,0.0,0.015,0.031,0.011,0.032,0.0,0.0,0.0,0.0,0.0,0.0,0.0,0.0,0.0,0.0,0.0,0.0,0.0,0.0,0.0,0.0,0.147,-0.149,-0.148,0.0,0.001,0.149,-0.148,0.149,-0.049,0.01,0.0,0.0,0.034,0.035,-0.01,0.0,0.001,-0.0
9072007,500,0.0,1.0,1.0,1.0,100.0,0.0,0.0,0.0,0.0,0.0,0.0,33.968,35.139,0.012,0.02,0.0,80.0,55.0,1.4,16.344,2.248,2.228,-0.545,71.831,71.952,73.337,70.301,68.711,0.0,0.036,0.087,20.0,20.0,76.597,49.545,0.0,73.325,74.017,73.259,76.583,63.838,68.973,66.441,-10.82,52.844,85.313,71.813,71.75,71.5,71.688,0.0,0.0,72.0,70.0,1000.0,200.0,0.0,15.93,73.375,71.938,-0.052,74.063,75.25,73.375,76.125,0.0,97.625,72.0,70.0,1000.0,200.0,-0.002,0.0,77.438,77.125,0.009,74.563,75.438,73.813,76.25,0.0,53.938,72.0,70.0,1000.0,200.0,-0.001,0.0,77.0,76.688,0.017,73.188,75.313,73.375,74.875,0.0,44.469,72.0,70.0,1000.0,200.0,0.0,0.0,75.438,75.125,-0.004,0.0,0.0,0.0,0.0,0.0,0.0,0.0,0.0,0.0,0.0,0.0,0.0,0.0,0.0,0.0,0.0,0.017,0.031,0.011,0.034,0.0,0.0,0.0,0.0,0.0,0.0,0.0,0.0,0.0,0.0,0.0,0.0,0.0,0.0,0.0,0.0,0.147,-0.149,-0.148,0.0,0.149,0.001,-0.148,0.149,-0.041,0.01,0.0,0.0,0.034,0.035,-0.011,0.0,0.001,-0.0
9072007,501,0.0,1.0,1.0,1.0,100.0,0.0,0.0,0.0,0.0,0.0,0.0,33.968,35.139,0.012,0.02,0.0,80.0,55.0,1.4,16.063,2.248,2.228,0.252,71.831,71.846,73.337,70.301,68.818,0.0,0.036,0.087,20.0,20.0,76.065,49.601,0.0,73.325,73.943,73.259,76.583,63.912,68.869,66.514,-10.82,52.844,85.313,71.75,71.75,71.25,71.75,0.0,0.0,72.0,70.0,1000.0,200.0,0.0,16.141,73.375,71.938,-0.052,74.063,75.0,73.375,76.125,0.0,97.625,72.0,70.0,1000.0,200.0,-0.002,0.0,77.438,77.125,0.009,74.563,75.188,73.813,76.375,0.0,53.938,72.0,70.0,1000.0,200.0,-0.001,0.0,77.0,76.688,0.017,73.188,75.313,73.188,74.875,0.0,44.469,72.0,70.0,1000.0,200.0,0.0,0.0,75.313,75.125,-0.004,0.0,0.0,0.0,0.0,0.0,0.0,0.0,0.0,0.0,0.0,0.0,0.0,0.0,0.0,0.0,0.0,0.015,0.031,0.011,0.034,0.0,0.0,0.0,0.0,0.0,0.0,0.0,0.0,0.0,0.0,0.0,0.0,0.0,0.0,0.0,0.0,0.147,-0.149,0.0,0.0,0.001,0.149,-0.148,0.149,-0.046,0.01,0.0,0.0,0.034,0.035,-0.011,0.0,0.001,-0.0
9072007,502,0.0,1.0,1.0,1.0,100.0,0.0,0.0,0.0,0.0,0.0,0.0,33.968,35.139,0.012,0.02,0.0,80.0,55.0,1.4,16.141,2.248,2.228,-0.461,72.046,72.058,73.548,70.512,68.925,0.0,0.036,0.087,20.0,20.0,76.654,49.545,0.0,73.433,74.017,73.365,76.657,63.912,68.973,66.587,-10.82,52.844,85.313,71.813,71.875,71.25,71.75,0.0,0.0,72.0,70.0,1000.0,200.0,0.0,16.328,73.5,72.063,-0.052,74.063,75.0,73.25,76.125,0.0,97.625,72.0,70.0,1000.0,200.0,-0.002,0.0,77.438,77.125,0.009,74.563,75.438,73.938,76.375,0.0,53.938,72.0,70.0,1000.0,200.0,-0.001,0.0,77.0,76.688,0.017,73.188,75.313,73.375,74.875,0.0,44.469,72.0,70.0,1000.0,200.0,0.0,0.0,75.438,75.125,-0.004,0.0,0.0,0.0,0.0,0.0,0.0,0.0,0.0,0.0,0.0,0.0,0.0,0.0,0.0,0.0,0.0,0.015,0.031,0.011,0.032,0.0,0.0,0.0,0.0,0.0,0.0,0.0,0.0,0.0,0.0,0.0,0.0,0.0,0.0,0.0,0.0,0.147,-0.149,0.0,0.0,0.001,0.149,-0.148,0.149,-0.049,0.011,0.0,0.0,0.034,0.035,-0.011,0.0,0.001,-0.0
9072007,503,0.0,1.0,1.0,1.0,100.0,0.0,0.0,0.0,0.0,0.0,0.0,33.968,35.139,0.012,0.02,0.0,80.0,55.0,1.4,16.141,2.248,2.228,-0.549,71.831,71.952,73.337,70.406,68.711,0.0,0.036,0.087,20.0,20.0,76.794,49.545,0.0,73.325,74.017,73.365,76.583,63.912,69.078,66.514,-10.828,52.813,85.313,71.813,71.75,71.25,71.75,0.0,0.0,72.0,70.0,1000.0,200.0,0.0,16.031,73.375,72.063,-0.052,74.063,75.0,73.375,76.125,0.0,97.625,72.0,70.0,1000.0,200.0,-0.002,0.0,77.313,77.0,0.009,74.563,75.438,73.938,76.375,0.0,53.938,72.0,70.0,1000.0,200.0,-0.001,0.0,77.0,76.625,0.017,73.188,75.313,73.375,74.875,0.0,44.469,72.0,70.0,1000.0,200.0,0.0,0.0,75.438,75.125,-0.004,0.0,0.0,0.0,0.0,0.0,0.0,0.0,0.0,0.0,0.0,0.0,0.0,0.0,0.0,0.0,0.0,0.017,0.031,0.011,0.032,0.0,0.0,0.0,0.0,0.0,0.0,0.0,0.0,0.0,0.0,0.0,0.0,0.0,0.0,0.0,0.0,0.147,-0.149,-0.148,0.0,0.149,0.149,-0.148,0.001,-0.047,0.01,0.0,0.0,0.034,0.035,-0.01,0.0,0.001,-0.0
9072007,504,0.0,1.0,1.0,1.0,100.0,0.0,0.0,0.0,0.0,0.0,0.0,33.968,35.139,0.012,0.02,0.0,80.0,55.0,1.4,16.234,2.248,2.228,-1.258,71.831,71.952,73.337,70.406,68.711,0.0,0.036,0.083,20.0,20.0,76.485,49.573,0.0,73.218,73.943,73.259,76.657,64.058,68.973,66.587,-10.82,52.813,85.25,71.813,71.75,71.5,71.75,0.0,0.0,72.0,70.0,1000.0,200.0,0.0,16.484,73.5,72.063,-0.052,74.063,75.0,73.375,76.125,0.0,97.625,72.0,70.0,1000.0,200.0,-0.002,0.0,77.313,77.125,0.009,74.625,75.438,73.813,76.375,0.0,53.938,72.0,70.0,1000.0,200.0,-0.001,0.0,77.0,76.625,0.017,73.188,75.313,73.188,74.875,0.0,44.469,72.0,70.0,1000.0,200.0,0.0,0.0,75.438,75.125,-0.004,0.0,0.0,0.0,0.0,0.0,0.0,0.0,0.0,0.0,0.0,0.0,0.0,0.0,0.0,0.0,0.0,0.015,0.031,0.011,0.032,0.0,0.0,0.0,0.0,0.0,0.0,0.0,0.0,0.0,0.0,0.0,0.0,0.0,0.0,0.0,0.0,0.147,-0.149,0.0,0.0,0.149,0.001,0.0,0.001,-0.048,0.01,0.0,0.0,0.034,0.035,-0.011,0.0,0.001,-0.0
9072007,505,0.0,1.0,1.0,1.0,100.0,0.0,0.0,0.0,0.0,0.0,0.0,33.968,35.139,0.022,0.02,0.0,80.0,55.0,1.4,16.297,2.248,2.228,-0.51,71.831,71.846,73.337,70.301,68.711,0.0,0.036,0.087,20.0,20.0,76.71,49.629,0.0,73.218,74.017,73.365,76.657,63.985,68.973,66.587,-10.82,52.813,85.313,71.813,71.625,71.25,71.688,0.0,0.0,72.0,70.0,1000.0,200.0,0.0,16.031,73.375,72.063,-0.052,74.125,75.0,73.375,76.125,0.0,97.625,72.0,70.0,1000.0,200.0,-0.002,0.0,77.438,77.313,0.009,74.563,75.438,73.813,76.375,0.0,53.938,72.0,70.0,1000.0,200.0,-0.001,0.0,77.0,76.625,0.017,73.188,75.313,73.375,74.875,0.0,44.469,72.0,70.0,1000.0,200.0,0.0,0.0,75.438,75.125,-0.004,0.0,0.0,0.0,0.0,0.0,0.0,0.0,0.0,0.0,0.0,0.0,0.0,0.0,0.0,0.0,0.0,0.015,0.031,0.011,0.034,0.0,0.0,0.0,0.0,0.0,0.0,0.0,0.0,0.0,0.0,0.0,0.0,0.0,0.0,0.0,0.0,0.147,-0.149,0.0,0.0,0.149,0.001,0.0,0.001,-0.089,0.01,0.0,0.0,0.034,0.035,-0.01,0.0,0.001,-0.0
9072007,506,0.0,1.0,1.0,1.0,100.0,0.0,0.0,0.0,0.0,0.0,0.0,33.968,35.139,0.012,0.02,0.0,80.0,55.0,1.4,16.328,2.248,2.228,-0.372,71.831,71.846,73.232,70.301,68.818,0.0,0.036,0.083,20.0,20.0,76.878,49.629,0.0,73.218,74.017,73.259,76.657,63.985,68.973,66.587,-10.82,52.813,85.313,71.813,71.625,71.5,71.688,0.0,0.0,72.0,70.0,1000.0,200.0,0.0,16.203,73.375,72.063,-0.052,74.063,75.0,73.375,76.125,0.0,97.625,72.0,70.0,1000.0,200.0,-0.002,0.0,77.438,77.125,0.009,74.563,75.438,73.813,76.375,0.0,53.938,72.0,70.0,1000.0,200.0,-0.001,0.0,77.0,76.625,0.017,73.188,75.313,73.375,74.875,0.0,44.469,72.0,70.0,1000.0,200.0,0.0,0.0,75.438,75.125,-0.004,0.0,0.0,0.0,0.0,0.0,0.0,0.0,0.0,0.0,0.0,0.0,0.0,0.0,0.0,0.0,0.0,0.015,0.031,0.011,0.032,0.0,0.0,0.0,0.0,0.0,0.0,0.0,0.0,0.0,0.0,0.0,0.0,0.0,0.0,0.0,0.0,0.147,-0.149,0.0,-0.074,0.149,0.001,-0.148,0.001,-0.042,0.01,0.0,0.0,0.034,0.035,-0.01,0.0,0.001,-0.0
9072007,507,0.0,1.0,1.0,1.0,100.0,0.0,0.0,0.0,0.0,0.0,0.0,33.968,35.139,0.012,0.02,0.0,80.0,55.0,1.4,16.328,2.248,2.228,0.08,71.831,72.164,73.443,70.301,68.711,0.0,0.036,0.087,20.0,20.0,76.457,49.629,0.0,73.325,74.017,73.259,76.657,64.058,68.973,66.659,-10.82,52.813,85.313,71.75,71.75,71.25,71.75,0.0,0.0,72.0,70.0,1000.0,200.0,0.0,16.484,73.375,72.063,-0.052,74.063,75.0,73.375,76.125,0.0,97.625,72.0,70.0,1000.0,200.0,-0.002,0.0,77.438,77.0,0.009,74.563,75.438,73.938,76.375,0.0,53.938,72.0,70.0,1000.0,200.0,-0.001,0.0,77.0,76.625,0.017,73.188,75.313,73.188,74.625,0.0,44.469,72.0,70.0,1000.0,200.0,0.0,0.0,75.438,75.125,-0.004,0.0,0.0,0.0,0.0,0.0,0.0,0.0,0.0,0.0,0.0,0.0,0.0,0.0,0.0,0.0,0.0,0.015,0.031,0.011,0.034,0.0,0.0,0.0,0.0,0.0,0.0,0.0,0.0,0.0,0.0,0.0,0.0,0.0,0.0,0.0,0.0,0.0,-0.001,-0.148,0.0,0.001,0.001,-0.148,0.149,-0.042,0.011,0.0,0.0,0.034,0.035,-0.01,0.001,0.001,-0.0
9072007,508,0.0,1.0,1.0,1.0,100.0,0.0,0.0,0.0,0.0,0.0,0.0,33.968,35.139,0.012,0.02,0.0,80.0,55.0,1.4,16.391,2.248,2.228,0.322,71.831,71.952,73.232,70.195,68.818,0.0,0.036,0.087,20.0,20.0,76.99,49.629,0.0,73.433,74.017,73.259,76.657,64.058,68.973,66.659,-10.82,52.813,85.313,71.813,71.75,71.25,71.75,0.0,0.0,72.0,70.0,1000.0,200.0,0.0,16.578,73.375,71.938,-0.052,74.063,75.0,73.375,76.125,0.0,97.625,72.0,70.0,1000.0,200.0,-0.002,0.0,77.438,77.125,0.009,74.563,75.438,73.813,76.25,0.0,53.938,72.0,70.0,1000.0,200.0,-0.001,0.0,76.813,76.688,0.017,73.188,75.313,73.375,74.875,0.0,44.469,72.0,70.0,1000.0,200.0,0.0,0.0,75.438,75.125,-0.004,0.0,0.0,0.0,0.0,0.0,0.0,0.0,0.0,0.0,0.0,0.0,0.0,0.0,0.0,0.0,0.0,0.015,0.031,0.011,0.032,0.0,0.0,0.0,0.0,0.0,0.0,0.0,0.0,0.0,0.0,0.0,0.0,0.0,0.0,0.0,0.0,0.147,-0.223,0.0,0.0,0.149,0.001,0.0,0.149,-0.042,0.011,0.0,0.0,0.034,0.035,-0.011,0.0,0.0,-0.0
9072007,509,0.0,1.0,1.0,1.0,100.0,0.0,0.0,0.0,0.0,0.0,0.0,33.968,35.139,0.012,0.02,0.0,80.0,55.0,1.4,16.672,2.248,2.228,-1.412,71.831,71.846,73.127,70.301,68.818,0.0,0.036,0.087,20.0,20.0,76.71,49.769,0.0,73.325,73.943,73.259,76.583,64.058,68.973,66.659,-10.82,52.813,85.313,71.813,71.75,71.5,71.75,0.0,0.0,72.0,70.0,1000.0,200.0,0.0,16.234,73.5,71.938,-0.052,74.063,75.0,73.375,76.125,0.0,97.625,72.0,70.0,1000.0,200.0,-0.002,0.0,77.313,77.125,0.009,74.5,75.438,73.813,76.375,0.0,53.938,72.0,70.0,1000.0,200.0,-0.001,0.0,77.0,76.625,0.017,73.188,75.313,73.188,74.875,0.0,44.469,72.0,70.0,1000.0,200.0,0.0,0.0,75.438,75.125,-0.004,0.0,0.0,0.0,0.0,0.0,0.0,0.0,0.0,0.0,0.0,0.0,0.0,0.0,0.0,0.0,0.0,0.015,0.031,0.011,0.034,0.0,0.0,0.0,0.0,0.0,0.0,0.0,0.0,0.0,0.0,0.0,0.0,0.0,0.0,0.0,0.0,0.147,-0.001,0.0,0.0,0.149,0.001,0.0,0.001,-0.046,0.011,0.0,0.0,0.034,0.035,-0.012,0.0,0.001,-0.0
9072007,510,0.0,1.0,1.0,1.0,100.0,0.0,0.0,0.0,0.0,0.0,0.0,33.968,36.31,0.012,0.02,0.0,80.0,55.0,1.4,16.234,2.248,3.993,-1.349,71.831,71.846,73.232,70.301,68.818,0.0,0.036,0.087,20.0,20.0,76.625,49.797,0.0,73.325,73.869,73.259,76.583,64.058,68.973,66.659,-10.82,52.813,85.313,71.813,71.75,71.5,71.75,0.0,0.0,72.0,70.0,1000.0,200.0,0.0,16.078,73.375,72.063,-0.052,74.063,75.0,73.375,76.125,0.0,97.625,72.0,70.0,1000.0,200.0,-0.002,0.0,77.438,77.125,0.009,74.563,75.438,73.813,76.25,0.0,53.938,72.0,70.0,1000.0,200.0,-0.001,0.0,77.0,76.625,0.017,73.188,75.313,73.375,74.625,0.0,44.469,72.0,70.0,1000.0,200.0,0.0,0.0,75.438,75.125,-0.004,0.0,0.0,0.0,0.0,0.0,0.0,0.0,0.0,0.0,0.0,0.0,0.0,0.0,0.0,0.0,0.0,0.017,0.032,0.011,0.032,0.0,0.0,0.0,0.0,0.0,0.0,0.0,0.0,0.0,0.0,0.0,0.0,0.0,0.0,0.0,0.0,0.0,-0.149,0.0,0.0,0.224,0.001,0.0,0.001,-0.053,0.011,0.0,0.0,0.034,0.036,-0.01,0.0,0.001,-0.0
9072007,511,0.0,1.0,1.0,1.0,100.0,0.0,0.0,0.0,0.0,0.0,0.0,33.968,35.139,0.012,0.02,0.0,80.0,55.0,1.4,16.203,2.248,2.228,-0.994,71.831,71.846,73.232,70.301,68.818,0.0,0.036,0.087,20.0,20.0,77.158,49.769,0.0,73.218,73.943,73.365,76.657,64.058,68.973,66.732,-10.82,52.813,85.313,71.813,71.75,71.5,71.75,0.0,0.0,72.0,70.0,1000.0,200.0,0.0,16.375,73.375,72.063,-0.052,74.125,75.0,73.375,76.125,0.0,97.625,72.0,70.0,1000.0,200.0,-0.002,0.0,77.438,77.125,0.009,74.563,75.438,73.813,76.375,0.0,53.938,72.0,70.0,1000.0,200.0,-0.001,0.0,77.0,76.625,0.017,73.188,75.313,73.188,74.875,0.0,44.469,72.0,70.0,1000.0,200.0,0.0,0.0,75.438,75.313,-0.004,0.0,0.0,0.0,0.0,0.0,0.0,0.0,0.0,0.0,0.0,0.0,0.0,0.0,0.0,0.0,0.0,0.015,0.031,0.011,0.034,0.0,0.0,0.0,0.0,0.0,0.0,0.0,0.0,0.0,0.0,0.0,0.0,0.0,0.0,0.0,0.0,0.0,-0.149,0.0,0.0,0.149,0.001,0.0,0.001,-0.056,0.011,0.0,0.0,0.034,0.035,-0.01,0.0,0.001,-0.0
9072007,512,0.0,1.0,1.0,1.0,100.0,0.0,0.0,0.0,0.0,0.0,0.0,33.968,35.139,0.012,0.02,0.0,80.0,55.0,1.4,16.484,2.248,3.993,-0.095,71.831,71.846,73.337,70.406,68.818,0.0,0.036,0.087,20.0,20.0,76.682,49.601,0.0,73.325,73.869,73.365,76.583,64.058,68.973,66.732,-10.82,52.844,85.313,71.813,71.875,71.25,71.688,0.0,0.0,72.0,70.0,1000.0,200.0,0.0,16.469,73.375,72.063,-0.052,74.063,74.938,73.375,76.0,0.0,97.625,72.0,70.0,1000.0,200.0,-0.002,0.0,77.438,77.125,0.009,74.563,75.438,73.813,76.25,0.0,53.938,72.0,70.0,1000.0,200.0,-0.001,0.0,77.0,76.625,0.017,73.188,75.438,73.375,74.875,0.0,44.469,72.0,70.0,1000.0,200.0,0.0,0.0,75.438,75.125,-0.004,0.0,0.0,0.0,0.0,0.0,0.0,0.0,0.0,0.0,0.0,0.0,0.0,0.0,0.0,0.0,0.0,0.015,0.031,0.011,0.032,0.0,0.0,0.0,0.0,0.0,0.0,0.0,0.0,0.0,0.0,0.0,0.0,0.0,0.0,0.0,0.0,0.147,-0.149,0.0,0.0,0.001,0.149,-0.148,0.149,-0.065,0.011,0.0,0.0,0.034,0.035,-0.01,0.0,0.001,-0.0
9072007,513,0.0,1.0,1.0,1.0,100.0,0.0,0.0,0.0,0.0,0.0,0.0,33.968,35.139,0.012,0.02,0.0,80.0,55.0,1.4,16.484,2.248,2.228,-1.314,71.831,71.846,73.337,70.301,68.711,0.0,0.036,0.087,20.0,20.0,76.906,49.601,0.0,73.218,73.943,73.259,76.583,64.058,68.973,66.659,-10.828,52.813,85.313,71.813,71.75,71.25,71.75,0.0,0.0,72.0,70.0,1000.0,200.0,0.0,16.172,73.5,72.063,-0.052,74.063,75.0,73.25,76.125,0.0,97.625,72.0,70.0,1000.0,200.0,-0.002,0.0,77.313,77.125,0.009,74.563,75.438,73.938,76.25,0.0,53.938,72.0,70.0,1000.0,200.0,-0.001,0.0,77.0,76.688,0.017,73.188,75.313,73.375,74.875,0.0,44.469,72.0,70.0,1000.0,200.0,0.0,0.0,75.438,75.125,-0.004,0.0,0.0,0.0,0.0,0.0,0.0,0.0,0.0,0.0,0.0,0.0,0.0,0.0,0.0,0.0,0.0,0.015,0.031,0.011,0.032,0.0,0.0,0.0,0.0,0.0,0.0,0.0,0.0,0.0,0.0,0.0,0.0,0.0,0.0,0.0,0.0,0.147,-0.149,-0.148,0.0,0.149,0.001,0.0,0.001,-0.046,0.011,0.0,0.0,0.034,0.035,-0.011,0.0,0.001,-0.0
9072007,514,0.0,1.0,1.0,1.0,100.0,0.0,0.0,0.0,0.0,0.0,0.0,33.968,35.139,0.012,0.02,0.0,80.0,55.0,1.4,16.469,3.37,2.228,0.015,71.831,71.846,73.443,70.301,68.818,0.0,0.036,0.087,20.0,20.0,76.429,49.601,0.0,73.218,73.943,73.259,76.657,64.131,68.973,66.805,-10.82,52.813,85.313,71.813,71.75,71.25,71.75,0.0,0.0,72.0,70.0,1000.0,200.0,0.0,16.563,73.375,72.063,-0.052,74.125,75.0,73.375,76.0,0.0,97.625,72.0,70.0,1000.0,200.0,-0.002,0.0,77.438,77.0,0.009,74.563,75.438,73.938,76.25,0.0,53.938,72.0,70.0,1000.0,200.0,-0.001,0.0,76.813,76.625,0.017,73.188,75.313,73.375,74.875,0.0,44.469,72.0,70.0,1000.0,200.0,0.0,0.0,75.438,75.125,-0.004,0.0,0.0,0.0,0.0,0.0,0.0,0.0,0.0,0.0,0.0,0.0,0.0,0.0,0.0,0.0,0.0,0.015,0.031,0.011,0.034,0.0,0.0,0.0,0.0,0.0,0.0,0.0,0.0,0.0,0.0,0.0,0.0,0.0,0.0,0.0,0.0,0.147,-0.223,-0.148,0.0,0.149,0.001,-0.148,0.149,-0.048,0.011,0.0,0.0,0.034,0.035,-0.01,0.001,0.0,-0.0
9072007,515,0.0,1.0,1.0,1.0,100.0,0.0,0.0,0.0,0.0,0.0,0.0,33.968,35.139,0.022,0.02,0.0,80.0,55.0,1.4,16.578,2.248,2.228,0.009,71.831,71.846,73.443,70.301,68.818,0.0,0.036,0.087,20.0,20.0,76.71,49.488,0.0,73.218,73.943,73.259,76.583,64.278,69.182,66.805,-10.82,52.844,85.313,71.813,71.75,71.5,71.75,0.0,0.0,72.0,70.0,1000.0,200.0,0.0,16.219,73.375,72.063,-0.052,74.125,75.0,73.25,76.125,0.0,97.625,72.0,70.0,1000.0,200.0,-0.002,0.0,77.313,77.125,0.009,74.563,75.438,73.938,76.25,0.0,53.938,72.0,70.0,1000.0,200.0,-0.001,0.0,77.0,76.688,0.017,73.188,75.313,73.375,74.875,0.0,44.469,72.0,70.0,1000.0,200.0,0.0,0.0,75.438,75.125,-0.004,0.0,0.0,0.0,0.0,0.0,0.0,0.0,0.0,0.0,0.0,0.0,0.0,0.0,0.0,0.0,0.0,0.015,0.031,0.011,0.034,0.0,0.0,0.0,0.0,0.0,0.0,0.0,0.0,0.0,0.0,0.0,0.0,0.0,0.0,0.0,0.0,0.147,-0.149,0.0,0.0,0.001,0.149,-0.148,0.149,-0.085,0.01,0.0,0.0,0.034,0.035,-0.01,0.0,0.001,-0.0
9072007,516,0.0,1.0,1.0,1.0,100.0,0.0,0.0,0.0,0.0,0.0,0.0,33.968,35.139,0.012,0.02,0.0,80.0,55.0,1.4,16.578,2.248,3.993,-0.552,71.831,71.952,73.443,70.301,68.818,0.0,0.036,0.083,20.0,20.0,76.569,49.376,0.0,73.218,73.869,73.259,76.583,64.205,69.078,66.805,-10.82,52.875,85.313,71.813,71.75,71.25,71.75,0.0,0.0,72.0,70.0,1000.0,200.0,0.0,16.172,73.5,72.063,-0.052,74.125,75.0,73.25,76.125,0.0,97.625,72.0,70.0,1000.0,200.0,-0.002,0.0,77.313,77.0,0.009,74.563,75.438,73.938,76.25,0.0,53.938,72.0,70.0,1000.0,200.0,-0.001,0.0,77.0,76.688,0.017,73.188,75.313,73.375,74.875,0.0,44.469,72.0,70.0,1000.0,200.0,0.0,0.0,75.438,75.125,-0.004,0.0,0.0,0.0,0.0,0.0,0.0,0.0,0.0,0.0,0.0,0.0,0.0,0.0,0.0,0.0,0.0,0.015,0.031,0.011,0.034,0.0,0.0,0.0,0.0,0.0,0.0,0.0,0.0,0.0,0.0,0.0,0.0,0.0,0.0,0.0,0.0,0.0,-0.149,-0.148,0.0,0.001,0.001,-0.148,0.001,-0.053,0.011,0.0,0.0,0.034,0.035,-0.011,0.0,0.001,-0.0
9072007,517,0.0,1.0,1.0,1.0,100.0,0.0,0.0,0.0,0.0,0.0,0.0,33.968,35.139,0.012,0.02,0.0,80.0,55.0,1.4,16.297,2.248,3.993,-1.282,71.831,71.846,73.548,70.301,68.818,0.0,0.036,0.087,20.0,20.0,76.177,49.292,0.0,73.218,74.017,73.259,76.657,64.205,69.078,66.805,-10.82,52.875,85.313,71.813,71.875,71.5,71.75,0.0,0.0,72.0,70.0,1000.0,200.0,0.0,16.234,73.375,72.063,-0.052,74.063,75.0,73.375,76.125,0.0,97.625,72.0,70.0,1000.0,200.0,-0.002,0.0,77.313,77.0,0.009,74.563,75.438,73.813,76.188,0.0,53.938,72.0,70.0,1000.0,200.0,-0.001,0.0,76.813,76.625,0.017,73.25,75.313,73.375,74.875,0.0,44.469,72.0,70.0,1000.0,200.0,0.0,0.0,75.438,75.125,-0.004,0.0,0.0,0.0,0.0,0.0,0.0,0.0,0.0,0.0,0.0,0.0,0.0,0.0,0.0,0.0,0.0,0.017,0.031,0.011,0.034,0.0,0.0,0.0,0.0,0.0,0.0,0.0,0.0,0.0,0.0,0.0,0.0,0.0,0.0,0.0,0.0,0.147,-0.149,0.0,-0.074,0.149,0.149,-0.148,0.001,-0.042,0.011,0.0,0.0,0.034,0.035,-0.01,0.0,0.0,-0.0
9072007,518,0.0,1.0,1.0,1.0,100.0,0.0,0.0,0.0,0.0,0.0,0.0,33.968,35.139,0.012,0.02,0.0,80.0,55.0,1.4,16.5,2.248,2.228,0.504,71.831,71.846,73.548,70.301,68.818,0.0,0.036,0.083,20.0,20.0,76.036,49.208,0.0,73.218,73.943,73.259,76.657,64.278,69.078,66.805,-10.82,52.906,85.313,71.75,71.75,71.25,71.75,0.0,0.0,72.0,70.0,1000.0,200.0,0.0,16.609,73.375,72.063,-0.052,74.063,75.25,73.375,76.125,0.0,97.625,72.0,70.0,1000.0,200.0,-0.002,0.0,77.438,77.0,0.009,74.563,75.438,73.813,76.25,0.0,53.938,72.0,70.0,1000.0,200.0,-0.001,0.0,77.0,76.625,0.017,73.188,75.313,73.375,74.875,0.0,44.469,72.0,70.0,1000.0,200.0,0.0,0.0,75.438,75.125,-0.004,0.0,0.0,0.0,0.0,0.0,0.0,0.0,0.0,0.0,0.0,0.0,0.0,0.0,0.0,0.0,0.0,0.015,0.031,0.011,0.032,0.0,0.0,0.0,0.0,0.0,0.0,0.0,0.0,0.0,0.0,0.0,0.0,0.0,0.0,0.0,0.0,0.147,-0.149,-0.148,0.0,0.149,0.001,0.0,0.001,-0.048,0.011,0.0,0.0,0.034,0.035,-0.01,0.001,0.001,-0.0
9072007,519,0.0,1.0,1.0,1.0,100.0,0.0,0.0,0.0,0.0,0.0,0.0,33.968,35.139,0.012,0.02,0.0,80.0,55.0,1.4,16.281,2.248,2.228,-0.433,71.831,71.846,73.548,70.301,68.818,0.0,0.036,0.083,20.0,20.0,76.71,49.152,0.0,73.218,73.869,73.259,76.583,64.278,69.078,66.805,-10.82,52.906,85.313,71.813,71.75,71.5,71.75,0.0,0.0,72.0,70.0,1000.0,200.0,0.0,16.5,73.5,72.063,-0.052,74.063,75.25,73.375,76.125,0.0,97.625,72.0,70.0,1000.0,200.0,-0.002,0.0,77.438,77.0,0.009,74.563,75.438,74.063,76.25,0.0,53.938,72.0,70.0,1000.0,200.0,-0.001,0.0,77.0,76.625,0.017,73.188,75.313,73.375,74.875,0.0,44.469,72.0,70.0,1000.0,200.0,0.0,0.0,75.438,75.125,-0.004,0.0,0.0,0.0,0.0,0.0,0.0,0.0,0.0,0.0,0.0,0.0,0.0,0.0,0.0,0.0,0.0,0.015,0.031,0.011,0.034,0.0,0.0,0.0,0.0,0.0,0.0,0.0,0.0,0.0,0.0,0.0,0.0,0.0,0.0,0.0,0.0,0.0,-0.149,-0.148,0.0,0.149,0.001,-0.148,0.149,-0.053,0.011,0.0,0.0,0.034,0.035,-0.011,0.001,0.001,-0.0
9072007,520,0.0,1.0,1.0,1.0,100.0,0.0,0.0,0.0,0.0,0.0,0.0,33.968,35.139,0.012,0.02,0.0,80.0,55.0,1.4,16.547,2.248,2.228,-0.434,71.831,71.846,73.548,70.301,68.818,0.0,0.036,0.087,20.0,20.0,76.373,49.124,0.0,73.218,73.943,73.259,76.657,64.278,69.078,66.805,-10.82,52.906,85.313,71.813,71.75,71.25,71.75,0.0,0.0,72.0,70.0,1000.0,200.0,0.0,16.297,73.375,72.063,-0.052,74.063,75.25,73.375,76.125,0.0,97.625,72.0,70.0,1000.0,200.0,-0.002,0.0,77.313,77.125,0.009,74.563,75.438,73.938,76.25,0.0,53.938,72.0,70.0,1000.0,200.0,-0.001,0.0,77.0,76.625,0.017,73.188,75.25,73.375,74.875,0.0,44.469,72.0,70.0,1000.0,200.0,0.0,0.0,75.438,75.125,-0.004,0.0,0.0,0.0,0.0,0.0,0.0,0.0,0.0,0.0,0.0,0.0,0.0,0.0,0.0,0.0,0.0,0.015,0.031,0.011,0.034,0.0,0.0,0.0,0.0,0.0,0.0,0.0,0.0,0.0,0.0,0.0,0.0,0.0,0.0,0.0,0.0,0.147,-0.149,0.0,0.0,0.001,0.001,-0.148,0.001,-0.048,0.011,0.0,0.0,0.034,0.035,-0.01,0.0,0.001,-0.0
9072007,521,0.0,1.0,1.0,1.0,100.0,0.0,0.0,0.0,0.0,0.0,0.0,33.968,35.139,0.012,0.02,0.0,80.0,55.0,1.4,16.406,2.248,2.228,-1.182,71.831,72.058,73.758,70.512,68.818,0.0,0.036,0.087,20.0,20.0,76.569,49.096,0.0,73.325,73.869,73.259,76.657,64.278,69.078,66.878,-10.828,52.938,85.313,71.813,71.75,71.5,71.75,0.0,0.0,72.0,70.0,1000.0,200.0,0.0,16.625,73.375,72.063,-0.052,74.125,75.0,73.375,76.0,0.0,97.625,72.0,70.0,1000.0,200.0,-0.002,0.0,77.313,77.0,0.009,74.563,75.5,73.938,76.25,0.0,53.938,72.0,70.0,1000.0,200.0,-0.001,0.0,77.0,76.625,0.017,73.25,75.25,73.375,74.875,0.0,44.469,72.0,70.0,1000.0,200.0,0.0,0.0,75.438,75.125,-0.004,0.0,0.0,0.0,0.0,0.0,0.0,0.0,0.0,0.0,0.0,0.0,0.0,0.0,0.0,0.0,0.0,0.015,0.031,0.011,0.034,0.0,0.0,0.0,0.0,0.0,0.0,0.0,0.0,0.0,0.0,0.0,0.0,0.0,0.0,0.0,0.0,0.147,-0.149,0.0,0.0,0.149,0.149,-0.148,0.149,-0.055,0.011,0.0,0.0,0.034,0.035,-0.01,0.0,0.001,-0.0
9072007,522,0.0,1.0,1.0,1.0,100.0,0.0,0.0,0.0,0.0,0.0,0.0,33.968,35.139,0.012,0.02,0.0,80.0,55.0,1.4,16.406,2.248,2.228,-1.017,71.831,71.846,73.443,70.195,68.818,0.0,0.04,0.087,20.0,20.0,76.401,49.096,0.0,73.218,73.943,73.259,76.657,64.351,69.182,66.805,-10.82,52.938,85.313,71.813,71.75,71.25,71.75,0.0,0.0,72.0,70.0,1000.0,200.0,0.0,16.266,73.375,72.188,-0.052,74.063,75.25,73.375,76.0,0.0,97.625,72.0,70.0,1000.0,200.0,-0.002,0.0,77.313,77.125,0.009,74.563,75.438,73.938,76.25,0.0,53.938,72.0,70.0,1000.0,200.0,-0.001,0.0,77.0,76.625,0.017,73.188,75.313,73.375,74.875,0.0,44.469,72.0,70.0,1000.0,200.0,0.0,0.0,75.438,75.125,-0.004,0.0,0.0,0.0,0.0,0.0,0.0,0.0,0.0,0.0,0.0,0.0,0.0,0.0,0.0,0.0,0.0,0.015,0.031,0.011,0.034,0.0,0.0,0.0,0.0,0.0,0.0,0.0,0.0,0.0,0.0,0.0,0.0,0.0,0.0,0.0,0.0,0.0,-0.001,-0.148,0.0,0.149,0.001,-0.148,0.149,-0.048,0.01,0.0,0.0,0.034,0.035,-0.009,0.0,0.001,-0.0
9072007,523,0.0,1.0,1.0,1.0,100.0,0.0,0.0,0.0,0.0,0.0,0.0,33.968,35.139,0.012,0.02,0.0,80.0,55.0,1.4,16.5,2.248,2.228,0.427,71.831,71.952,73.548,70.301,68.818,0.0,0.036,0.087,20.0,20.0,76.457,49.096,0.0,73.218,73.869,73.259,76.657,64.351,69.287,66.878,-10.82,52.938,85.313,71.813,71.75,71.25,71.75,0.0,0.0,72.0,70.0,1000.0,200.0,0.0,16.109,73.375,72.063,-0.052,74.063,75.25,73.375,76.0,0.0,97.625,72.0,70.0,1000.0,200.0,-0.002,0.0,77.313,77.0,0.009,74.563,75.438,73.938,76.25,0.0,53.938,72.0,70.0,1000.0,200.0,-0.001,0.0,77.0,76.688,0.017,73.188,75.313,73.375,74.875,0.0,44.469,72.0,70.0,1000.0,200.0,0.0,0.0,75.438,75.125,-0.004,0.0,0.0,0.0,0.0,0.0,0.0,0.0,0.0,0.0,0.0,0.0,0.0,0.0,0.0,0.0,0.0,0.015,0.031,0.011,0.034,0.0,0.0,0.0,0.0,0.0,0.0,0.0,0.0,0.0,0.0,0.0,0.0,0.0,0.0,0.0,0.0,0.147,-0.149,0.0,0.0,0.149,0.001,0.0,0.001,-0.055,0.01,0.0,0.0,0.034,0.035,-0.01,0.0,0.001,-0.0
9072007,524,0.0,1.0,1.0,1.0,100.0,0.0,0.0,0.0,0.0,0.0,0.0,33.968,35.139,0.012,0.02,0.0,80.0,55.0,1.4,15.992,2.248,3.993,0.289,71.831,71.846,73.548,70.301,68.818,0.0,0.036,0.087,20.0,20.0,76.682,49.04,0.0,73.325,73.943,73.152,76.657,64.351,69.078,66.951,-10.82,52.938,85.313,71.75,71.75,71.25,71.75,0.0,0.0,72.0,70.0,1000.0,200.0,0.0,15.977,73.375,72.063,-0.052,74.125,75.25,73.375,76.125,0.0,97.625,72.0,70.0,1000.0,200.0,-0.002,0.0,77.313,77.0,0.009,74.563,75.438,73.938,76.25,0.0,53.938,72.0,70.0,1000.0,200.0,-0.001,0.0,77.0,76.625,0.017,73.188,75.313,73.375,74.875,0.0,44.469,72.0,70.0,1000.0,200.0,0.0,0.0,75.438,75.125,-0.004,0.0,0.0,0.0,0.0,0.0,0.0,0.0,0.0,0.0,0.0,0.0,0.0,0.0,0.0,0.0,0.0,0.015,0.031,0.011,0.032,0.0,0.0,0.0,0.0,0.0,0.0,0.0,0.0,0.0,0.0,0.0,0.0,0.0,0.0,0.0,0.0,0.147,-0.149,0.0,0.0,0.149,0.001,-0.148,0.001,-0.041,0.011,0.0,0.0,0.034,0.035,-0.01,0.0,0.001,-0.0
9072007,525,0.0,1.0,1.0,1.0,100.0,0.0,0.0,0.0,0.0,0.0,0.0,33.968,35.139,0.012,0.02,0.0,80.0,55.0,1.4,15.992,2.248,0.462,-0.881,71.831,71.846,73.548,70.301,68.818,0.0,0.036,0.083,20.0,20.0,76.149,49.04,0.0,73.218,74.017,73.259,76.657,64.424,69.287,66.951,-10.82,52.938,85.313,71.813,71.75,71.25,71.688,0.0,0.0,72.0,70.0,1000.0,200.0,0.0,15.961,73.5,72.063,-0.052,74.063,75.25,73.375,76.125,0.0,97.625,72.0,70.0,1000.0,200.0,-0.002,0.0,77.313,77.125,0.009,74.563,75.188,73.938,76.25,0.0,53.938,72.0,70.0,1000.0,200.0,-0.001,0.0,77.0,76.625,0.017,73.25,75.313,73.375,74.875,0.0,44.469,72.0,70.0,1000.0,200.0,0.0,0.0,75.438,75.125,-0.004,0.0,0.0,0.0,0.0,0.0,0.0,0.0,0.0,0.0,0.0,0.0,0.0,0.0,0.0,0.0,0.0,0.015,0.031,0.011,0.032,0.0,0.0,0.0,0.0,0.0,0.0,0.0,0.0,0.0,0.0,0.0,0.0,0.0,0.0,0.0,0.0,0.0,-0.149,0.0,0.0,0.001,0.149,-0.148,0.149,-0.042,0.01,0.0,0.0,0.034,0.035,-0.011,0.0,0.001,-0.0
9072007,526,0.0,1.0,1.0,1.0,100.0,0.0,0.0,0.0,0.0,0.0,0.0,33.968,35.139,0.012,0.02,0.0,80.0,55.0,1.4,15.766,2.248,0.462,-0.824,71.831,71.952,73.548,70.301,68.818,0.0,0.04,0.083,20.0,20.0,76.065,49.04,0.0,73.218,73.869,73.365,76.583,64.278,69.182,66.951,-10.82,52.969,85.313,71.813,71.75,71.25,71.688,0.0,0.0,72.0,70.0,1000.0,200.0,0.0,16.266,73.375,72.063,-0.052,74.063,75.25,73.375,76.125,0.0,97.625,72.0,70.0,1000.0,200.0,-0.002,0.0,77.313,77.0,0.009,74.5,75.438,73.813,76.25,0.0,53.938,72.0,70.0,1000.0,200.0,-0.001,0.0,77.0,76.625,0.017,73.188,75.313,73.375,74.875,0.0,44.469,72.0,70.0,1000.0,200.0,0.0,0.0,75.438,75.125,-0.004,0.0,0.0,0.0,0.0,0.0,0.0,0.0,0.0,0.0,0.0,0.0,0.0,0.0,0.0,0.0,0.0,0.015,0.031,0.011,0.034,0.0,0.0,0.0,0.0,0.0,0.0,0.0,0.0,0.0,0.0,0.0,0.0,0.0,0.0,0.0,0.0,0.147,-0.149,0.0,0.0,0.149,0.001,0.0,0.001,-0.065,0.011,0.0,0.0,0.034,0.035,-0.01,0.0,0.001,-0.0
9072007,527,0.0,1.0,1.0,1.0,100.0,0.0,0.0,0.0,0.0,0.0,0.0,33.968,35.139,0.012,0.02,0.0,80.0,55.0,1.4,16.609,2.248,2.228,-1.268,72.046,71.846,73.548,70.301,69.032,0.0,0.036,0.087,20.0,20.0,76.541,49.012,0.0,73.433,73.869,73.259,76.583,64.351,69.182,66.951,-10.828,52.969,85.313,71.813,71.75,71.25,71.75,0.0,0.0,72.0,70.0,1000.0,200.0,0.0,16.453,73.5,72.063,-0.052,74.063,75.25,73.375,76.125,0.0,97.625,72.0,70.0,1000.0,200.0,-0.002,0.0,77.438,77.0,0.009,74.563,75.188,73.938,76.25,0.0,53.938,72.0,70.0,1000.0,200.0,-0.001,0.0,77.0,76.625,0.017,73.188,75.313,73.375,74.875,0.0,44.469,72.0,70.0,1000.0,200.0,0.0,0.0,75.438,75.125,-0.004,0.0,0.0,0.0,0.0,0.0,0.0,0.0,0.0,0.0,0.0,0.0,0.0,0.0,0.0,0.0,0.0,0.015,0.032,0.011,0.034,0.0,0.0,0.0,0.0,0.0,0.0,0.0,0.0,0.0,0.0,0.0,0.0,0.0,0.0,0.0,0.0,0.0,-0.001,-0.148,0.0,0.001,0.001,-0.148,0.149,-0.053,0.011,0.0,0.0,0.034,0.035,-0.011,0.001,0.001,-0.0
9072007,528,0.0,1.0,1.0,1.0,100.0,0.0,0.0,0.0,0.0,0.0,0.0,33.968,35.139,0.022,0.02,0.0,80.0,55.0,1.4,16.531,2.248,2.228,0.039,72.046,71.952,73.443,70.301,69.032,0.0,0.036,0.083,20.0,20.0,76.345,48.984,0.0,73.433,74.017,73.152,76.657,64.424,69.287,66.951,-10.82,52.938,85.313,71.813,71.75,71.25,71.75,0.0,0.0,72.0,70.0,1000.0,200.0,0.0,16.172,73.375,72.063,-0.052,74.125,75.25,73.375,76.125,0.0,97.625,72.0,70.0,1000.0,200.0,-0.002,0.0,77.313,77.125,0.009,74.563,75.438,73.938,76.25,0.0,53.938,72.0,70.0,1000.0,200.0,-0.001,0.0,77.0,76.625,0.017,73.188,75.25,73.375,74.875,0.0,44.469,72.0,70.0,1000.0,200.0,0.0,0.0,75.438,75.125,-0.004,0.0,0.0,0.0,0.0,0.0,0.0,0.0,0.0,0.0,0.0,0.0,0.0,0.0,0.0,0.0,0.0,0.015,0.031,0.011,0.034,0.0,0.0,0.0,0.0,0.0,0.0,0.0,0.0,0.0,0.0,0.0,0.0,0.0,0.0,0.0,0.0,0.0,-0.001,-0.148,0.0,0.149,0.001,0.0,0.001,-0.067,0.01,0.0,0.0,0.034,0.035,-0.01,0.0,0.001,-0.0
9072007,529,0.0,1.0,1.0,1.0,100.0,0.0,0.0,0.0,0.0,0.0,0.0,33.968,35.139,0.012,0.02,0.0,80.0,55.0,1.4,15.727,2.248,2.228,-1.01,71.831,71.846,73.443,70.406,68.818,0.0,0.036,0.083,20.0,20.0,76.233,48.984,0.0,73.325,73.943,73.152,76.657,64.424,69.182,66.951,-10.82,52.969,85.313,71.75,71.75,71.25,71.75,0.0,0.0,72.0,70.0,1000.0,200.0,0.0,15.75,73.375,72.063,-0.052,74.063,75.25,73.375,76.0,0.0,97.625,72.0,70.0,1000.0,200.0,-0.002,0.0,77.313,77.0,0.009,74.563,75.438,73.938,76.375,0.0,53.938,72.0,70.0,1000.0,200.0,-0.001,0.0,77.0,76.625,0.017,73.25,75.313,73.188,74.875,0.0,44.469,72.0,70.0,1000.0,200.0,0.0,0.0,75.438,75.125,-0.004,0.0,0.0,0.0,0.0,0.0,0.0,0.0,0.0,0.0,0.0,0.0,0.0,0.0,0.0,0.0,0.0,0.015,0.031,0.011,0.034,0.0,0.0,0.0,0.0,0.0,0.0,0.0,0.0,0.0,0.0,0.0,0.0,0.0,0.0,0.0,0.0,0.0,-0.149,-0.148,0.147,0.149,0.001,-0.148,0.001,-0.041,0.011,0.0,0.0,0.034,0.035,-0.01,0.0,0.001,-0.0
9072007,530,0.0,1.0,1.0,1.0,100.0,0.0,0.0,0.0,0.0,0.0,0.0,33.968,35.139,0.012,0.02,0.0,80.0,55.0,1.4,16.078,2.248,2.228,-0.523,71.831,71.952,73.443,70.301,68.818,0.0,0.036,0.087,20.0,20.0,76.682,49.096,0.0,73.325,73.943,73.259,76.583,64.424,69.287,66.951,-10.828,52.969,85.313,71.813,71.75,71.5,71.75,0.0,0.0,72.0,70.0,1000.0,200.0,0.0,16.078,73.5,72.063,-0.052,74.063,75.25,73.375,76.125,0.0,97.625,72.0,70.0,1000.0,200.0,-0.002,0.0,77.438,77.0,0.009,74.563,75.188,73.813,76.25,0.0,53.938,72.0,70.0,1000.0,200.0,-0.001,0.0,77.0,76.625,0.017,73.188,75.25,73.375,74.875,0.0,44.469,72.0,70.0,1000.0,200.0,0.0,0.0,75.438,75.125,-0.004,0.0,0.0,0.0,0.0,0.0,0.0,0.0,0.0,0.0,0.0,0.0,0.0,0.0,0.0,0.0,0.0,0.015,0.031,0.011,0.032,0.0,0.0,0.0,0.0,0.0,0.0,0.0,0.0,0.0,0.0,0.0,0.0,0.0,0.0,0.0,0.0,0.0,-0.149,-0.148,0.0,0.149,0.001,-0.148,0.149,-0.046,0.01,0.0,0.0,0.034,0.035,-0.011,0.001,0.001,-0.0
9072007,531,0.0,1.0,1.0,1.0,100.0,0.0,0.0,0.0,0.0,0.0,0.0,33.968,35.139,0.012,0.02,0.0,80.0,55.0,1.4,15.969,2.248,2.228,0.153,71.723,71.846,73.443,70.301,68.711,0.0,0.036,0.087,20.0,20.0,76.345,49.04,0.0,73.218,74.017,73.365,76.657,64.498,69.287,67.024,-10.82,52.969,85.313,71.813,71.75,71.25,71.75,0.0,0.0,72.0,70.0,1000.0,200.0,0.0,15.891,73.375,72.063,-0.052,74.125,75.25,73.375,76.0,0.0,97.625,72.0,70.0,1000.0,200.0,-0.002,0.0,77.313,77.125,0.009,74.563,75.438,73.813,76.25,0.0,53.938,72.0,70.0,1000.0,200.0,-0.001,0.0,77.0,76.625,0.017,73.188,75.313,73.375,74.625,0.0,44.469,72.0,70.0,1000.0,200.0,0.0,0.0,75.313,75.125,-0.004,0.0,0.0,0.0,0.0,0.0,0.0,0.0,0.0,0.0,0.0,0.0,0.0,0.0,0.0,0.0,0.0,0.015,0.031,0.011,0.034,0.0,0.0,0.0,0.0,0.0,0.0,0.0,0.0,0.0,0.0,0.0,0.0,0.0,0.0,0.0,0.0,0.0,-0.149,-0.148,0.0,0.149,0.001,-0.148,0.001,-0.049,0.011,0.0,0.0,0.034,0.035,-0.01,0.0,0.001,-0.0
9072007,532,0.0,1.0,1.0,1.0,100.0,0.0,0.0,0.0,0.0,0.0,0.0,33.968,35.139,0.012,0.02,0.0,80.0,55.0,1.4,15.969,2.248,2.228,-1.433,71.831,71.846,73.443,70.301,68.818,0.0,0.036,0.087,20.0,20.0,76.401,49.068,0.0,73.11,73.869,73.259,76.583,64.424,69.182,66.951,-10.82,52.969,85.313,71.813,71.75,71.25,71.75,0.0,0.0,72.0,70.0,1000.0,200.0,0.0,16.188,73.375,72.063,-0.052,74.125,75.25,73.375,76.0,0.0,97.625,72.0,70.0,1000.0,200.0,-0.002,0.0,77.313,77.125,0.009,74.563,75.438,73.938,76.25,0.0,53.938,72.0,70.0,1000.0,200.0,-0.001,0.0,77.0,76.688,0.017,73.188,75.313,73.188,74.938,0.0,44.469,72.0,70.0,1000.0,200.0,0.0,0.0,75.438,75.125,-0.004,0.0,0.0,0.0,0.0,0.0,0.0,0.0,0.0,0.0,0.0,0.0,0.0,0.0,0.0,0.0,0.0,0.015,0.031,0.011,0.034,0.0,0.0,0.0,0.0,0.0,0.0,0.0,0.0,0.0,0.0,0.0,0.0,0.0,0.0,0.0,0.0,0.147,-0.149,0.0,0.0,0.149,0.001,0.0,0.001,-0.053,0.011,0.0,0.0,0.034,0.035,-0.01,0.0,0.001,-0.0
9072007,533,0.0,1.0,1.0,1.0,100.0,0.0,0.0,0.0,0.0,0.0,0.0,33.968,35.139,0.022,0.02,0.0,80.0,55.0,1.4,16.125,2.248,0.462,0.14,71.831,71.952,73.337,70.406,68.818,0.0,0.036,0.087,20.0,20.0,76.513,49.18,0.0,73.218,73.869,73.365,76.657,64.571,69.182,67.024,-10.82,52.969,85.313,71.813,71.75,71.5,71.75,0.0,0.0,72.0,70.0,1000.0,200.0,0.0,15.984,73.375,72.063,-0.052,74.063,75.25,73.375,76.125,0.0,97.625,72.0,70.0,1000.0,200.0,-0.002,0.0,77.313,77.0,0.009,74.563,75.188,73.813,76.25,0.0,53.938,72.0,70.0,1000.0,200.0,-0.001,0.0,77.0,76.625,0.017,73.188,75.313,73.188,74.875,0.0,44.469,72.0,70.0,1000.0,200.0,-0.001,0.0,75.438,75.125,-0.004,0.0,0.0,0.0,0.0,0.0,0.0,0.0,0.0,0.0,0.0,0.0,0.0,0.0,0.0,0.0,0.0,0.015,0.031,0.011,0.034,0.0,0.0,0.0,0.0,0.0,0.0,0.0,0.0,0.0,0.0,0.0,0.0,0.0,0.0,0.0,0.0,0.147,-0.149,0.0,0.147,0.149,0.001,0.0,0.001,-0.122,0.011,0.0,0.0,0.034,0.035,-0.01,0.0,0.001,-0.0
9072007,534,0.0,1.0,1.0,1.0,100.0,0.0,0.0,0.0,0.0,0.0,0.0,33.968,35.139,0.022,0.02,0.0,80.0,55.0,1.4,15.984,2.248,2.228,-0.07,71.831,71.846,73.337,70.406,68.818,0.0,0.036,0.083,20.0,20.0,76.682,49.208,0.0,73.11,73.943,73.365,76.657,64.571,69.287,67.024,-10.82,52.969,85.313,71.813,71.75,71.25,71.75,0.0,0.0,72.0,70.0,1000.0,200.0,0.0,16.0,73.375,72.063,-0.052,74.063,75.25,73.25,76.125,0.0,97.625,72.0,70.0,1000.0,200.0,-0.002,0.0,77.313,77.0,0.009,74.563,75.5,73.938,76.25,0.0,53.938,72.0,70.0,1000.0,200.0,-0.001,0.0,76.813,76.625,0.017,73.188,75.313,73.188,74.938,0.0,44.469,72.0,70.0,1000.0,200.0,-0.001,0.0,75.313,75.125,-0.004,0.0,0.0,0.0,0.0,0.0,0.0,0.0,0.0,0.0,0.0,0.0,0.0,0.0,0.0,0.0,0.0,0.015,0.031,0.011,0.034,0.0,0.0,0.0,0.0,0.0,0.0,0.0,0.0,0.0,0.0,0.0,0.0,0.0,0.0,0.0,0.0,0.147,-0.149,0.0,0.0,0.149,0.001,-0.148,0.001,-0.103,0.01,0.0,0.0,0.034,0.035,-0.01,0.0,0.0,-0.0
9072007,535,0.0,1.0,1.0,1.0,100.0,0.0,0.0,0.0,0.0,0.0,0.0,33.968,35.139,0.022,0.02,0.0,80.0,55.0,1.4,16.109,2.248,2.228,-0.404,71.831,72.164,73.548,70.618,68.818,0.0,0.036,0.083,20.0,20.0,76.121,49.208,0.0,73.218,73.943,73.259,76.657,64.498,69.287,67.024,-10.828,52.969,85.313,71.813,71.75,71.25,71.75,0.0,0.0,72.0,70.0,1000.0,200.0,0.0,15.852,73.375,71.938,-0.052,74.063,75.25,73.25,76.125,0.0,97.625,72.0,70.0,1000.0,200.0,-0.002,0.0,77.25,77.0,0.009,74.563,75.438,73.938,76.25,0.0,53.938,72.0,70.0,1000.0,200.0,-0.001,0.0,76.813,76.625,0.017,73.188,75.313,73.375,74.875,0.0,44.469,72.0,70.0,1000.0,200.0,-0.001,0.0,75.438,75.125,-0.004,0.0,0.0,0.0,0.0,0.0,0.0,0.0,0.0,0.0,0.0,0.0,0.0,0.0,0.0,0.0,0.0,0.017,0.031,0.011,0.034,0.0,0.0,0.0,0.0,0.0,0.0,0.0,0.0,0.0,0.0,0.0,0.0,0.0,0.0,0.0,0.0,0.0,-0.149,-0.148,0.0,0.149,0.149,-0.148,0.149,-0.087,0.011,0.0,0.0,0.034,0.035,-0.011,0.0,0.0,-0.0
9072007,536,0.0,1.0,1.0,1.0,100.0,0.0,0.0,0.0,0.0,0.0,0.0,33.968,35.139,0.012,0.034,0.0,80.0,55.0,1.4,16.094,2.248,2.228,-0.263,71.831,71.952,73.337,70.301,68.818,0.0,0.036,0.083,20.0,20.0,76.317,49.236,0.0,73.218,73.869,73.259,76.583,64.571,69.287,67.096,-10.82,52.969,85.313,71.813,71.875,71.25,71.938,0.0,0.0,72.0,70.0,1000.0,200.0,0.0,16.078,73.5,72.063,-0.052,74.125,75.0,73.375,76.0,0.0,97.625,72.0,70.0,1000.0,200.0,-0.002,0.0,77.313,77.0,0.009,74.563,75.438,73.938,76.25,0.0,53.938,72.0,70.0,1000.0,200.0,-0.001,0.0,76.688,76.625,0.017,73.188,75.313,73.375,74.875,0.0,44.469,72.0,70.0,1000.0,200.0,-0.001,0.0,75.438,75.125,-0.004,0.0,0.0,0.0,0.0,0.0,0.0,0.0,0.0,0.0,0.0,0.0,0.0,0.0,0.0,0.0,0.0,0.015,0.031,0.011,0.032,0.0,0.0,0.0,0.0,0.0,0.0,0.0,0.0,0.0,0.0,0.0,0.0,0.0,0.0,0.0,0.0,0.147,-0.223,0.0,0.0,0.149,0.001,0.0,0.001,-0.053,0.018,0.0,0.0,0.034,0.035,-0.011,0.0,0.0,-0.0
9072007,537,0.0,1.0,1.0,1.0,100.0,0.0,0.0,0.0,0.0,0.0,0.0,33.968,35.139,0.012,0.02,0.0,80.0,55.0,1.4,15.898,2.248,2.228,-0.406,72.046,72.164,73.548,70.301,69.032,0.0,0.036,0.087,20.0,20.0,76.597,49.292,0.0,73.433,73.943,73.259,76.583,64.571,69.287,67.096,-10.82,52.938,85.313,71.813,71.75,71.25,71.688,0.0,0.0,72.0,70.0,1000.0,200.0,0.0,15.797,73.375,72.063,-0.052,74.063,75.25,73.375,76.125,0.0,97.625,72.0,70.0,1000.0,200.0,-0.002,0.0,77.313,77.0,0.009,74.563,75.438,73.938,76.25,0.0,53.938,72.0,70.0,1000.0,200.0,-0.001,0.0,76.813,76.625,0.017,73.188,75.313,73.375,74.875,0.0,44.469,72.0,70.0,1000.0,200.0,-0.001,0.0,75.438,75.125,-0.004,0.0,0.0,0.0,0.0,0.0,0.0,0.0,0.0,0.0,0.0,0.0,0.0,0.0,0.0,0.0,0.0,0.017,0.031,0.011,0.034,0.0,0.0,0.0,0.0,0.0,0.0,0.0,0.0,0.0,0.0,0.0,0.0,0.0,0.0,0.0,0.0,0.0,-0.149,0.0,0.0,0.001,0.149,-0.148,0.001,-0.046,0.011,0.0,0.0,0.034,0.035,-0.01,0.0,0.0,-0.0
9072007,538,0.0,1.0,1.0,1.0,100.0,0.0,0.0,0.0,0.0,0.0,0.0,35.139,35.139,0.012,0.02,0.0,80.0,55.0,1.4,15.625,2.248,2.228,-2.322,71.831,71.952,73.337,70.406,68.818,0.0,0.036,0.087,20.0,20.0,76.233,49.348,0.0,73.218,73.943,73.259,76.657,64.571,69.287,67.096,-10.82,52.938,85.313,71.813,71.75,71.5,71.75,0.0,0.0,72.0,70.0,1000.0,200.0,0.0,15.477,73.5,72.063,-0.052,74.125,75.25,73.375,76.0,0.0,97.625,72.0,70.0,1000.0,200.0,-0.002,0.0,77.313,76.938,0.009,74.563,75.188,73.938,76.25,0.0,53.938,72.0,70.0,1000.0,200.0,-0.001,0.0,76.813,76.625,0.017,73.25,75.313,73.375,74.875,0.0,44.469,72.0,70.0,1000.0,200.0,0.0,0.0,75.438,75.125,-0.004,0.0,0.0,0.0,0.0,0.0,0.0,0.0,0.0,0.0,0.0,0.0,0.0,0.0,0.0,0.0,0.0,0.015,0.031,0.011,0.034,0.0,0.0,0.0,0.0,0.0,0.0,0.0,0.0,0.0,0.0,0.0,0.0,0.0,0.0,0.0,0.0,0.0,-0.149,0.0,0.0,0.149,0.001,0.0,0.001,-0.048,0.011,0.0,0.0,0.035,0.035,-0.011,0.0,0.0,-0.0
9072007,539,0.0,1.0,1.0,1.0,100.0,0.0,0.0,0.0,0.0,0.0,0.0,33.968,35.139,0.022,0.02,0.0,80.0,55.0,1.4,15.625,2.248,0.462,-1.105,71.938,71.846,73.337,70.301,68.925,0.0,0.036,0.087,20.0,20.0,76.289,49.32,0.0,73.325,73.943,73.259,76.583,64.571,69.287,67.096,-10.82,52.938,85.313,71.813,71.75,71.25,71.75,0.0,0.0,72.0,70.0,1000.0,200.0,0.0,16.141,73.5,72.063,-0.052,74.125,75.0,73.375,76.0,0.0,97.625,72.0,70.0,1000.0,200.0,-0.002,0.0,77.25,77.0,0.009,74.563,75.438,74.063,76.25,0.0,53.938,72.0,70.0,1000.0,200.0,-0.001,0.0,77.0,76.625,0.017,73.188,75.313,73.375,74.875,0.0,44.469,72.0,70.0,1000.0,200.0,0.0,0.0,75.438,75.125,-0.004,0.0,0.0,0.0,0.0,0.0,0.0,0.0,0.0,0.0,0.0,0.0,0.0,0.0,0.0,0.0,0.0,0.015,0.031,0.011,0.034,0.0,0.0,0.0,0.0,0.0,0.0,0.0,0.0,0.0,0.0,0.0,0.0,0.0,0.0,0.0,0.0,0.147,-0.149,-0.148,0.0,0.149,0.001,0.0,0.001,-0.085,0.011,0.0,0.0,0.034,0.035,-0.011,0.0,0.001,-0.0
9072007,540,0.0,1.0,1.0,1.0,100.0,0.0,0.0,0.0,0.0,0.0,0.0,33.968,35.139,0.012,0.02,0.0,80.0,55.0,1.4,16.172,2.248,2.228,0.424,71.831,71.952,73.232,70.406,68.818,0.0,0.036,0.087,20.0,20.0,76.682,49.348,0.0,73.218,73.943,73.259,76.657,64.571,69.287,67.096,-10.82,52.938,85.25,71.75,71.875,71.25,71.75,0.0,0.0,72.0,70.0,1000.0,200.0,0.0,15.625,73.5,72.063,-0.052,74.063,75.0,73.25,76.0,0.0,97.625,72.0,70.0,1000.0,200.0,-0.002,0.0,77.313,77.0,0.009,74.5,75.438,73.938,76.25,0.0,53.938,72.0,70.0,1000.0,200.0,-0.001,0.0,77.0,76.625,0.017,73.188,75.438,73.375,74.875,0.0,44.469,72.0,70.0,1000.0,200.0,0.0,0.0,75.438,75.125,-0.004,0.0,0.0,0.0,0.0,0.0,0.0,0.0,0.0,0.0,0.0,0.0,0.0,0.0,0.0,0.0,0.0,0.015,0.031,0.011,0.034,0.0,0.0,0.0,0.0,0.0,0.0,0.0,0.0,0.0,0.0,0.0,0.0,0.0,0.0,0.0,0.0,0.147,-0.149,0.0,0.147,0.149,0.001,-0.148,0.149,-0.048,0.011,0.0,0.0,0.034,0.035,-0.011,0.0,0.001,-0.0
9072007,541,0.0,1.0,1.0,1.0,100.0,0.0,0.0,0.0,0.0,0.0,0.0,33.968,35.139,0.012,0.02,0.0,80.0,55.0,1.4,15.609,2.248,2.228,-1.398,71.831,71.952,73.337,70.301,68.818,0.0,0.036,0.087,20.0,20.0,76.121,49.348,0.0,73.218,73.943,73.365,76.657,64.644,69.391,67.169,-10.82,52.938,85.313,71.75,71.75,71.5,71.75,0.0,0.0,72.0,70.0,1000.0,200.0,0.0,15.852,73.375,72.063,-0.052,74.063,75.25,73.375,76.125,0.0,97.625,72.0,70.0,1000.0,200.0,-0.002,0.0,77.313,77.0,0.009,74.625,75.438,73.938,76.25,0.0,53.938,72.0,70.0,1000.0,200.0,-0.001,0.0,76.813,76.625,0.017,73.188,75.313,73.188,74.875,0.0,44.469,72.0,70.0,1000.0,200.0,0.0,0.0,75.313,75.125,-0.004,0.0,0.0,0.0,0.0,0.0,0.0,0.0,0.0,0.0,0.0,0.0,0.0,0.0,0.0,0.0,0.0,0.015,0.031,0.011,0.034,0.0,0.0,0.0,0.0,0.0,0.0,0.0,0.0,0.0,0.0,0.0,0.0,0.0,0.0,0.0,0.0,0.147,-0.149,0.0,0.0,0.001,0.149,-0.148,0.149,-0.056,0.011,0.0,0.0,0.034,0.035,-0.01,0.0,0.0,-0.0
9072007,542,0.0,1.0,1.0,1.0,100.0,0.0,0.0,0.0,0.0,0.0,0.0,35.139,35.139,0.012,0.02,0.0,80.0,55.0,1.4,15.813,2.248,2.228,-0.576,71.831,71.846,73.232,70.301,68.711,0.0,0.04,0.087,20.0,20.0,76.457,49.432,0.0,73.218,73.943,73.259,76.583,64.644,69.391,67.169,-10.828,52.906,85.25,71.813,71.75,71.5,71.75,0.0,0.0,72.0,70.0,1000.0,200.0,0.0,16.109,73.5,72.063,-0.052,74.125,75.0,73.25,76.0,0.0,97.625,72.0,70.0,1000.0,200.0,-0.002,0.0,77.313,77.0,0.009,74.563,75.438,73.813,76.25,0.0,53.938,72.0,70.0,1000.0,200.0,-0.001,0.0,77.0,76.625,0.017,73.188,75.313,73.188,74.875,0.0,44.469,72.0,70.0,1000.0,200.0,-0.001,0.0,75.438,75.125,-0.004,0.0,0.0,0.0,0.0,0.0,0.0,0.0,0.0,0.0,0.0,0.0,0.0,0.0,0.0,0.0,0.0,0.017,0.031,0.011,0.034,0.0,0.0,0.0,0.0,0.0,0.0,0.0,0.0,0.0,0.0,0.0,0.0,0.0,0.0,0.0,0.0,0.147,-0.149,0.0,0.0,0.149,0.001,0.0,0.001,-0.046,0.011,0.0,0.0,0.035,0.035,-0.011,0.0,0.001,-0.0
9072007,543,0.0,1.0,1.0,1.0,100.0,0.0,0.0,0.0,0.0,0.0,0.0,35.139,35.139,0.012,0.02,0.0,80.0,55.0,1.4,16.094,2.248,2.228,-1.439,71.831,71.846,73.232,70.618,68.818,0.0,0.036,0.087,20.0,20.0,76.71,49.432,0.0,73.11,73.943,73.259,76.657,64.644,69.391,67.169,-10.82,52.938,85.313,71.813,71.75,71.5,71.75,0.0,0.0,72.0,70.0,1000.0,200.0,0.0,16.266,73.375,72.063,-0.052,74.063,75.0,73.375,76.125,0.0,97.625,72.0,70.0,1000.0,200.0,-0.002,0.0,77.313,77.0,0.009,74.563,75.438,74.063,76.375,0.0,53.938,72.0,70.0,1000.0,200.0,-0.001,0.0,76.813,76.625,0.017,73.188,75.313,73.375,74.875,0.0,44.469,72.0,70.0,1000.0,200.0,-0.001,0.0,75.438,75.125,-0.004,0.0,0.0,0.0,0.0,0.0,0.0,0.0,0.0,0.0,0.0,0.0,0.0,0.0,0.0,0.0,0.0,0.017,0.031,0.011,0.032,0.0,0.0,0.0,0.0,0.0,0.0,0.0,0.0,0.0,0.0,0.0,0.0,0.0,0.0,0.0,0.0,0.147,-0.149,0.0,0.0,0.149,0.001,-0.148,0.001,-0.048,0.011,0.0,0.0,0.035,0.035,-0.01,0.0,0.0,-0.0
9072007,544,0.0,1.0,1.0,1.0,100.0,0.0,0.0,0.0,0.0,0.0,0.0,33.968,35.139,0.012,0.02,0.0,80.0,55.0,1.4,15.945,2.248,2.228,-0.823,71.831,72.058,73.443,70.618,68.818,0.0,0.036,0.087,20.0,20.0,76.373,49.488,0.0,73.218,73.943,73.365,76.657,64.717,69.287,67.169,-10.82,52.906,85.25,71.75,71.75,71.25,71.75,0.0,0.0,72.0,70.0,1000.0,200.0,0.0,16.375,73.375,72.063,-0.052,74.063,75.0,73.375,76.125,0.0,97.625,72.0,70.0,1000.0,200.0,-0.002,0.0,77.313,77.0,0.009,74.563,75.438,73.938,76.25,0.0,53.938,72.0,70.0,1000.0,200.0,-0.001,0.0,77.0,76.625,0.017,73.188,75.438,73.375,74.875,0.0,44.469,72.0,70.0,1000.0,200.0,-0.001,0.0,75.438,75.0,-0.004,0.0,0.0,0.0,0.0,0.0,0.0,0.0,0.0,0.0,0.0,0.0,0.0,0.0,0.0,0.0,0.0,0.015,0.032,0.011,0.032,0.0,0.0,0.0,0.0,0.0,0.0,0.0,0.0,0.0,0.0,0.0,0.0,0.0,0.0,0.0,0.0,0.147,-0.149,0.0,-0.074,0.001,0.149,-0.148,0.149,-0.056,0.011,0.0,0.0,0.034,0.035,-0.01,0.0,0.001,-0.0
9072007,545,0.0,1.0,1.0,1.0,100.0,0.0,0.0,0.0,0.0,0.0,0.0,33.968,35.139,0.022,0.02,0.0,80.0,55.0,1.4,16.109,2.248,2.228,-1.037,71.831,71.846,73.232,70.301,68.818,0.0,0.036,0.087,20.0,20.0,77.074,49.825,0.0,73.218,73.943,73.152,76.583,64.791,69.391,67.169,-10.82,52.906,85.25,71.813,71.75,71.5,71.688,0.0,0.0,72.0,70.0,1000.0,200.0,0.0,15.938,73.375,71.938,-0.052,74.063,75.0,73.375,76.0,0.0,97.625,72.0,70.0,1000.0,200.0,-0.002,0.0,77.313,77.0,0.009,74.563,75.438,73.938,76.25,0.0,53.938,72.0,70.0,1000.0,200.0,-0.001,0.0,77.0,76.625,0.017,73.188,75.313,73.188,74.875,0.0,44.469,72.0,70.0,1000.0,200.0,-0.001,0.0,75.438,75.125,-0.004,0.0,0.0,0.0,0.0,0.0,0.0,0.0,0.0,0.0,0.0,0.0,0.0,0.0,0.0,0.0,0.0,0.015,0.032,0.011,0.032,0.0,0.0,0.0,0.0,0.0,0.0,0.0,0.0,0.0,0.0,0.0,0.0,0.0,0.0,0.0,0.0,0.147,-0.149,0.0,0.0,0.149,0.001,-0.148,0.001,-0.073,0.01,0.0,0.0,0.034,0.035,-0.011,0.0,0.001,-0.0
9072007,546,0.0,1.0,1.0,1.0,100.0,0.0,0.0,0.0,0.0,0.0,0.0,33.968,35.139,0.022,1.851,0.0,80.0,55.0,1.4,16.0,2.248,2.228,-0.088,71.831,71.846,73.337,70.301,68.818,0.0,0.036,0.083,20.0,20.0,77.299,49.685,0.0,73.218,73.795,73.152,76.583,64.791,69.391,67.242,-10.828,52.906,85.313,71.813,71.75,71.25,71.688,0.0,0.0,72.0,70.0,1000.0,200.0,0.0,16.0,73.375,72.063,-0.052,74.125,75.0,73.25,76.0,0.0,97.625,72.0,70.0,1000.0,200.0,-0.002,0.0,77.313,77.0,0.009,74.563,75.438,73.813,76.25,0.0,53.938,72.0,70.0,1000.0,200.0,-0.001,0.0,77.0,76.625,0.017,73.188,75.313,73.375,74.875,0.0,44.469,72.0,70.0,1000.0,200.0,-0.001,0.0,75.313,75.125,-0.004,0.0,0.0,0.0,0.0,0.0,0.0,0.0,0.0,0.0,0.0,0.0,0.0,0.0,0.0,0.0,0.0,0.015,0.032,0.011,0.034,0.0,0.0,0.0,0.0,0.0,0.0,0.0,0.0,0.0,0.0,0.0,0.0,0.0,0.0,0.0,0.0,0.147,-0.149,0.0,0.0,0.149,0.149,0.0,0.001,-0.095,0.986,0.0,0.0,0.034,0.035,-0.01,0.0,0.001,-0.0
9072007,547,0.0,1.0,1.0,1.0,100.0,0.0,0.0,0.0,0.0,0.0,0.0,33.968,35.139,0.022,10.634,0.0,80.0,55.0,1.4,16.281,2.248,2.228,0.322,71.831,71.846,73.232,70.301,68.818,0.0,0.036,0.087,20.0,20.0,77.074,49.601,0.0,73.218,73.869,73.259,76.583,66.842,69.287,64.183,-10.82,52.938,85.25,71.813,71.75,71.25,71.75,0.0,0.0,72.0,70.0,1000.0,200.0,0.0,16.281,73.375,72.188,-0.052,74.125,75.0,73.25,76.0,0.0,97.625,72.0,70.0,1000.0,200.0,-0.002,0.0,77.438,77.0,0.009,74.563,75.188,73.938,76.25,0.0,53.938,72.0,70.0,1000.0,200.0,-0.001,0.0,76.813,76.625,0.017,73.188,75.438,73.375,74.875,0.0,44.469,72.0,70.0,1000.0,200.0,-0.001,0.0,75.313,75.125,-0.004,0.0,0.0,0.0,0.0,0.0,0.0,0.0,0.0,0.0,0.0,0.0,0.0,0.0,0.0,0.0,0.0,0.015,0.031,0.011,0.034,0.0,0.0,0.0,0.0,0.0,0.0,0.0,0.0,0.0,0.0,0.0,0.0,0.0,0.0,0.0,0.0,0.147,-0.149,0.0,0.0,0.149,0.001,-0.148,0.149,-0.098,-11.565,0.0,0.0,0.034,0.035,-0.009,0.001,0.0,-0.0
9072007,548,0.0,1.0,1.0,1.0,100.0,0.0,0.0,0.0,0.0,0.0,0.0,32.796,35.139,0.012,11.539,0.0,80.0,55.0,1.4,16.406,2.248,3.993,-0.118,71.831,71.952,73.337,70.406,68.818,0.0,0.036,0.087,20.0,20.0,76.738,49.46,0.0,73.218,73.943,73.152,76.583,34.532,69.496,36.725,-10.82,52.906,85.25,71.813,71.75,71.5,71.75,0.0,0.0,72.0,70.0,1000.0,200.0,0.0,16.344,73.5,72.063,-0.052,74.063,75.0,73.375,76.0,0.0,97.625,72.0,70.0,1000.0,200.0,-0.002,0.0,77.313,77.0,0.009,74.563,75.438,73.938,76.25,0.0,53.938,72.0,70.0,1000.0,200.0,-0.001,0.0,77.0,76.625,0.017,73.188,75.313,73.375,74.875,0.0,44.469,72.0,70.0,1000.0,200.0,0.0,0.0,75.438,75.125,-0.004,0.0,0.0,0.0,0.0,0.0,0.0,0.0,0.0,0.0,0.0,0.0,0.0,0.0,0.0,0.0,0.0,0.015,0.031,0.011,0.032,0.0,0.0,0.0,0.0,0.0,0.0,0.0,0.0,0.0,0.0,0.0,0.0,0.0,0.0,0.0,0.0,0.147,-0.149,-0.148,0.0,0.001,0.149,-0.148,0.149,-0.04,0.724,0.0,0.0,0.033,0.035,-0.011,0.0,0.001,-0.0
9072007,549,0.0,1.0,1.0,1.0,100.0,0.0,0.0,0.0,0.0,0.0,0.0,32.796,35.139,0.012,11.852,0.0,80.0,55.0,1.4,16.406,2.248,3.993,-0.508,71.831,71.846,73.337,70.301,68.818,0.0,0.036,0.087,20.0,20.0,76.513,49.545,0.0,73.218,73.795,73.259,76.509,32.554,69.391,33.374,-10.82,52.938,85.313,71.813,71.75,71.25,71.75,0.0,0.0,72.0,70.0,1000.0,200.0,0.0,16.328,73.375,72.063,-0.052,74.063,75.25,73.375,76.0,0.0,97.625,72.0,70.0,1000.0,200.0,-0.002,0.0,77.313,77.0,0.009,74.5,75.438,73.938,76.25,0.0,53.938,72.0,70.0,1000.0,200.0,-0.001,0.0,76.813,76.625,0.017,73.188,75.313,73.375,74.875,0.0,44.469,72.0,70.0,1000.0,200.0,0.0,0.0,75.438,75.125,-0.004,0.0,0.0,0.0,0.0,0.0,0.0,0.0,0.0,0.0,0.0,0.0,0.0,0.0,0.0,0.0,0.0,0.015,0.031,0.011,0.034,0.0,0.0,0.0,0.0,0.0,0.0,0.0,0.0,0.0,0.0,0.0,0.0,0.0,0.0,0.0,0.0,0.0,-0.149,0.0,0.0,0.149,0.001,0.0,0.001,-0.061,0.264,0.0,0.0,0.033,0.035,-0.01,0.0,0.0,-0.0
9072007,550,0.0,1.0,1.0,1.0,100.0,0.0,0.0,0.0,0.0,0.0,0.0,33.968,33.968,0.022,11.703,0.0,80.0,55.0,1.4,16.141,2.248,2.228,-0.525,72.046,71.952,73.443,70.406,69.032,0.0,0.036,0.087,20.0,20.0,76.401,49.488,0.0,73.433,73.869,73.259,76.583,32.115,69.391,32.792,-10.82,52.938,85.313,71.813,71.75,71.5,71.75,0.0,0.0,72.0,70.0,1000.0,200.0,0.0,15.656,73.5,72.063,-0.052,74.063,75.25,73.25,76.125,0.0,97.625,72.0,70.0,1000.0,200.0,-0.002,0.0,77.313,77.0,0.009,74.563,75.438,73.938,76.25,0.0,53.938,72.0,70.0,1000.0,200.0,-0.001,0.0,77.0,76.625,0.017,73.188,75.25,73.375,74.875,0.0,44.469,72.0,70.0,1000.0,200.0,-0.001,0.0,75.438,75.125,-0.004,0.0,0.0,0.0,0.0,0.0,0.0,0.0,0.0,0.0,0.0,0.0,0.0,0.0,0.0,0.0,0.0,0.015,0.031,0.011,0.034,0.0,0.0,0.0,0.0,0.0,0.0,0.0,0.0,0.0,0.0,0.0,0.0,0.0,0.0,0.0,0.0,0.0,-0.149,0.0,0.0,0.001,0.149,-0.148,0.149,-0.098,0.213,0.0,0.0,0.034,0.034,-0.011,0.0,0.001,-0.0
9072007,551,0.0,1.0,1.0,1.0,100.0,0.0,0.0,0.0,0.0,0.0,0.0,33.968,35.139,0.022,11.628,0.0,80.0,55.0,1.4,15.867,2.248,3.993,-0.068,71.831,71.952,73.443,70.406,68.818,0.0,0.036,0.083,20.0,20.0,76.261,49.32,0.0,73.218,73.869,73.259,76.657,32.188,69.391,32.719,-10.82,52.938,85.313,71.75,71.75,71.5,71.75,0.0,0.0,72.0,70.0,1000.0,200.0,0.0,16.047,73.375,72.063,-0.052,74.063,75.25,73.375,76.0,0.0,97.625,72.0,70.0,1000.0,200.0,-0.002,0.0,77.313,77.0,0.009,74.563,75.438,73.938,76.25,0.0,53.938,72.0,70.0,1000.0,200.0,-0.001,0.0,76.813,76.625,0.017,73.188,75.25,73.375,74.875,0.0,44.469,72.0,70.0,1000.0,200.0,-0.001,0.0,75.313,75.125,-0.004,0.0,0.0,0.0,0.0,0.0,0.0,0.0,0.0,0.0,0.0,0.0,0.0,0.0,0.0,0.0,0.0,0.015,0.031,0.011,0.034,0.0,0.0,0.0,0.0,0.0,0.0,0.0,0.0,0.0,0.0,0.0,0.0,0.0,0.0,0.0,0.0,0.147,-0.149,0.0,0.0,0.149,0.001,-0.148,0.001,-0.101,0.166,0.0,0.0,0.034,0.035,-0.01,0.0,0.0,-0.0
9072007,552,0.0,1.0,1.0,1.0,100.0,0.0,0.0,0.0,0.0,0.0,0.0,33.968,35.139,0.012,11.405,0.0,80.0,55.0,1.4,15.758,2.248,2.228,0.143,71.831,71.952,73.443,70.301,68.818,0.0,0.036,0.083,20.0,20.0,76.682,49.236,0.0,73.11,73.869,73.259,76.657,33.14,69.078,33.447,-10.82,52.938,85.313,71.813,71.75,71.25,71.688,0.0,0.0,72.0,70.0,1000.0,200.0,0.0,16.297,73.375,72.063,-0.052,74.063,75.25,73.375,76.125,0.0,97.625,72.0,70.0,1000.0,200.0,-0.002,0.0,77.313,76.938,0.009,74.563,75.438,73.813,76.25,0.0,53.938,72.0,70.0,1000.0,200.0,-0.001,0.0,76.813,76.625,0.017,73.188,75.313,73.375,74.875,0.0,44.469,72.0,70.0,1000.0,200.0,-0.001,0.0,75.438,75.125,-0.004,0.0,0.0,0.0,0.0,0.0,0.0,0.0,0.0,0.0,0.0,0.0,0.0,0.0,0.0,0.0,0.0,0.015,0.031,0.011,0.034,0.0,0.0,0.0,0.0,0.0,0.0,0.0,0.0,0.0,0.0,0.0,0.0,0.0,0.0,0.0,0.0,0.0,-0.149,-0.148,0.0,0.149,0.149,-0.148,0.001,-0.055,0.097,0.0,0.0,0.034,0.035,-0.01,0.0,0.0,-0.0
9072007,553,0.0,1.0,1.0,1.0,100.0,0.0,0.0,0.0,0.0,0.0,0.0,33.968,33.968,0.022,11.45,0.0,80.0,55.0,1.4,16.141,2.248,2.228,-0.524,71.831,72.164,73.758,70.618,68.818,0.0,0.036,0.087,20.0,20.0,76.654,49.152,0.0,73.218,73.943,73.259,76.657,34.386,68.764,34.831,-10.82,52.938,85.313,71.75,71.75,71.25,71.75,0.0,0.0,72.0,70.0,1000.0,200.0,0.0,15.953,73.375,72.063,-0.052,74.125,75.25,73.375,76.125,0.0,97.625,72.0,70.0,1000.0,200.0,-0.002,0.0,77.313,77.0,0.009,74.563,75.438,73.938,76.375,0.0,53.938,72.0,70.0,1000.0,200.0,-0.001,0.0,76.813,76.625,0.017,73.25,75.313,73.375,74.875,0.0,44.469,72.0,70.0,1000.0,200.0,-0.001,0.0,75.438,75.125,-0.004,0.0,0.0,0.0,0.0,0.0,0.0,0.0,0.0,0.0,0.0,0.0,0.0,0.0,0.0,0.0,0.0,0.015,0.031,0.011,0.034,0.0,0.0,0.0,0.0,0.0,0.0,0.0,0.0,0.0,0.0,0.0,0.0,0.0,0.0,0.0,0.0,0.0,-0.149,0.0,0.0,0.149,0.001,0.0,0.001,-0.087,0.148,0.0,0.0,0.034,0.034,-0.01,0.0,0.0,-0.0
9072007,554,0.0,1.0,1.0,1.0,100.0,0.0,0.0,0.0,0.0,0.0,0.0,33.968,33.968,0.022,11.464,0.0,80.0,55.0,1.4,16.531,2.248,3.993,-0.518,71.831,71.952,73.548,70.406,68.818,0.0,0.036,0.083,20.0,20.0,76.822,49.096,0.0,73.218,73.869,73.152,76.583,33.507,68.451,34.248,-10.828,52.938,85.313,71.813,71.75,71.5,71.75,0.0,0.0,72.0,70.0,1000.0,200.0,0.0,15.977,73.375,72.063,-0.052,74.063,75.25,73.375,76.0,0.0,97.625,72.0,70.0,1000.0,200.0,-0.002,0.0,77.313,77.0,0.009,74.563,75.438,73.938,76.25,0.0,53.938,72.0,70.0,1000.0,200.0,-0.001,0.0,76.813,76.938,0.017,73.25,75.313,73.375,74.875,0.0,44.469,72.0,70.0,1000.0,200.0,-0.001,0.0,75.438,75.125,-0.004,0.0,0.0,0.0,0.0,0.0,0.0,0.0,0.0,0.0,0.0,0.0,0.0,0.0,0.0,0.0,0.0,0.015,0.031,0.011,0.034,0.0,0.0,0.0,0.0,0.0,0.0,0.0,0.0,0.0,0.0,0.0,0.0,0.0,0.0,0.0,0.0,0.147,-0.149,0.0,0.0,0.149,0.149,-0.148,0.001,-0.083,0.243,0.0,0.0,0.034,0.034,-0.01,0.0,-0.0,-0.0
9072007,555,0.0,1.0,1.0,1.0,100.0,0.0,0.0,0.0,0.0,0.0,0.0,32.796,35.139,0.022,11.688,0.0,80.0,55.0,1.4,15.82,2.248,2.228,-0.572,71.831,71.846,73.548,70.406,68.925,0.0,0.036,0.087,20.0,20.0,76.317,49.068,0.0,73.218,73.943,73.365,76.657,32.554,68.137,33.083,-10.82,52.938,85.25,71.813,71.75,71.5,71.75,0.0,0.0,72.0,70.0,1000.0,200.0,0.0,16.031,73.375,72.188,-0.052,74.063,75.25,73.375,76.125,0.0,97.625,72.0,70.0,1000.0,200.0,-0.002,0.0,77.313,77.0,0.009,74.563,75.438,73.938,76.25,0.0,53.938,72.0,70.0,1000.0,200.0,-0.001,0.0,76.813,76.625,0.017,73.188,75.313,73.188,74.875,0.0,44.469,72.0,70.0,1000.0,200.0,-0.001,0.0,75.313,75.125,-0.004,0.0,0.0,0.0,0.0,0.0,0.0,0.0,0.0,0.0,0.0,0.0,0.0,0.0,0.0,0.0,0.0,0.015,0.031,0.011,0.034,0.0,0.0,0.0,0.0,0.0,0.0,0.0,0.0,0.0,0.0,0.0,0.0,0.0,0.0,0.0,0.0,0.147,-0.149,0.0,0.0,0.149,0.001,-0.148,0.001,-0.103,0.174,0.0,0.0,0.033,0.035,-0.009,0.0,0.0,-0.0
9072007,556,0.0,1.0,1.0,1.0,100.0,0.0,0.0,0.0,0.0,0.0,0.0,33.968,35.139,0.012,11.762,0.0,80.0,55.0,1.4,15.82,2.248,2.228,0.115,71.831,71.846,73.548,70.406,68.818,0.0,0.036,0.087,20.0,20.0,76.822,49.012,0.0,73.218,73.795,73.152,76.583,32.188,67.824,32.719,-10.82,52.938,85.313,71.75,71.75,71.25,71.75,0.0,0.0,72.0,70.0,1000.0,200.0,0.0,16.469,73.375,72.063,-0.052,74.063,75.25,73.375,76.0,0.0,97.625,72.0,70.0,1000.0,200.0,-0.002,0.0,77.313,76.938,0.009,74.563,75.438,73.938,76.25,0.0,53.938,72.0,70.0,1000.0,200.0,-0.001,0.0,76.813,76.625,0.017,73.188,75.313,73.188,74.875,0.0,44.469,72.0,70.0,1000.0,200.0,-0.001,0.0,75.313,75.125,-0.004,0.0,0.0,0.0,0.0,0.0,0.0,0.0,0.0,0.0,0.0,0.0,0.0,0.0,0.0,0.0,0.0,0.017,0.031,0.011,0.034,0.0,0.0,0.0,0.0,0.0,0.0,0.0,0.0,0.0,0.0,0.0,0.0,0.0,0.0,0.0,0.0,0.0,-0.149,-0.148,0.0,0.149,0.149,-0.148,0.149,-0.052,0.175,0.0,0.0,0.034,0.035,-0.01,0.0,0.0,-0.0
9072007,557,0.0,1.0,1.0,1.0,100.0,0.0,0.0,0.0,0.0,0.0,0.0,33.968,35.139,0.012,11.688,0.0,80.0,55.0,1.4,16.547,2.248,2.228,-1.412,71.831,71.846,73.443,70.301,68.818,0.0,0.036,0.087,20.0,20.0,76.177,49.012,0.0,73.218,73.795,73.259,76.583,32.115,67.511,32.646,-10.82,52.938,85.25,71.813,71.75,71.25,71.75,0.0,0.0,72.0,70.0,1000.0,200.0,0.0,16.672,73.375,72.063,-0.052,74.063,75.25,73.25,76.125,0.0,97.625,72.0,70.0,1000.0,200.0,-0.002,0.0,77.313,77.0,0.009,74.563,75.438,73.938,76.25,0.0,53.938,72.0,70.0,1000.0,200.0,-0.001,0.0,76.813,76.625,0.017,73.25,75.313,73.5,74.625,0.0,44.469,72.0,70.0,1000.0,200.0,0.0,0.0,75.438,75.125,-0.004,0.0,0.0,0.0,0.0,0.0,0.0,0.0,0.0,0.0,0.0,0.0,0.0,0.0,0.0,0.0,0.0,0.015,0.031,0.011,0.034,0.0,0.0,0.0,0.0,0.0,0.0,0.0,0.0,0.0,0.0,0.0,0.0,0.0,0.0,0.0,0.0,0.147,-0.149,-0.148,0.0,0.001,0.001,-0.148,0.149,-0.062,0.175,0.0,0.0,0.034,0.035,-0.01,0.0,0.0,-0.0
9072007,558,0.0,1.0,1.0,1.0,100.0,0.0,0.0,0.0,0.0,0.0,0.0,33.968,35.139,0.022,11.554,0.0,80.0,55.0,1.4,16.797,2.248,2.228,-0.686,71.831,71.952,73.548,70.406,68.925,0.0,0.036,0.087,20.0,20.0,76.177,48.984,0.0,73.11,73.943,73.259,76.657,32.115,67.302,32.646,-10.82,52.906,85.313,71.813,71.75,71.25,71.938,0.0,0.0,72.0,70.0,1000.0,200.0,0.0,16.906,73.5,72.063,-0.052,74.063,75.25,73.375,76.0,0.0,97.625,72.0,70.0,1000.0,200.0,-0.002,0.0,77.25,77.125,0.009,74.563,75.438,73.938,76.25,0.0,53.938,72.0,70.0,1000.0,200.0,-0.001,0.0,77.0,76.625,0.017,73.188,75.313,73.188,74.875,0.0,44.469,72.0,70.0,1000.0,200.0,0.0,0.0,75.438,75.0,-0.004,0.0,0.0,0.0,0.0,0.0,0.0,0.0,0.0,0.0,0.0,0.0,0.0,0.0,0.0,0.0,0.0,0.015,0.031,0.011,0.034,0.0,0.0,0.0,0.0,0.0,0.0,0.0,0.0,0.0,0.0,0.0,0.0,0.0,0.0,0.0,0.0,0.147,-0.149,-0.148,0.0,0.001,0.149,-0.148,0.149,-0.087,0.174,0.0,0.0,0.034,0.035,-0.011,0.0,0.001,-0.0
9072007,559,0.0,1.0,1.0,1.0,100.0,0.0,0.0,0.0,0.0,0.0,0.0,32.796,35.139,0.012,11.569,0.0,80.0,55.0,1.4,16.906,2.248,2.228,-0.738,72.046,72.058,73.653,70.618,69.032,0.0,0.036,0.087,20.0,20.0,76.345,48.984,0.0,73.433,73.869,73.259,76.583,32.115,66.988,32.646,-10.828,52.875,85.313,71.813,71.75,71.25,71.75,0.0,0.0,72.0,70.0,1000.0,200.0,0.0,16.313,73.375,72.063,-0.052,74.063,75.25,73.375,76.0,0.0,97.625,72.0,70.0,1000.0,200.0,-0.002,0.0,77.313,77.0,0.009,74.563,75.188,73.938,76.25,0.0,53.938,72.0,70.0,1000.0,200.0,-0.001,0.0,77.0,76.625,0.017,73.25,75.25,73.188,74.625,0.0,44.469,72.0,70.0,1000.0,200.0,0.0,0.0,75.438,75.125,-0.004,0.0,0.0,0.0,0.0,0.0,0.0,0.0,0.0,0.0,0.0,0.0,0.0,0.0,0.0,0.0,0.0,0.015,0.031,0.011,0.034,0.0,0.0,0.0,0.0,0.0,0.0,0.0,0.0,0.0,0.0,0.0,0.0,0.0,0.0,0.0,0.0,0.147,-0.149,-0.148,0.0,0.149,0.001,0.0,0.001,-0.053,0.176,0.0,0.0,0.033,0.035,-0.01,0.0,0.001,-0.0
9072007,600,1.0,1.0,1.0,1.0,100.0,0.0,0.0,0.0,0.0,0.0,0.0,33.968,35.139,0.012,11.479,0.0,80.0,55.0,1.4,16.5,2.248,2.228,-0.453,72.046,71.952,73.443,70.406,69.032,0.0,0.036,0.087,20.0,20.0,76.261,48.9,0.0,73.433,73.795,73.259,76.583,32.115,66.884,32.719,-10.82,52.875,85.313,71.813,71.75,71.25,71.75,0.0,0.0,72.0,70.0,1000.0,200.0,0.0,16.531,73.5,72.063,-0.052,74.063,75.25,73.375,76.0,0.0,97.625,72.0,70.0,1000.0,200.0,-0.002,0.0,77.313,77.0,0.009,74.563,75.188,73.813,76.25,0.0,53.938,72.0,70.0,1000.0,200.0,-0.001,0.0,76.813,76.625,0.017,73.188,75.25,73.188,74.875,0.0,44.469,72.0,70.0,1000.0,200.0,0.0,0.0,75.438,75.125,-0.004,0.0,0.0,0.0,0.0,0.0,0.0,0.0,0.0,0.0,0.0,0.0,0.0,0.0,0.0,0.0,0.0,0.017,0.031,0.011,0.034,0.0,0.0,0.0,0.0,0.0,0.0,0.0,0.0,0.0,0.0,0.0,0.0,0.0,0.0,0.0,0.0,0.147,-0.149,0.0,0.0,0.149,0.001,-0.148,0.001,-0.062,0.199,0.0,0.0,0.034,0.035,-0.011,0.0,0.0,-0.0
9072007,601,1.0,1.0,1.0,1.0,100.0,0.0,0.0,0.0,0.0,1.0,1.0,119.473,78.477,21.053,11.613,0.0,80.0,55.0,1.4,16.578,125.369,246.852,0.042,72.046,72.058,73.653,70.618,68.925,0.012,0.198,0.105,20.0,20.0,77.383,48.62,0.0,73.325,75.792,73.365,75.327,32.188,66.57,32.646,-10.82,52.813,85.438,71.813,71.875,71.25,71.75,0.0,38.125,72.0,70.0,1000.0,200.0,0.001,27.25,73.5,72.063,-0.052,74.063,75.25,73.25,76.0,0.0,100.0,72.0,70.0,1000.0,200.0,0.006,136.25,77.25,77.0,0.009,74.563,75.438,73.625,76.25,0.0,76.313,72.0,70.0,1000.0,200.0,0.004,102.625,76.813,76.625,0.017,73.188,75.25,73.188,74.875,0.0,68.438,72.0,70.0,1000.0,200.0,0.002,81.875,75.438,75.125,-0.004,0.0,0.0,0.0,0.0,0.0,0.0,0.0,0.0,0.0,0.0,0.0,0.0,0.0,0.0,0.0,0.0,0.015,0.031,0.011,0.034,0.0,0.0,0.0,0.0,0.0,0.0,0.0,0.0,0.0,0.0,0.0,0.0,0.0,0.0,0.0,0.0,0.0,-0.297,-0.148,-0.148,0.001,-0.072,-0.222,-0.072,4.034,0.155,1.432,0.0,0.119,0.078,-0.011,0.0,0.0,-0.0
9072007,602,1.0,1.0,1.0,1.0,100.0,0.0,0.0,0.0,0.0,1.0,1.0,139.385,89.019,23.778,11.613,0.0,80.0,55.0,1.4,563.563,656.527,625.755,-1.34,70.539,72.27,73.653,70.829,66.784,0.027,0.263,0.091,22.592,17.646,70.035,50.61,0.0,73.433,125.579,73.152,125.849,32.041,66.152,32.573,-10.82,53.531,79.438,71.813,71.75,70.563,71.688,0.0,53.719,72.0,70.0,1000.0,200.0,0.013,75.25,73.375,72.063,-0.052,74.063,74.938,71.625,74.875,0.0,100.0,72.0,70.0,1000.0,200.0,0.037,215.625,77.313,77.0,0.009,74.563,75.063,72.063,75.375,0.0,99.938,72.0,70.0,1000.0,200.0,0.027,189.125,77.0,76.625,0.017,73.188,74.625,72.813,74.5,0.0,93.563,72.0,70.0,1000.0,200.0,0.023,174.875,75.313,75.125,-0.004,0.0,0.0,0.0,0.0,0.0,0.0,0.0,0.0,0.0,0.0,0.0,0.0,0.0,0.0,0.0,0.0,0.015,0.031,0.011,0.034,0.0,0.0,0.0,0.0,0.0,0.0,0.0,0.0,0.0,0.0,0.0,0.0,0.0,0.0,0.0,0.0,-0.074,-0.223,-0.222,-0.074,-0.072,-0.072,-0.222,0.001,-0.122,0.181,-0.925,0.0,0.139,0.089,-0.01,0.0,0.001,-0.0
9072007,603,1.0,1.0,1.0,1.0,100.0,0.0,6.194,6.194,6.194,1.0,1.0,219.034,108.931,0.022,11.703,0.0,80.0,55.0,1.4,865.125,1013.038,902.756,-0.936,68.171,72.801,74.179,71.568,64.108,0.088,0.451,0.102,30.795,23.99,73.681,51.927,0.0,73.11,119.513,73.152,119.276,31.968,66.048,32.573,-10.82,54.656,80.063,71.813,71.75,69.313,71.375,0.0,58.844,72.0,70.0,1000.0,200.0,0.033,117.875,73.375,72.063,-0.052,74.063,74.688,69.875,73.25,0.0,100.0,72.0,70.0,1000.0,200.0,0.069,298.75,77.313,76.938,0.009,74.563,75.0,70.313,73.938,0.0,99.438,72.0,70.0,1000.0,200.0,0.057,270.75,76.813,76.563,0.017,73.188,74.25,71.75,73.813,0.0,94.438,72.0,70.0,1000.0,200.0,0.055,263.25,75.438,75.0,-0.004,0.0,0.0,0.0,0.0,0.0,0.0,0.0,0.0,0.0,0.0,0.0,0.0,0.0,0.0,0.0,0.0,0.015,0.031,0.011,0.034,0.0,0.0,0.0,0.0,0.0,0.0,0.0,0.0,0.0,0.0,0.0,0.0,0.0,0.0,0.0,0.0,0.0,-0.223,-0.148,-0.074,0.001,0.001,-0.222,0.001,0.0,0.208,0.0,0.0,0.219,0.109,-0.01,0.0,0.001,-0.0
9072007,604,1.0,1.0,1.0,1.0,100.0,0.0,10.778,10.778,10.778,1.0,1.0,336.164,134.7,0.022,11.673,0.0,80.0,55.0,1.4,1172.125,1304.41,1183.162,-1.048,66.987,73.119,74.179,72.097,63.466,0.172,0.681,0.113,38.511,30.216,77.018,51.899,0.0,73.218,119.069,73.365,118.611,31.968,65.734,32.573,-10.82,54.25,81.125,71.813,71.625,68.438,70.5,0.0,61.219,72.0,70.0,1000.0,200.0,0.063,159.25,73.375,72.063,-0.052,73.938,74.313,68.938,71.563,0.0,100.0,72.0,70.0,1000.0,200.0,0.12,388.0,77.313,76.938,0.009,74.5,74.5,69.125,72.375,0.0,97.313,72.0,70.0,1000.0,200.0,0.101,356.0,76.813,76.625,0.017,73.188,74.063,71.0,72.875,0.0,92.688,72.0,70.0,1000.0,200.0,0.093,341.25,75.438,75.125,-0.004,0.0,0.0,0.0,0.0,0.0,0.0,0.0,0.0,0.0,0.0,0.0,0.0,0.0,0.0,0.0,0.0,0.015,0.031,0.011,0.034,0.0,0.0,0.0,0.0,0.0,0.0,0.0,0.0,0.0,0.0,0.0,0.0,0.0,0.0,0.0,0.0,0.0,-0.223,-0.148,-0.074,-0.072,0.001,-0.222,0.001,0.0,0.209,0.0,0.0,0.336,0.135,-0.01,0.0,0.0,-0.0
9072007,605,1.0,1.0,1.0,1.0,100.0,0.0,13.713,13.713,13.713,1.0,1.0,498.975,169.839,0.022,11.703,0.0,80.0,55.0,1.4,1172.125,1604.939,1420.464,-3.777,66.772,73.331,74.073,72.73,64.001,0.263,0.959,0.124,45.877,36.149,78.028,52.656,0.0,73.325,118.477,73.684,118.02,32.188,65.317,32.719,-10.82,53.813,81.0,71.75,71.5,67.938,69.75,0.0,61.625,72.0,70.0,1000.0,200.0,0.095,195.625,73.25,72.063,-0.052,73.938,73.813,68.438,70.375,0.0,93.938,72.0,70.0,1000.0,200.0,0.178,470.75,77.25,76.938,0.009,74.188,74.438,68.75,71.125,0.0,92.563,72.0,70.0,1000.0,200.0,0.151,432.25,76.813,76.625,0.017,73.188,73.813,70.375,72.125,0.0,88.813,72.0,70.0,1000.0,200.0,0.133,403.25,75.438,75.0,-0.004,0.0,0.0,0.0,0.0,0.0,0.0,0.0,0.0,0.0,0.0,0.0,0.0,0.0,0.0,0.0,0.0,0.015,0.031,0.011,0.035,0.0,0.0,0.0,0.0,0.0,0.0,0.0,0.0,0.0,0.0,0.0,0.0,0.0,0.0,0.0,0.0,0.0,-0.223,-0.222,-0.074,-0.072,0.001,-0.222,-0.072,0.0,0.188,0.0,0.0,0.499,0.17,-0.009,0.0,0.0,-0.0
9072007,606,1.0,1.0,1.0,1.0,100.0,0.0,20.676,20.676,20.676,1.0,1.0,680.527,196.779,0.022,11.703,0.0,80.0,55.0,1.4,1517.625,1804.178,1629.151,0.79,66.987,73.437,73.863,73.047,64.964,0.374,1.211,0.149,52.076,40.699,77.579,53.524,0.0,73.433,118.034,74.108,117.651,32.115,65.526,32.646,-10.82,53.719,80.25,71.5,71.5,67.938,69.25,0.0,60.063,72.0,70.0,1000.0,200.0,0.129,227.875,73.375,72.063,-0.052,73.625,73.5,68.438,69.75,0.0,80.313,72.0,70.0,1000.0,200.0,0.236,538.0,77.25,76.938,0.009,74.0,73.813,68.625,70.438,0.0,84.875,72.0,70.0,1000.0,200.0,0.195,487.75,76.813,76.563,0.013,73.188,73.375,69.875,71.5,0.0,83.063,72.0,70.0,1000.0,200.0,0.171,456.75,75.313,75.0,-0.004,0.0,0.0,0.0,0.0,0.0,0.0,0.0,0.0,0.0,0.0,0.0,0.0,0.0,0.0,0.0,0.0,0.015,0.031,0.011,0.034,0.0,0.0,0.0,0.0,0.0,0.0,0.0,0.0,0.0,0.0,0.0,0.0,0.0,0.0,0.0,0.0,-0.074,-0.297,0.0,-0.148,-0.072,-0.072,-0.222,-0.072,0.0,0.186,0.0,0.0,0.681,0.197,-0.01,0.0,0.0,-0.0
9072007,607,1.0,1.0,1.0,1.0,100.0,0.0,24.054,24.054,24.054,1.0,1.0,848.023,220.205,0.012,11.747,0.0,80.0,55.0,1.4,1750.375,1945.881,1701.128,89.923,67.741,73.65,73.653,73.364,65.928,0.514,1.488,0.175,57.57,43.537,77.831,54.646,0.0,73.862,117.664,74.64,117.355,32.188,65.108,32.646,-10.82,55.5,80.063,71.5,71.25,68.188,69.125,0.0,57.0,72.0,70.0,1000.0,200.0,0.164,254.875,73.375,72.063,-0.052,73.438,73.063,68.625,69.313,0.0,70.25,72.0,70.0,1000.0,200.0,0.268,567.0,77.25,76.938,0.009,73.688,73.375,68.813,70.188,0.0,76.563,72.0,70.0,1000.0,200.0,0.227,524.5,76.813,76.625,0.017,73.0,73.25,69.875,71.0,0.0,75.75,72.0,70.0,1000.0,200.0,0.203,495.5,75.313,75.0,-0.004,0.0,0.0,0.0,0.0,0.0,0.0,0.0,0.0,0.0,0.0,0.0,0.0,0.0,0.0,0.0,0.0,0.015,0.031,0.011,0.034,0.0,0.0,0.0,0.0,0.0,0.0,0.0,0.0,0.0,0.0,0.0,0.0,0.0,0.0,0.0,0.0,0.0,-0.223,-0.148,-0.074,0.001,-0.072,-0.222,-0.072,0.0,0.163,0.0,0.0,0.848,0.22,-0.01,0.0,0.0,-0.0
9072007,608,1.0,1.0,1.0,1.0,100.0,0.0,30.715,30.715,30.715,1.0,1.0,990.922,244.802,0.012,11.673,0.0,80.0,55.0,1.4,1878.75,2012.415,1780.591,190.814,68.386,73.65,73.443,73.47,66.891,0.686,1.708,0.219,61.93,49.433,77.242,55.963,0.0,74.399,117.442,75.277,117.06,32.188,65.003,32.719,-10.82,56.625,79.5,71.438,71.25,68.625,69.125,0.0,53.219,72.0,70.0,1000.0,200.0,0.185,270.25,73.25,71.938,-0.052,73.313,72.938,69.063,69.563,0.0,62.25,72.0,70.0,1000.0,200.0,0.276,575.0,77.313,76.938,0.009,73.5,73.125,69.125,69.938,0.0,70.063,72.0,70.0,1000.0,200.0,0.242,538.0,76.813,76.563,0.017,72.875,72.938,69.75,70.813,0.0,68.688,72.0,70.0,1000.0,200.0,0.223,518.0,75.313,75.0,-0.004,0.0,0.0,0.0,0.0,0.0,0.0,0.0,0.0,0.0,0.0,0.0,0.0,0.0,0.0,0.0,0.0,0.015,0.031,0.011,0.035,0.0,0.0,0.0,0.0,0.0,0.0,0.0,0.0,0.0,0.0,0.0,0.0,0.0,0.0,0.0,0.0,-0.074,-0.223,-0.222,-0.074,-0.072,0.001,-0.222,0.001,0.0,0.189,0.0,0.0,0.991,0.245,-0.01,0.0,0.001,-0.0
9072007,609,1.0,1.0,1.0,1.0,100.0,0.0,39.956,39.956,39.956,1.0,1.0,1082.284,270.571,0.012,11.777,0.0,80.0,55.0,1.4,1913.25,2027.438,1810.666,276.66,69.032,73.65,73.337,73.575,67.748,0.884,1.917,0.278,65.065,51.914,77.074,57.084,0.0,74.614,117.22,76.021,116.838,32.188,65.108,32.792,-10.82,58.156,79.188,71.438,71.125,69.0,69.313,0.0,49.906,72.0,70.0,1000.0,200.0,0.197,278.0,73.375,72.063,-0.052,73.313,72.813,69.313,69.75,0.0,55.969,72.0,70.0,1000.0,200.0,0.272,568.5,77.25,76.938,0.009,73.375,73.125,69.313,69.938,0.0,64.625,72.0,70.0,1000.0,200.0,0.244,539.5,76.813,76.625,0.017,72.875,72.75,69.875,70.688,0.0,62.938,72.0,70.0,1000.0,200.0,0.229,523.5,75.313,75.0,-0.004,0.0,0.0,0.0,0.0,0.0,0.0,0.0,0.0,0.0,0.0,0.0,0.0,0.0,0.0,0.0,0.0,0.015,0.031,0.011,0.035,0.0,0.0,0.0,0.0,0.0,0.0,0.0,0.0,0.0,0.0,0.0,0.0,0.0,0.0,0.0,0.0,0.0,-0.223,-0.222,-0.074,-0.072,-0.072,-0.222,0.001,0.0,0.216,0.0,0.0,1.082,0.271,-0.01,0.0,0.0,-0.0
9072007,610,1.0,1.0,1.0,1.0,100.0,16.941,40.0,40.0,40.0,1.0,1.0,1098.682,299.854,0.022,11.852,0.0,80.0,55.0,1.4,1894.75,1997.411,1842.585,319.061,69.678,73.65,73.232,73.575,68.39,1.036,2.047,0.322,67.18,53.621,76.934,58.626,0.0,74.507,116.998,76.445,116.69,32.261,64.585,32.937,-10.82,59.594,79.0,71.438,71.125,69.438,69.75,0.0,47.125,72.0,70.0,1000.0,200.0,0.199,278.75,73.375,72.063,-0.052,73.313,72.813,69.75,69.938,0.0,51.813,72.0,70.0,1000.0,200.0,0.263,561.0,77.25,76.938,0.009,73.313,72.813,69.688,70.25,0.0,61.313,72.0,70.0,1000.0,200.0,0.238,531.5,76.813,76.563,0.017,72.688,72.688,70.0,70.688,0.0,58.406,72.0,70.0,1000.0,200.0,0.222,515.0,75.313,75.0,-0.004,0.0,0.0,0.0,0.0,0.0,0.0,0.0,0.0,0.0,0.0,0.0,0.0,0.0,0.0,0.0,0.0,0.015,0.031,0.011,0.034,0.0,0.0,0.0,0.0,0.0,0.0,0.0,0.0,0.0,0.0,0.0,0.0,0.0,0.0,0.0,0.0,0.0,-0.223,-0.148,-0.148,-0.072,-0.072,-0.222,0.001,0.0,0.248,0.0,1.114,1.099,0.3,-0.01,0.0,0.001,-0.0
9072007,611,1.0,1.0,1.0,1.0,100.0,34.138,40.0,40.0,40.0,1.0,1.0,1126.794,291.654,0.022,11.777,0.0,80.0,55.0,1.4,1864.25,1965.8,1810.666,318.642,70.109,73.756,73.443,73.787,68.604,1.173,2.14,0.311,68.411,54.66,75.335,59.522,0.0,74.399,116.628,77.083,116.395,32.261,70.227,40.658,-10.82,60.313,78.125,71.438,71.25,69.75,70.125,0.0,45.063,72.0,70.0,1000.0,200.0,0.194,275.5,73.375,72.063,-0.052,73.25,72.813,70.0,70.125,0.0,48.781,72.0,70.0,1000.0,200.0,0.25,547.0,77.25,76.938,0.009,73.063,72.813,69.938,70.375,0.0,59.438,72.0,70.0,1000.0,200.0,0.234,527.5,76.813,76.563,0.017,72.688,72.688,70.0,70.813,0.0,55.719,72.0,70.0,1000.0,200.0,0.217,507.25,75.313,75.0,-0.004,0.0,0.0,0.0,0.0,0.0,0.0,0.0,0.0,0.0,0.0,0.0,0.0,0.0,0.0,0.0,0.0,0.017,0.031,0.011,0.034,0.0,0.0,0.0,0.0,0.0,0.0,0.0,0.0,0.0,0.0,0.0,0.0,0.0,0.0,0.0,0.0,-0.074,-0.223,-0.148,-0.074,-0.072,0.001,-0.222,-0.072,0.0,2.605,0.0,13.749,1.127,0.292,-0.01,0.0,0.001,-0.0
9072007,612,1.0,1.0,1.0,1.0,100.0,44.045,40.0,40.0,40.0,1.0,1.0,1133.822,297.511,0.012,11.717,0.0,80.0,55.0,1.4,1836.0,1975.773,1834.168,313.375,66.987,73.543,73.022,73.575,63.68,1.273,2.227,0.322,68.984,55.123,67.51,59.522,0.0,74.184,116.554,77.508,116.247,32.334,63.749,48.451,-10.82,60.594,73.563,71.438,71.125,67.438,69.0,0.0,43.5,72.0,70.0,1000.0,200.0,0.19,271.75,73.375,71.938,-0.052,73.25,72.813,67.813,69.125,0.0,47.031,72.0,70.0,1000.0,200.0,0.243,537.5,77.25,76.938,0.009,73.063,72.75,67.5,69.563,0.0,57.719,72.0,70.0,1000.0,200.0,0.227,521.5,76.813,76.563,0.017,72.563,72.438,69.0,70.313,0.0,53.719,72.0,70.0,1000.0,200.0,0.209,499.25,75.313,75.125,-0.004,0.0,0.0,0.0,0.0,0.0,0.0,0.0,0.0,0.0,0.0,0.0,0.0,0.0,0.0,0.0,0.0,0.015,0.031,0.011,0.034,0.0,0.0,0.0,0.0,0.0,0.0,0.0,0.0,0.0,0.0,0.0,0.0,0.0,0.0,0.0,0.0,-0.074,-0.223,-0.222,0.0,-0.072,-0.072,-0.222,-0.072,0.0,6.011,0.0,26.255,1.134,0.298,-0.011,0.0,0.001,-0.0
9072007,613,1.0,1.0,1.0,1.0,100.0,45.423,40.0,40.0,40.0,1.0,1.0,1106.881,295.168,0.012,11.822,0.0,80.0,55.0,1.4,1786.25,1907.8,1805.643,297.99,62.467,73.543,72.917,73.575,57.578,1.345,2.245,0.333,69.066,55.23,72.11,58.373,0.0,73.97,116.258,78.039,116.1,32.334,53.302,43.644,-10.82,59.719,74.625,71.313,70.938,64.25,66.875,0.0,42.656,72.0,70.0,1000.0,200.0,0.179,264.25,73.375,71.938,-0.052,73.0,72.375,64.875,67.125,0.0,45.469,72.0,70.0,1000.0,200.0,0.231,522.0,77.313,76.938,0.009,72.875,72.625,64.875,67.875,0.0,56.906,72.0,70.0,1000.0,200.0,0.213,506.5,76.813,76.625,0.017,72.5,72.375,67.25,69.125,0.0,52.531,72.0,70.0,1000.0,200.0,0.197,485.25,75.313,75.0,-0.004,0.0,0.0,0.0,0.0,0.0,0.0,0.0,0.0,0.0,0.0,0.0,0.0,0.0,0.0,0.0,0.0,0.015,0.031,0.011,0.034,0.0,0.0,0.0,0.0,0.0,0.0,0.0,0.0,0.0,0.0,0.0,0.0,0.0,0.0,0.0,0.0,-0.074,-0.223,-0.222,-0.074,0.001,-0.072,-0.222,-0.072,0.0,6.377,0.0,18.589,1.107,0.295,-0.011,0.0,0.0,-0.0
9072007,614,1.0,1.0,1.0,1.0,100.0,46.193,40.0,40.0,40.0,1.0,1.0,1091.655,290.483,0.022,12.001,0.0,80.0,55.0,1.4,1748.0,1861.62,1777.26,289.951,59.884,73.437,72.601,73.364,54.474,1.387,2.256,0.337,68.958,55.167,76.205,57.14,0.0,73.97,116.11,78.57,115.878,32.628,52.362,43.353,-10.82,58.625,78.438,71.313,70.625,62.031,65.0,0.0,41.594,72.0,70.0,1000.0,200.0,0.172,258.25,73.375,72.063,-0.052,72.875,71.75,62.969,65.25,0.0,44.844,72.0,70.0,1000.0,200.0,0.22,513.5,77.25,76.938,0.009,72.5,72.0,63.125,66.063,0.0,56.125,72.0,70.0,1000.0,200.0,0.206,496.25,76.813,76.625,0.017,72.375,72.188,65.75,68.063,0.0,51.563,72.0,70.0,1000.0,200.0,0.189,475.5,75.313,75.0,-0.004,0.0,0.0,0.0,0.0,0.0,0.0,0.0,0.0,0.0,0.0,0.0,0.0,0.0,0.0,0.0,0.0,0.015,0.031,0.011,0.034,0.0,0.0,0.0,0.0,0.0,0.0,0.0,0.0,0.0,0.0,0.0,0.0,0.0,0.0,0.0,0.0,0.0,-0.223,-0.148,-0.074,-0.072,-0.072,-0.222,-0.072,0.0,6.522,0.0,17.893,1.092,0.29,-0.01,0.0,0.0,-0.0
9072007,615,1.0,1.0,1.0,1.0,100.0,47.418,40.0,40.0,40.0,1.0,1.0,1048.316,291.654,0.012,11.866,0.0,80.0,55.0,1.4,1748.0,1789.46,1760.628,271.949,58.269,73.225,72.181,73.259,52.761,1.436,2.227,0.351,68.754,55.142,79.037,56.467,0.0,73.755,116.036,78.995,115.804,35.192,51.735,44.154,-10.82,57.688,81.813,71.125,70.438,60.625,63.406,0.0,40.781,72.0,70.0,1000.0,200.0,0.164,251.375,73.375,72.063,-0.052,72.438,71.313,61.625,63.656,0.0,44.594,72.0,70.0,1000.0,200.0,0.202,490.25,77.25,76.938,0.009,72.188,71.563,61.844,64.875,0.0,54.156,72.0,70.0,1000.0,200.0,0.194,483.25,76.813,76.563,0.017,72.375,71.813,64.625,66.875,0.0,50.75,72.0,70.0,1000.0,200.0,0.182,465.75,75.313,75.0,-0.004,0.0,0.0,0.0,0.0,0.0,0.0,0.0,0.0,0.0,0.0,0.0,0.0,0.0,0.0,0.0,0.0,0.015,0.031,0.011,0.034,0.0,0.0,0.0,0.0,0.0,0.0,0.0,0.0,0.0,0.0,0.0,0.0,0.0,0.0,0.0,0.0,0.0,-0.223,-0.148,-0.074,-0.072,-0.072,-0.222,-0.072,0.0,6.428,0.0,14.772,1.048,0.292,-0.01,0.0,0.001,-0.0
9072007,616,1.0,1.0,1.0,1.0,100.0,48.351,40.0,40.0,40.0,1.0,1.0,1031.918,285.798,0.022,11.881,0.0,80.0,55.0,1.4,1667.25,1743.806,1768.938,254.677,57.3,73.013,71.865,73.047,52.012,1.459,2.223,0.344,68.485,54.823,83.048,55.767,0.0,73.647,115.962,79.42,115.656,38.489,52.257,46.193,-10.828,56.875,85.313,71.188,70.063,59.563,62.313,0.0,39.75,72.0,70.0,1000.0,200.0,0.159,249.375,73.375,72.063,-0.052,72.25,70.75,60.719,62.5,0.0,43.188,72.0,70.0,1000.0,200.0,0.191,475.75,77.125,76.938,0.009,72.188,71.313,60.969,63.75,0.0,53.469,72.0,70.0,1000.0,200.0,0.179,463.0,77.0,76.563,0.017,72.313,71.438,63.594,66.0,0.0,49.969,72.0,70.0,1000.0,200.0,0.182,465.5,75.313,75.0,-0.004,0.0,0.0,0.0,0.0,0.0,0.0,0.0,0.0,0.0,0.0,0.0,0.0,0.0,0.0,0.0,0.0,0.017,0.031,0.011,0.034,0.0,0.0,0.0,0.0,0.0,0.0,0.0,0.0,0.0,0.0,0.0,0.0,0.0,0.0,0.0,0.0,-0.074,-0.223,-0.222,-0.074,0.001,-0.072,-0.222,-0.072,0.0,6.648,0.0,12.702,1.032,0.286,-0.01,0.0,0.001,-0.0
9072007,617,1.0,1.0,1.0,1.0,100.0,49.848,40.0,40.0,40.0,1.0,1.0,1022.548,277.599,0.012,11.881,0.0,80.0,55.0,1.4,1635.25,1708.085,1711.005,260.032,56.977,72.801,71.55,72.836,52.119,1.459,2.216,0.344,68.246,54.617,85.095,55.739,0.0,73.647,115.666,79.951,115.509,38.562,53.198,47.431,-10.82,56.906,88.063,70.938,69.875,58.906,61.625,0.0,40.063,72.0,70.0,1000.0,200.0,0.148,240.25,73.25,71.938,-0.052,72.0,70.5,60.094,61.875,0.0,41.656,72.0,70.0,1000.0,200.0,0.186,471.75,77.313,76.938,0.009,72.313,70.813,60.469,62.969,0.0,53.125,72.0,70.0,1000.0,200.0,0.179,463.0,76.813,76.563,0.017,72.063,71.063,62.969,65.125,0.0,50.344,72.0,70.0,1000.0,200.0,0.172,452.5,75.313,75.0,-0.004,0.0,0.0,0.0,0.0,0.0,0.0,0.0,0.0,0.0,0.0,0.0,0.0,0.0,0.0,0.0,0.0,0.015,0.031,0.011,0.034,0.0,0.0,0.0,0.0,0.0,0.0,0.0,0.0,0.0,0.0,0.0,0.0,0.0,0.0,0.0,0.0,-0.074,-0.223,-0.222,-0.074,0.001,-0.072,-0.148,-0.072,0.0,7.2,0.0,14.623,1.023,0.278,-0.01,0.0,0.001,-0.0
9072007,618,1.0,1.0,1.0,1.0,100.0,51.236,40.0,40.0,40.0,1.0,1.0,987.409,275.256,0.022,11.896,0.0,80.0,55.0,1.4,1585.125,1657.979,1674.864,244.596,56.547,72.695,71.235,72.625,51.905,1.471,2.166,0.344,67.807,54.509,84.647,55.458,0.0,73.647,115.518,80.27,115.361,38.489,52.675,47.504,-10.82,56.625,89.5,70.688,69.625,58.406,61.0,0.0,39.5,72.0,70.0,1000.0,200.0,0.147,239.75,73.25,72.063,-0.052,71.75,70.313,59.594,61.188,0.0,41.5,72.0,70.0,1000.0,200.0,0.167,448.0,77.25,76.938,0.009,72.188,70.438,59.844,62.406,0.0,52.75,72.0,70.0,1000.0,200.0,0.174,458.75,76.813,76.563,0.017,71.938,70.688,62.406,64.5,0.0,49.594,72.0,70.0,1000.0,200.0,0.16,437.5,75.438,75.0,-0.004,0.0,0.0,0.0,0.0,0.0,0.0,0.0,0.0,0.0,0.0,0.0,0.0,0.0,0.0,0.0,0.0,0.015,0.032,0.011,0.034,0.0,0.0,0.0,0.0,0.0,0.0,0.0,0.0,0.0,0.0,0.0,0.0,0.0,0.0,0.0,0.0,0.0,-0.223,-0.148,-0.074,0.001,-0.072,-0.222,-0.072,0.0,7.56,0.0,14.882,0.987,0.275,-0.009,0.0,0.001,-0.0
9072007,619,1.0,1.0,1.0,1.0,100.0,51.47,40.0,40.0,40.0,1.0,1.0,965.154,270.571,0.012,11.956,0.0,80.0,55.0,1.4,1585.125,1625.796,1643.811,243.702,56.009,72.482,71.024,72.519,51.476,1.463,2.151,0.351,67.455,53.966,84.983,55.234,0.0,73.54,115.296,80.695,115.139,38.415,52.153,47.14,-10.82,56.563,90.25,70.625,69.25,57.875,60.531,0.0,37.313,72.0,70.0,1000.0,200.0,0.116,213.0,73.25,71.938,-0.052,72.0,70.0,59.0,60.656,0.0,40.125,72.0,70.0,1000.0,200.0,0.169,449.5,77.25,76.938,0.009,72.188,70.0,59.25,61.594,0.0,52.75,72.0,70.0,1000.0,200.0,0.174,457.25,76.813,76.625,0.017,71.5,70.375,61.781,63.813,0.0,47.625,72.0,70.0,1000.0,200.0,0.158,435.25,75.313,75.0,-0.004,0.0,0.0,0.0,0.0,0.0,0.0,0.0,0.0,0.0,0.0,0.0,0.0,0.0,0.0,0.0,0.0,0.015,0.031,0.011,0.035,0.0,0.0,0.0,0.0,0.0,0.0,0.0,0.0,0.0,0.0,0.0,0.0,0.0,0.0,0.0,0.0,-0.074,-0.223,-0.222,-0.074,-0.072,0.001,-0.222,0.001,0.0,7.593,0.0,14.477,0.965,0.271,-0.01,0.0,0.0,-0.0
9072007,620,1.0,1.0,1.0,1.0,100.0,51.971,40.0,40.0,40.0,1.0,1.0,926.501,267.057,0.012,11.896,0.0,80.0,55.0,1.4,1551.625,1580.934,1596.683,240.051,55.686,72.589,70.919,72.625,51.155,1.474,2.09,0.366,67.183,53.919,85.628,55.01,0.0,73.862,115.148,80.801,115.065,38.049,52.153,47.213,-10.82,56.375,91.188,70.563,69.25,57.281,60.0,0.0,36.125,72.0,70.0,1000.0,200.0,0.118,214.375,73.25,72.063,-0.052,71.875,69.688,58.594,60.031,0.0,41.281,72.0,70.0,1000.0,200.0,0.157,434.5,77.25,76.938,0.009,72.188,69.563,58.875,60.969,0.0,53.844,72.0,70.0,1000.0,200.0,0.169,447.75,76.813,76.563,0.017,71.5,70.25,61.438,63.375,0.0,47.469,72.0,70.0,1000.0,200.0,0.141,411.25,75.313,75.0,-0.004,0.0,0.0,0.0,0.0,0.0,0.0,0.0,0.0,0.0,0.0,0.0,0.0,0.0,0.0,0.0,0.0,0.015,0.031,0.011,0.034,0.0,0.0,0.0,0.0,0.0,0.0,0.0,0.0,0.0,0.0,0.0,0.0,0.0,0.0,0.0,0.0,-0.074,-0.223,-0.222,-0.074,-0.072,-0.072,-0.222,-0.072,0.0,7.729,0.0,15.13,0.927,0.267,-0.009,0.0,0.001,-0.0
9072007,621,1.0,1.0,1.0,1.0,100.0,51.44,40.0,40.0,40.0,1.0,1.0,905.417,257.687,0.022,11.941,0.0,80.0,55.0,1.4,1509.5,1542.664,1570.813,232.509,55.255,72.164,70.499,72.202,50.727,1.452,2.072,0.362,66.852,53.473,84.675,55.01,0.0,73.755,115.0,81.332,114.918,36.437,51.422,46.339,-10.82,56.25,91.688,70.563,69.063,56.906,59.5,0.0,36.75,72.0,70.0,1000.0,200.0,0.108,205.375,73.25,72.063,-0.052,71.75,69.313,58.063,59.563,0.0,41.063,72.0,70.0,1000.0,200.0,0.155,432.25,77.25,76.938,0.009,71.875,69.125,58.375,60.688,0.0,54.031,72.0,70.0,1000.0,200.0,0.163,441.0,76.813,76.563,0.017,71.313,70.25,60.813,62.813,0.0,46.125,72.0,70.0,1000.0,200.0,0.136,404.25,75.313,75.0,-0.004,0.0,0.0,0.0,0.0,0.0,0.0,0.0,0.0,0.0,0.0,0.0,0.0,0.0,0.0,0.0,0.0,0.015,0.031,0.011,0.034,0.0,0.0,0.0,0.0,0.0,0.0,0.0,0.0,0.0,0.0,0.0,0.0,0.0,0.0,0.0,0.0,-0.074,-0.223,-0.222,-0.074,-0.072,-0.072,-0.222,0.001,0.0,7.891,0.0,16.419,0.905,0.258,-0.009,0.0,0.001,-0.0
9072007,622,1.0,1.0,1.0,1.0,100.0,50.096,40.0,40.0,40.0,1.0,1.0,873.792,253.001,0.012,11.881,0.0,80.0,55.0,1.4,1490.125,1484.003,1546.639,214.129,54.61,72.058,70.393,72.097,50.085,1.413,2.029,0.359,66.632,53.242,84.002,54.898,0.0,73.755,114.926,81.438,114.844,35.338,50.586,45.246,-10.82,55.969,91.688,69.938,69.063,56.344,58.969,1.694,36.906,72.0,70.0,1000.0,200.0,0.104,202.25,73.25,71.938,-0.052,71.563,69.188,57.469,58.969,0.0,39.781,72.0,70.0,1000.0,200.0,0.147,424.5,77.25,76.938,0.009,71.688,68.813,57.656,60.063,0.0,52.656,72.0,70.0,1000.0,200.0,0.155,432.5,76.813,76.563,0.017,71.125,70.25,60.219,62.25,0.0,47.063,72.0,70.0,1000.0,200.0,0.125,386.25,75.313,75.0,-0.004,0.0,0.0,0.0,0.0,0.0,0.0,0.0,0.0,0.0,0.0,0.0,0.0,0.0,0.0,0.0,0.0,0.015,0.031,0.011,0.034,0.0,0.0,0.0,0.0,0.0,0.0,0.0,0.0,0.0,0.0,0.0,0.0,0.0,0.0,0.0,0.0,-0.074,-0.223,-0.222,-0.074,0.001,-0.072,-0.222,0.001,0.0,7.72,0.0,16.351,0.874,0.253,-0.01,0.0,0.001,-0.0
9072007,623,1.0,1.0,1.0,1.0,100.0,48.521,40.0,40.0,40.0,1.0,1.0,878.477,250.659,0.012,11.852,0.0,80.0,55.0,1.4,1445.375,1472.952,1532.171,205.19,53.964,71.846,70.183,71.991,49.228,1.452,2.011,0.362,66.449,53.151,83.385,54.309,0.0,73.862,114.779,81.757,114.696,34.972,49.646,44.518,-10.82,55.625,91.688,69.563,68.875,55.813,58.344,15.734,36.719,72.0,70.0,1000.0,200.0,0.105,202.75,73.25,71.938,-0.052,71.438,68.938,56.875,58.531,0.0,39.625,72.0,70.0,1000.0,200.0,0.138,406.25,77.25,76.938,0.009,71.688,68.688,57.094,59.5,0.0,52.125,72.0,70.0,1000.0,200.0,0.151,426.5,76.813,76.563,0.017,70.938,70.0,59.688,61.844,0.0,44.844,72.0,70.0,1000.0,200.0,0.112,368.0,75.313,75.0,-0.004,0.0,0.0,0.0,0.0,0.0,0.0,0.0,0.0,0.0,0.0,0.0,0.0,0.0,0.0,0.0,0.0,0.015,0.032,0.011,0.034,0.0,0.0,0.0,0.0,0.0,0.0,0.0,0.0,0.0,0.0,0.0,0.0,0.0,0.0,0.0,0.0,-0.074,-0.297,-0.222,-0.074,0.001,-0.072,-0.222,-0.072,0.0,7.71,0.0,15.717,0.878,0.251,-0.01,0.0,0.001,-0.0
9072007,624,1.0,1.0,1.0,1.0,100.0,45.055,40.0,40.0,40.0,1.0,1.0,781.259,236.603,0.012,11.732,0.0,80.0,55.0,1.4,1400.75,1293.617,1444.287,118.294,53.318,71.634,70.078,71.78,48.586,1.501,1.975,0.366,65.728,52.609,82.74,53.833,0.0,73.97,114.631,82.075,114.548,34.679,49.123,44.008,-10.82,53.75,92.063,69.438,68.875,55.094,57.781,19.672,35.969,72.0,70.0,1000.0,200.0,0.109,205.625,73.25,71.938,-0.052,71.25,68.688,56.125,57.906,0.0,37.469,72.0,70.0,1000.0,200.0,0.144,414.0,77.25,76.938,0.009,71.5,68.5,56.563,58.906,0.0,51.438,72.0,70.0,1000.0,200.0,0.147,421.0,76.688,76.563,0.017,70.75,70.0,59.344,61.563,0.0,37.938,72.0,70.0,1000.0,200.0,0.044,229.625,75.313,75.0,-0.004,0.0,0.0,0.0,0.0,0.0,0.0,0.0,0.0,0.0,0.0,0.0,0.0,0.0,0.0,0.0,0.0,0.015,0.031,0.011,0.034,0.0,0.0,0.0,0.0,0.0,0.0,0.0,0.0,0.0,0.0,0.0,0.0,0.0,0.0,0.0,0.0,-0.074,-0.223,-0.148,-0.074,-0.072,-0.072,-0.222,0.001,0.0,7.577,0.0,15.206,0.781,0.237,-0.01,0.0,0.0,-0.0
9072007,625,1.0,1.0,1.0,1.0,100.0,41.125,40.0,40.0,40.0,1.0,1.0,767.204,240.117,0.022,11.717,0.0,80.0,55.0,1.4,1247.375,1282.84,1437.928,141.091,52.565,71.846,70.183,71.568,47.516,1.497,1.87,0.37,65.351,52.619,83.3,53.328,0.0,73.755,114.483,82.394,114.475,34.313,48.705,42.988,-10.82,53.938,91.875,69.313,68.75,54.281,57.594,23.641,35.563,72.0,70.0,1000.0,200.0,0.108,205.75,75.875,70.625,0.105,71.0,68.563,55.344,57.313,0.0,37.906,72.0,70.0,1000.0,200.0,0.127,388.0,77.25,76.938,0.009,71.313,68.188,55.969,58.375,0.0,52.188,72.0,70.0,1000.0,200.0,0.135,402.5,76.813,76.563,0.017,70.75,70.0,59.125,61.5,0.0,37.188,72.0,70.0,1000.0,200.0,0.041,219.5,75.313,75.0,-0.004,0.0,0.0,0.0,0.0,0.0,0.0,0.0,0.0,0.0,0.0,0.0,0.0,0.0,0.0,0.0,0.0,0.015,0.031,0.011,0.034,0.0,0.0,0.0,0.0,0.0,0.0,0.0,0.0,0.0,0.0,0.0,0.0,0.0,0.0,0.0,0.0,0.0,-0.223,-0.148,-0.074,-0.072,0.001,-0.222,0.001,0.0,7.063,0.0,14.123,0.767,0.24,0.081,0.0,0.001,-0.0
9072007,626,1.0,1.0,1.0,1.0,100.0,36.717,40.0,40.0,40.0,1.0,1.0,748.463,233.089,0.022,11.554,0.0,80.0,55.0,1.4,1188.875,1261.335,1415.706,119.297,52.026,71.315,69.868,71.463,47.194,1.49,1.928,0.362,64.902,51.955,84.759,53.104,0.0,73.755,114.261,82.713,114.327,33.946,49.228,42.042,-10.828,53.5,92.75,69.0,68.563,53.688,58.563,33.313,35.156,72.0,70.0,1000.0,200.0,0.108,205.25,72.063,65.375,0.193,70.938,68.563,55.031,56.781,0.0,36.938,72.0,70.0,1000.0,200.0,0.115,372.75,77.25,76.938,0.009,71.188,67.938,55.625,58.0,0.0,50.5,72.0,70.0,1000.0,200.0,0.128,391.0,76.813,76.625,0.017,70.875,70.063,58.719,61.25,0.0,36.75,72.0,70.0,1000.0,200.0,0.039,213.375,75.313,75.0,-0.004,0.0,0.0,0.0,0.0,0.0,0.0,0.0,0.0,0.0,0.0,0.0,0.0,0.0,0.0,0.0,0.0,0.017,0.031,0.011,0.034,0.0,0.0,0.0,0.0,0.0,0.0,0.0,0.0,0.0,0.0,0.0,0.0,0.0,0.0,0.0,0.0,0.0,-0.223,-0.148,-0.074,0.001,-0.072,-0.222,-0.072,-0.0,6.121,0.0,12.999,0.748,0.233,0.189,0.0,0.0,-0.0
9072007,627,1.0,1.0,1.0,1.0,100.0,33.711,40.0,40.0,40.0,1.0,1.0,723.865,228.404,0.012,11.479,0.0,80.0,55.0,1.4,1188.875,1226.15,1388.786,107.941,51.919,71.422,69.763,71.463,47.194,1.482,1.895,0.366,64.405,51.707,85.993,52.768,0.0,73.755,114.039,82.819,114.031,33.653,49.855,41.095,-10.82,53.25,93.25,69.063,68.75,53.5,58.875,31.656,36.313,72.0,70.0,1000.0,200.0,0.099,196.125,70.5,66.563,0.23,70.813,68.188,54.719,56.5,0.0,36.563,72.0,70.0,1000.0,200.0,0.107,358.0,77.25,76.938,0.009,71.063,67.813,55.5,57.75,0.0,49.906,72.0,70.0,1000.0,200.0,0.123,385.25,76.813,76.625,0.017,70.75,70.063,58.5,61.063,0.0,37.125,72.0,70.0,1000.0,200.0,0.036,206.875,75.313,75.0,-0.004,0.0,0.0,0.0,0.0,0.0,0.0,0.0,0.0,0.0,0.0,0.0,0.0,0.0,0.0,0.0,0.0,0.015,0.032,0.011,0.034,0.0,0.0,0.0,0.0,0.0,0.0,0.0,0.0,0.0,0.0,0.0,0.0,0.0,0.0,0.0,0.0,0.0,-0.223,-0.148,-0.074,0.001,-0.072,-0.148,-0.072,0.0,5.273,0.0,11.872,0.724,0.228,0.133,0.0,0.0,-0.0
9072007,628,1.0,1.0,1.0,1.0,100.0,29.99,40.0,40.0,40.0,1.0,1.0,585.652,214.348,0.022,11.583,0.0,80.0,55.0,1.4,1147.625,952.88,1272.301,23.147,51.919,71.315,69.657,71.251,47.301,1.41,1.83,0.373,63.888,50.992,86.75,52.515,0.0,73.647,113.965,83.032,114.031,33.287,50.586,40.075,-10.82,51.063,94.125,69.0,68.563,53.313,58.875,33.938,35.156,72.0,70.0,1000.0,200.0,0.106,205.125,70.5,65.75,0.285,70.625,68.188,54.625,56.406,0.0,29.813,72.0,70.0,1000.0,200.0,0.045,224.75,77.25,76.938,0.009,70.938,67.75,55.281,57.438,0.0,49.875,72.0,70.0,1000.0,200.0,0.109,362.25,76.813,76.625,0.017,70.875,70.25,58.219,60.875,0.0,36.594,72.0,70.0,1000.0,200.0,0.036,207.625,75.313,75.0,-0.004,0.0,0.0,0.0,0.0,0.0,0.0,0.0,0.0,0.0,0.0,0.0,0.0,0.0,0.0,0.0,0.0,0.015,0.031,0.011,0.034,0.0,0.0,0.0,0.0,0.0,0.0,0.0,0.0,0.0,0.0,0.0,0.0,0.0,0.0,0.0,0.0,-0.074,-0.223,-0.222,-0.074,0.001,-0.072,-0.148,0.001,-0.0,4.545,0.0,10.928,0.586,0.214,0.198,0.0,0.0,-0.0
9072007,629,1.0,1.0,1.0,1.0,100.0,26.252,40.0,40.0,40.0,1.0,1.0,561.054,215.52,0.022,11.658,0.0,80.0,55.0,1.4,999.5,854.529,1209.708,66.276,51.704,71.209,69.763,71.146,46.98,1.516,1.758,0.366,63.126,50.565,85.376,52.431,0.0,73.433,113.817,83.244,113.884,32.921,50.377,38.618,-10.82,49.938,94.375,68.938,68.25,53.0,58.875,37.906,36.031,72.0,70.0,1000.0,200.0,0.101,197.625,71.563,65.75,0.302,70.313,68.688,54.625,56.5,0.0,28.406,72.0,70.0,1000.0,200.0,0.042,224.375,77.25,76.813,0.009,70.563,68.188,55.281,57.438,0.0,43.906,72.0,70.0,1000.0,200.0,0.039,220.875,76.813,76.625,0.017,70.875,70.25,58.125,60.781,0.0,35.75,72.0,70.0,1000.0,200.0,0.037,209.625,75.313,74.875,-0.004,0.0,0.0,0.0,0.0,0.0,0.0,0.0,0.0,0.0,0.0,0.0,0.0,0.0,0.0,0.0,0.0,0.015,0.031,0.011,0.034,0.0,0.0,0.0,0.0,0.0,0.0,0.0,0.0,0.0,0.0,0.0,0.0,0.0,0.0,0.0,0.0,0.0,-0.223,-0.222,-0.074,0.001,-0.072,-0.222,0.001,-0.0,3.805,0.0,9.232,0.561,0.216,0.257,0.001,0.0,-0.0
9072007,630,1.0,1.0,1.0,1.0,100.0,22.002,40.0,40.0,40.0,1.0,1.0,587.994,214.348,0.012,11.732,0.0,80.0,55.0,1.4,847.5,909.268,1236.284,31.105,51.596,71.103,69.973,71.04,46.98,1.493,1.715,0.366,62.803,50.243,86.975,52.347,0.0,73.003,113.669,83.456,113.81,32.701,50.795,37.089,-10.82,50.031,94.5,68.813,68.25,52.906,58.969,38.25,35.531,72.0,70.0,1000.0,200.0,0.104,202.25,72.188,66.375,0.377,70.313,69.313,54.531,56.5,0.0,27.625,72.0,70.0,1000.0,200.0,0.041,218.0,77.125,76.938,0.009,70.688,68.438,55.063,57.438,0.0,44.156,72.0,70.0,1000.0,200.0,0.037,208.5,76.813,76.625,0.017,70.875,70.375,57.938,60.469,0.0,35.563,72.0,70.0,1000.0,200.0,0.036,207.0,75.313,75.0,-0.004,0.0,0.0,0.0,0.0,0.0,0.0,0.0,0.0,0.0,0.0,0.0,0.0,0.0,0.0,0.0,0.0,0.015,0.031,0.011,0.034,0.0,0.0,0.0,0.0,0.0,0.0,0.0,0.0,0.0,0.0,0.0,0.0,0.0,0.0,0.0,0.0,-0.074,-0.149,-0.222,-0.074,0.001,-0.072,-0.148,-0.072,-0.0,2.845,0.0,7.156,0.588,0.214,0.321,0.0,0.0,-0.0
9072007,631,1.0,1.0,1.0,1.0,100.0,19.121,40.0,40.0,40.0,1.0,1.0,565.739,212.006,0.022,11.717,0.0,80.0,55.0,1.4,833.0,877.508,1231.592,32.433,51.919,71.103,70.078,71.04,47.944,1.375,1.668,0.362,62.753,50.227,89.611,51.983,0.0,72.681,113.595,83.669,113.588,32.261,52.675,35.851,-10.82,50.094,94.938,68.938,68.563,53.094,59.313,38.625,34.969,72.0,70.0,1000.0,200.0,0.106,204.375,72.563,67.188,0.375,70.313,69.375,54.625,56.5,0.0,27.797,72.0,70.0,1000.0,200.0,0.038,214.125,77.125,76.938,0.009,70.688,68.688,55.281,57.594,0.0,43.469,72.0,70.0,1000.0,200.0,0.036,207.75,76.813,76.625,0.017,70.75,70.25,57.813,60.438,0.0,35.25,72.0,70.0,1000.0,200.0,0.036,207.0,75.313,75.0,-0.004,0.0,0.0,0.0,0.0,0.0,0.0,0.0,0.0,0.0,0.0,0.0,0.0,0.0,0.0,0.0,0.0,0.015,0.031,0.011,0.034,0.0,0.0,0.0,0.0,0.0,0.0,0.0,0.0,0.0,0.0,0.0,0.0,0.0,0.0,0.0,0.0,0.0,-0.223,-0.222,-0.074,-0.072,0.001,-0.222,0.001,0.0,2.061,0.0,5.848,0.566,0.212,0.295,0.0,0.0,-0.0
9072007,632,1.0,1.0,1.0,1.0,100.0,17.428,40.0,40.0,40.0,1.0,1.0,549.341,210.835,0.022,11.881,0.0,80.0,55.0,1.4,818.5,864.57,1215.958,38.605,52.565,70.891,70.183,70.934,49.121,1.501,1.708,0.366,62.371,50.049,91.462,51.871,0.0,72.358,113.373,83.881,113.44,31.895,54.556,34.977,-10.82,50.0,95.375,68.813,68.563,53.5,59.594,42.781,35.938,72.0,70.0,1000.0,200.0,0.1,196.625,73.0,67.875,0.411,70.313,69.5,55.031,56.688,0.0,28.703,72.0,70.0,1000.0,200.0,0.034,202.625,77.25,76.938,0.009,70.688,68.938,55.5,57.75,0.0,43.188,72.0,70.0,1000.0,200.0,0.036,207.125,76.813,76.625,0.017,70.75,70.25,57.625,60.313,0.0,35.594,72.0,70.0,1000.0,200.0,0.034,200.5,75.313,75.0,-0.004,0.0,0.0,0.0,0.0,0.0,0.0,0.0,0.0,0.0,0.0,0.0,0.0,0.0,0.0,0.0,0.0,0.015,0.031,0.011,0.034,0.0,0.0,0.0,0.0,0.0,0.0,0.0,0.0,0.0,0.0,0.0,0.0,0.0,0.0,0.0,0.0,-0.074,-0.223,-0.222,-0.074,0.001,0.001,-0.222,0.001,-0.0,1.616,0.0,5.092,0.549,0.211,0.308,0.0,0.0,-0.0
9072007,633,1.0,1.0,1.0,1.0,100.0,16.412,40.0,40.0,40.0,1.0,1.0,571.596,214.348,0.012,11.881,0.0,80.0,55.0,1.4,818.5,877.508,1212.832,29.738,53.21,71.103,70.288,70.934,50.406,1.452,1.679,0.362,62.161,49.833,92.444,51.899,0.0,72.251,113.299,83.988,113.44,31.529,56.75,34.54,-10.828,50.094,95.75,68.688,68.25,54.0,60.094,46.938,35.563,72.0,70.0,1000.0,200.0,0.104,201.375,74.0,68.438,0.42,70.188,69.5,55.219,56.781,0.0,28.797,72.0,70.0,1000.0,200.0,0.034,201.125,77.125,76.813,0.009,70.688,69.125,55.656,57.906,0.0,43.031,72.0,70.0,1000.0,200.0,0.035,205.375,76.813,76.563,0.017,70.75,70.063,57.938,60.219,0.0,34.938,72.0,70.0,1000.0,200.0,0.035,207.125,75.313,75.0,-0.004,0.0,0.0,0.0,0.0,0.0,0.0,0.0,0.0,0.0,0.0,0.0,0.0,0.0,0.0,0.0,0.0,0.015,0.031,0.011,0.034,0.0,0.0,0.0,0.0,0.0,0.0,0.0,0.0,0.0,0.0,0.0,0.0,0.0,0.0,0.0,0.0,0.0,-0.223,-0.148,-0.148,-0.072,-0.072,-0.222,-0.072,-0.0,1.418,0.0,4.975,0.572,0.214,0.342,0.0,0.001,-0.0
9072007,634,1.0,1.0,1.0,1.0,100.0,16.103,40.0,40.0,40.0,1.0,1.0,557.54,210.835,0.022,11.762,0.0,80.0,55.0,1.4,810.375,850.232,1205.021,31.0,53.856,71.103,70.393,71.04,51.262,1.36,1.679,0.359,62.256,49.729,92.836,52.011,0.0,72.036,113.003,84.306,113.219,31.016,58.735,33.957,-10.82,50.219,96.063,68.938,68.188,54.5,60.625,39.75,35.563,72.0,70.0,1000.0,200.0,0.103,200.125,75.063,69.125,0.413,70.063,69.688,55.625,57.0,0.0,29.031,72.0,70.0,1000.0,200.0,0.032,200.375,77.25,76.938,0.009,70.688,69.25,56.094,58.0,0.0,43.344,72.0,70.0,1000.0,200.0,0.034,201.5,76.688,76.563,0.017,70.563,70.063,57.938,60.313,0.0,35.5,72.0,70.0,1000.0,200.0,0.034,202.875,75.313,74.875,-0.004,0.0,0.0,0.0,0.0,0.0,0.0,0.0,0.0,0.0,0.0,0.0,0.0,0.0,0.0,0.0,0.0,0.015,0.031,0.011,0.034,0.0,0.0,0.0,0.0,0.0,0.0,0.0,0.0,0.0,0.0,0.0,0.0,0.0,0.0,0.0,0.0,-0.074,-0.223,-0.222,-0.074,-0.072,-0.072,-0.148,-0.072,-0.0,1.248,0.0,4.811,0.558,0.211,0.359,0.0,0.0,-0.0
9072007,635,1.0,1.0,1.0,1.0,100.0,16.392,40.0,40.0,40.0,1.0,1.0,569.253,208.492,0.012,11.881,0.0,80.0,55.0,1.4,821.625,867.442,1186.284,21.748,54.502,71.103,70.393,71.251,52.012,1.452,1.668,0.355,62.013,49.622,92.977,52.319,0.0,72.144,113.003,84.519,113.219,31.602,60.197,34.394,-10.82,50.438,96.313,68.938,68.25,54.906,61.094,40.094,35.156,72.0,70.0,1000.0,200.0,0.105,202.375,76.188,70.063,0.41,70.188,69.813,55.844,57.313,0.0,28.5,72.0,70.0,1000.0,200.0,0.034,201.125,77.125,76.938,0.009,70.938,69.438,56.281,58.188,0.0,42.719,72.0,70.0,1000.0,200.0,0.035,204.875,76.813,76.438,0.017,70.75,70.063,58.031,60.313,0.0,35.469,72.0,70.0,1000.0,200.0,0.034,203.875,75.125,75.0,-0.004,0.0,0.0,0.0,0.0,0.0,0.0,0.0,0.0,0.0,0.0,0.0,0.0,0.0,0.0,0.0,0.0,0.015,0.032,0.011,0.034,0.0,0.0,0.0,0.0,0.0,0.0,0.0,0.0,0.0,0.0,0.0,0.0,0.0,0.0,0.0,0.0,-0.074,-0.223,-0.222,-0.074,0.001,-0.072,-0.222,-0.072,-0.0,1.16,0.0,4.613,0.569,0.208,0.367,0.0,0.001,-0.0
9072007,636,1.0,1.0,1.0,1.0,100.0,16.514,40.0,40.0,40.0,1.0,1.0,552.855,206.149,0.022,11.926,0.0,80.0,55.0,1.4,799.25,820.253,1189.406,30.991,54.825,71.103,70.393,71.04,52.333,1.372,1.668,0.359,62.056,49.605,92.78,52.6,0.0,72.144,112.781,84.519,112.923,31.602,61.242,34.54,-10.82,50.719,96.75,68.938,68.563,55.281,61.625,40.469,35.219,72.0,70.0,1000.0,200.0,0.103,201.125,76.875,70.875,0.409,70.313,69.813,56.25,57.5,0.0,28.859,72.0,70.0,1000.0,200.0,0.033,198.625,77.125,76.813,0.009,70.875,69.125,56.5,58.188,0.0,42.813,72.0,70.0,1000.0,200.0,0.034,202.625,76.688,76.438,0.021,70.563,70.063,58.125,60.313,0.0,35.844,72.0,70.0,1000.0,200.0,0.033,200.375,75.438,75.0,-0.004,0.0,0.0,0.0,0.0,0.0,0.0,0.0,0.0,0.0,0.0,0.0,0.0,0.0,0.0,0.0,0.0,0.015,0.031,0.011,0.034,0.0,0.0,0.0,0.0,0.0,0.0,0.0,0.0,0.0,0.0,0.0,0.0,0.0,0.0,0.0,0.0,0.0,-0.223,-0.148,-0.148,-0.072,-0.072,-0.148,-0.072,-0.0,1.182,0.0,4.872,0.553,0.206,0.359,0.0,0.001,-0.0
9072007,637,1.0,1.0,1.0,1.0,100.0,16.381,40.0,40.0,40.0,1.0,1.0,541.142,206.149,0.022,11.837,0.0,80.0,55.0,1.4,801.875,841.649,1194.089,24.692,54.825,70.997,70.393,70.934,52.44,1.452,1.64,0.362,61.676,49.588,92.612,52.852,0.0,71.714,112.707,84.625,112.923,32.628,61.869,35.341,-10.82,50.969,96.875,69.313,68.25,55.5,61.938,27.75,35.656,72.0,70.0,1000.0,200.0,0.101,197.25,77.0,71.438,0.387,70.313,69.688,56.344,57.625,0.0,28.672,72.0,70.0,1000.0,200.0,0.033,200.375,77.125,76.813,0.009,70.875,69.25,56.688,58.5,0.0,42.344,72.0,70.0,1000.0,200.0,0.035,204.25,76.688,76.563,0.017,70.5,70.063,58.219,60.313,0.0,36.563,72.0,70.0,1000.0,200.0,0.031,193.75,75.125,74.875,-0.004,0.0,0.0,0.0,0.0,0.0,0.0,0.0,0.0,0.0,0.0,0.0,0.0,0.0,0.0,0.0,0.0,0.015,0.031,0.011,0.034,0.0,0.0,0.0,0.0,0.0,0.0,0.0,0.0,0.0,0.0,0.0,0.0,0.0,0.0,0.0,0.0,0.0,-0.223,-0.148,-0.074,0.001,-0.072,-0.222,-0.072,-0.0,1.098,0.0,4.464,0.541,0.206,0.315,0.0,0.0,-0.0
9072007,638,1.0,1.0,1.0,1.0,100.0,17.191,40.0,40.0,40.0,1.0,1.0,550.513,202.635,0.022,11.881,0.0,80.0,55.0,1.4,801.875,824.525,1178.481,38.731,55.148,71.209,70.499,71.146,52.44,1.383,1.665,0.355,61.77,49.415,92.247,53.132,0.0,71.714,112.559,84.837,112.776,33.14,62.182,36.215,-10.82,51.219,97.125,69.313,68.438,55.688,61.938,27.984,35.844,72.0,70.0,1000.0,200.0,0.1,198.75,76.563,70.938,0.229,70.188,69.688,56.438,57.906,0.0,28.469,72.0,70.0,1000.0,200.0,0.033,203.875,77.125,76.813,0.009,70.938,69.563,56.813,58.625,0.0,42.594,72.0,70.0,1000.0,200.0,0.033,201.125,76.688,76.563,0.017,70.563,70.063,58.219,60.313,0.0,36.469,72.0,70.0,1000.0,200.0,0.031,193.75,75.125,74.875,-0.004,0.0,0.0,0.0,0.0,0.0,0.0,0.0,0.0,0.0,0.0,0.0,0.0,0.0,0.0,0.0,0.0,0.015,0.032,0.011,0.034,0.0,0.0,0.0,0.0,0.0,0.0,0.0,0.0,0.0,0.0,0.0,0.0,0.0,0.0,0.0,0.0,-0.074,-0.149,-0.222,0.0,0.001,-0.072,-0.148,-0.072,-0.0,1.258,0.0,5.078,0.551,0.203,0.188,0.0,0.0,-0.0
9072007,639,1.0,1.0,1.0,1.0,100.0,17.921,40.0,40.0,40.0,1.0,1.0,536.457,200.293,0.022,11.852,0.0,80.0,55.0,1.4,816.125,831.653,1186.284,30.41,55.363,71.209,70.499,71.146,52.761,1.448,1.596,0.359,61.618,49.328,92.051,53.496,0.0,71.821,112.411,85.05,112.702,33.287,62.182,36.36,-10.82,51.531,97.188,69.438,68.438,55.813,61.719,24.406,35.5,72.0,70.0,1000.0,200.0,0.104,200.625,76.5,70.188,0.222,70.188,69.688,56.75,58.031,0.0,28.516,72.0,70.0,1000.0,200.0,0.034,200.0,77.125,76.813,0.009,70.938,69.438,56.906,58.781,0.0,43.281,72.0,70.0,1000.0,200.0,0.031,196.25,76.688,76.438,0.017,70.563,70.063,58.219,60.438,0.0,36.313,72.0,70.0,1000.0,200.0,0.032,195.0,75.125,74.875,-0.004,0.0,0.0,0.0,0.0,0.0,0.0,0.0,0.0,0.0,0.0,0.0,0.0,0.0,0.0,0.0,0.0,0.015,0.031,0.011,0.034,0.0,0.0,0.0,0.0,0.0,0.0,0.0,0.0,0.0,0.0,0.0,0.0,0.0,0.0,0.0,0.0,0.0,-0.297,-0.222,-0.074,0.001,-0.072,-0.222,-0.072,-0.0,1.26,0.0,5.062,0.536,0.2,0.205,0.0,0.001,-0.0
9072007,640,1.0,1.0,1.0,1.0,100.0,18.613,40.0,40.0,40.0,1.0,1.0,543.485,207.321,0.012,11.926,0.0,80.0,55.0,1.4,811.0,855.963,1189.406,30.795,55.471,71.209,70.604,71.146,52.761,1.463,1.647,0.351,61.636,49.378,91.742,53.609,0.0,71.821,112.189,85.05,112.48,33.287,62.287,36.433,-10.82,51.75,97.375,69.313,68.438,55.906,61.719,28.438,35.219,72.0,70.0,1000.0,200.0,0.104,202.0,76.313,69.625,0.293,70.313,69.813,56.75,58.125,0.0,28.625,72.0,70.0,1000.0,200.0,0.033,199.375,77.125,76.813,0.009,70.938,69.25,57.094,58.906,0.0,42.625,72.0,70.0,1000.0,200.0,0.033,201.0,76.688,76.438,0.017,70.563,70.063,58.406,60.438,0.0,36.5,72.0,70.0,1000.0,200.0,0.032,193.75,75.125,74.875,-0.004,0.0,0.0,0.0,0.0,0.0,0.0,0.0,0.0,0.0,0.0,0.0,0.0,0.0,0.0,0.0,0.0,0.015,0.031,0.011,0.034,0.0,0.0,0.0,0.0,0.0,0.0,0.0,0.0,0.0,0.0,0.0,0.0,0.0,0.0,0.0,0.0,0.0,-0.223,-0.222,-0.074,-0.072,0.001,-0.222,0.001,-0.0,1.294,0.0,5.215,0.543,0.207,0.287,0.0,0.001,-0.0
9072007,641,1.0,1.0,1.0,1.0,100.0,19.206,40.0,40.0,40.0,1.0,1.0,529.429,207.321,0.012,11.896,0.0,80.0,55.0,1.4,803.0,860.265,1194.089,51.142,55.471,71.209,70.604,71.463,52.761,1.448,1.636,0.359,61.713,49.421,91.63,53.805,0.0,71.499,112.115,85.156,112.406,33.653,62.287,36.725,-10.82,51.969,97.375,69.063,68.563,56.0,61.844,36.156,35.25,72.0,70.0,1000.0,200.0,0.104,200.875,76.313,70.188,0.309,70.313,69.813,56.875,58.219,0.0,29.031,72.0,70.0,1000.0,200.0,0.032,196.875,77.25,76.813,0.009,71.063,69.438,57.188,58.906,0.0,42.313,72.0,70.0,1000.0,200.0,0.034,202.875,76.688,76.438,0.017,70.563,70.0,58.406,60.438,0.0,35.875,72.0,70.0,1000.0,200.0,0.033,198.125,75.125,74.875,-0.004,0.0,0.0,0.0,0.0,0.0,0.0,0.0,0.0,0.0,0.0,0.0,0.0,0.0,0.0,0.0,0.0,0.015,0.031,0.011,0.034,0.0,0.0,0.0,0.0,0.0,0.0,0.0,0.0,0.0,0.0,0.0,0.0,0.0,0.0,0.0,0.0,0.0,-0.223,-0.148,-0.148,-0.072,-0.072,-0.222,-0.072,-0.0,1.276,0.0,5.079,0.529,0.207,0.277,0.001,0.001,-0.0
9072007,642,1.0,1.0,1.0,1.0,100.0,20.389,40.0,40.0,40.0,1.0,1.0,543.485,206.149,0.022,11.837,0.0,80.0,55.0,1.4,805.0,815.984,1197.212,23.058,55.686,71.209,70.604,71.251,52.975,1.341,1.643,0.355,61.818,49.372,91.49,54.057,0.0,71.714,111.893,85.262,112.259,34.02,62.287,37.162,-10.82,52.125,97.5,69.0,68.438,56.344,61.938,38.406,35.438,72.0,70.0,1000.0,200.0,0.103,200.5,76.375,70.25,0.347,70.188,69.813,56.938,58.219,0.0,28.141,72.0,70.0,1000.0,200.0,0.035,203.0,77.125,76.813,0.009,71.063,69.625,57.188,59.0,0.0,43.031,72.0,70.0,1000.0,200.0,0.032,197.5,76.688,76.438,0.017,70.313,70.0,58.406,60.438,0.0,35.875,72.0,70.0,1000.0,200.0,0.033,198.0,75.125,74.875,-0.004,0.0,0.0,0.0,0.0,0.0,0.0,0.0,0.0,0.0,0.0,0.0,0.0,0.0,0.0,0.0,0.0,0.015,0.031,0.011,0.034,0.0,0.0,0.0,0.0,0.0,0.0,0.0,0.0,0.0,0.0,0.0,0.0,0.0,0.0,0.0,0.0,-0.074,-0.223,-0.222,-0.074,-0.072,0.001,-0.222,0.001,-0.0,1.316,0.0,5.168,0.543,0.206,0.311,0.0,0.001,-0.0
9072007,643,1.0,1.0,1.0,1.0,100.0,21.443,40.0,40.0,40.0,1.0,1.0,536.457,209.663,0.012,11.911,0.0,80.0,55.0,1.4,803.25,855.963,1175.36,22.389,55.794,71.315,70.604,71.146,52.975,1.455,1.654,0.359,61.669,49.36,91.35,54.281,0.0,71.821,111.745,85.581,112.111,34.166,62.496,37.234,-10.82,52.375,97.563,69.063,68.438,56.125,62.219,36.75,35.25,72.0,70.0,1000.0,200.0,0.103,201.375,76.563,70.75,0.321,70.313,69.688,56.938,58.344,0.0,28.766,72.0,70.0,1000.0,200.0,0.033,198.5,77.125,76.813,0.009,71.063,69.625,57.281,59.0,0.0,43.594,72.0,70.0,1000.0,200.0,0.031,193.75,76.625,76.438,0.017,70.5,69.875,58.406,60.438,0.0,35.281,72.0,70.0,1000.0,200.0,0.035,203.0,75.125,74.875,-0.004,0.0,0.0,0.0,0.0,0.0,0.0,0.0,0.0,0.0,0.0,0.0,0.0,0.0,0.0,0.0,0.0,0.015,0.031,0.011,0.034,0.0,0.0,0.0,0.0,0.0,0.0,0.0,0.0,0.0,0.0,0.0,0.0,0.0,0.0,0.0,0.0,0.0,-0.223,-0.148,-0.074,-0.072,-0.072,-0.222,-0.072,-0.0,1.29,0.0,5.078,0.536,0.21,0.273,0.0,0.0,-0.0
9072007,644,1.0,1.0,1.0,1.0,100.0,22.655,40.0,40.0,40.0,1.0,1.0,535.286,208.492,0.012,11.896,0.0,80.0,55.0,1.4,800.875,851.664,1190.967,21.261,55.901,71.315,70.604,71.251,52.975,1.452,1.672,0.362,61.639,49.352,91.266,54.477,0.0,71.606,111.671,85.475,112.037,34.459,62.6,37.38,-10.82,52.469,97.625,69.063,68.438,56.438,62.313,37.031,35.094,72.0,70.0,1000.0,200.0,0.104,201.625,76.875,70.875,0.341,70.313,69.688,57.031,58.344,0.0,28.609,72.0,70.0,1000.0,200.0,0.033,200.125,77.125,76.688,0.009,70.938,69.625,57.375,59.219,0.0,43.375,72.0,70.0,1000.0,200.0,0.031,195.125,76.688,76.438,0.017,70.563,69.875,58.5,60.438,0.0,34.906,72.0,70.0,1000.0,200.0,0.035,206.875,75.0,74.875,-0.004,0.0,0.0,0.0,0.0,0.0,0.0,0.0,0.0,0.0,0.0,0.0,0.0,0.0,0.0,0.0,0.0,0.015,0.032,0.011,0.034,0.0,0.0,0.0,0.0,0.0,0.0,0.0,0.0,0.0,0.0,0.0,0.0,0.0,0.0,0.0,0.0,0.0,-0.223,-0.148,-0.148,0.001,-0.072,-0.222,-0.072,-0.0,1.235,0.0,4.828,0.535,0.208,0.299,0.001,0.001,-0.0
9072007,645,1.0,1.0,1.0,1.0,100.0,23.772,40.0,40.0,40.0,1.0,1.0,548.17,204.978,0.012,11.852,0.0,80.0,55.0,1.4,798.75,838.791,1181.602,36.274,55.901,71.315,70.604,71.357,53.082,1.459,1.647,0.355,61.576,49.507,91.21,54.561,0.0,71.606,111.45,85.687,111.815,34.532,62.496,37.671,-10.82,52.656,97.563,69.313,68.438,56.531,62.313,29.859,35.063,72.0,70.0,1000.0,200.0,0.104,201.125,77.0,70.875,0.273,70.313,69.938,57.156,58.625,0.0,28.828,72.0,70.0,1000.0,200.0,0.033,198.75,77.125,76.813,0.009,70.938,69.625,57.375,59.375,0.0,43.375,72.0,70.0,1000.0,200.0,0.031,194.875,76.625,76.438,0.017,70.5,70.0,58.5,60.438,0.0,36.344,72.0,70.0,1000.0,200.0,0.031,197.375,75.125,74.875,-0.004,0.0,0.0,0.0,0.0,0.0,0.0,0.0,0.0,0.0,0.0,0.0,0.0,0.0,0.0,0.0,0.0,0.015,0.032,0.011,0.034,0.0,0.0,0.0,0.0,0.0,0.0,0.0,0.0,0.0,0.0,0.0,0.0,0.0,0.0,0.0,0.0,-0.074,-0.223,-0.222,-0.074,0.001,-0.072,-0.222,-0.072,-0.0,1.33,0.0,5.169,0.548,0.205,0.245,0.0,0.0,-0.0
9072007,646,1.0,1.0,1.0,1.0,100.0,25.5,40.0,40.0,40.0,1.0,1.0,542.313,206.149,0.012,11.881,0.0,80.0,55.0,1.4,793.875,823.1,1183.162,33.359,56.224,71.315,70.604,71.251,53.189,1.436,1.567,0.355,61.508,49.212,91.069,54.786,0.0,71.929,111.376,85.687,111.742,34.899,62.6,38.181,-10.82,52.781,97.75,69.438,68.563,56.531,62.313,26.297,35.375,72.0,70.0,1000.0,200.0,0.102,199.125,76.875,70.625,0.264,70.313,69.938,57.375,58.625,0.0,29.313,72.0,70.0,1000.0,200.0,0.032,198.625,77.125,76.813,0.009,70.938,69.625,57.375,59.219,0.0,43.313,72.0,70.0,1000.0,200.0,0.031,196.875,76.625,76.438,0.017,70.563,70.063,58.625,60.438,0.0,36.719,72.0,70.0,1000.0,200.0,0.031,194.125,75.125,74.875,-0.004,0.0,0.0,0.0,0.0,0.0,0.0,0.0,0.0,0.0,0.0,0.0,0.0,0.0,0.0,0.0,0.0,0.015,0.031,0.011,0.035,0.0,0.0,0.0,0.0,0.0,0.0,0.0,0.0,0.0,0.0,0.0,0.0,0.0,0.0,0.0,0.0,0.0,-0.223,-0.222,-0.074,0.001,-0.072,-0.148,-0.072,-0.0,1.408,0.0,5.417,0.542,0.206,0.241,0.0,0.0,-0.0
9072007,647,1.0,1.0,1.0,1.0,100.0,26.486,40.0,40.0,40.0,1.0,1.0,541.142,207.321,0.012,11.896,0.0,80.0,55.0,1.4,793.875,833.079,1187.845,53.544,56.116,71.315,70.604,71.251,52.975,1.433,1.686,0.355,61.563,49.409,90.172,55.01,0.0,71.606,111.376,85.793,111.742,35.119,62.182,38.982,-10.82,52.875,98.188,69.313,68.563,56.625,62.438,30.281,35.156,72.0,70.0,1000.0,200.0,0.103,200.625,77.0,70.5,0.253,70.313,70.0,57.375,58.625,0.0,28.547,72.0,70.0,1000.0,200.0,0.033,200.25,77.125,76.813,0.009,70.938,69.625,57.469,59.375,0.0,42.688,72.0,70.0,1000.0,200.0,0.032,201.0,76.625,76.313,0.017,70.5,70.0,58.625,60.469,0.0,36.469,72.0,70.0,1000.0,200.0,0.032,194.5,75.0,74.875,-0.004,0.0,0.0,0.0,0.0,0.0,0.0,0.0,0.0,0.0,0.0,0.0,0.0,0.0,0.0,0.0,0.0,0.015,0.031,0.011,0.034,0.0,0.0,0.0,0.0,0.0,0.0,0.0,0.0,0.0,0.0,0.0,0.0,0.0,0.0,0.0,0.0,0.0,-0.223,-0.148,-0.074,0.001,-0.072,-0.222,0.001,-0.0,1.698,0.0,6.384,0.541,0.207,0.24,0.0,0.001,-0.0
9072007,648,1.0,1.0,1.0,1.0,100.0,27.119,40.0,40.0,40.0,1.0,1.0,548.17,204.978,0.012,11.956,0.0,80.0,55.0,1.4,804.5,837.362,1178.481,31.828,55.901,71.422,70.709,71.251,52.547,1.311,1.647,0.355,61.742,49.228,88.91,55.038,0.0,71.499,111.08,85.9,111.446,35.119,60.72,39.419,-10.82,52.969,98.25,69.313,68.563,56.438,62.313,30.5,36.469,72.0,70.0,1000.0,200.0,0.094,193.875,76.875,70.5,0.264,70.313,70.0,57.156,58.625,0.0,28.953,72.0,70.0,1000.0,200.0,0.032,197.75,76.938,76.813,0.009,70.938,69.625,57.375,59.375,0.0,42.25,72.0,70.0,1000.0,200.0,0.034,204.25,76.625,76.313,0.017,70.5,70.0,58.625,60.469,0.0,36.125,72.0,70.0,1000.0,200.0,0.032,198.75,75.0,74.875,-0.004,0.0,0.0,0.0,0.0,0.0,0.0,0.0,0.0,0.0,0.0,0.0,0.0,0.0,0.0,0.0,0.0,0.015,0.032,0.011,0.034,0.0,0.0,0.0,0.0,0.0,0.0,0.0,0.0,0.0,0.0,0.0,0.0,0.0,0.0,0.0,0.0,-0.074,-0.223,-0.222,-0.074,0.001,0.001,-0.222,0.001,-0.0,2.008,0.0,7.142,0.548,0.205,0.246,0.0,0.001,-0.0
9072007,649,1.0,1.0,1.0,1.0,100.0,27.476,40.0,40.0,40.0,1.0,1.0,550.513,201.464,0.012,11.971,0.0,80.0,55.0,1.4,805.875,864.57,1184.723,26.494,55.686,71.422,70.604,71.251,52.012,1.448,1.643,0.351,61.458,49.193,88.405,54.982,0.0,71.606,110.932,85.9,111.446,35.265,59.153,39.347,-10.82,53.125,98.25,69.313,68.563,56.125,62.219,30.719,35.625,72.0,70.0,1000.0,200.0,0.102,199.75,76.75,70.5,0.281,70.313,69.938,57.031,58.531,0.0,29.063,72.0,70.0,1000.0,200.0,0.033,197.875,76.938,76.688,0.009,71.063,69.75,57.375,59.219,0.0,42.031,72.0,70.0,1000.0,200.0,0.035,205.75,76.625,76.438,0.017,70.5,70.0,58.5,60.438,0.0,35.969,72.0,70.0,1000.0,200.0,0.032,200.125,75.0,74.875,-0.004,0.0,0.0,0.0,0.0,0.0,0.0,0.0,0.0,0.0,0.0,0.0,0.0,0.0,0.0,0.0,0.0,0.015,0.032,0.011,0.035,0.0,0.0,0.0,0.0,0.0,0.0,0.0,0.0,0.0,0.0,0.0,0.0,0.0,0.0,0.0,0.0,0.0,-0.223,-0.148,-0.074,-0.072,0.001,-0.222,0.001,-0.0,2.046,0.0,6.788,0.551,0.201,0.257,0.0,0.0,-0.0
9072007,650,1.0,1.0,1.0,1.0,100.0,27.353,40.0,40.0,40.0,1.0,1.0,536.457,206.149,0.012,11.911,0.0,80.0,55.0,1.4,799.625,861.699,1198.773,26.996,55.363,71.315,70.604,71.251,51.69,1.406,1.65,0.351,61.456,49.177,88.349,55.01,0.0,71.499,110.858,86.006,111.298,35.412,58.317,39.565,-10.82,53.094,98.188,69.063,68.438,56.0,62.031,38.438,35.594,72.0,70.0,1000.0,200.0,0.103,200.25,76.5,70.375,0.34,70.313,69.938,56.938,58.531,0.0,29.094,72.0,70.0,1000.0,200.0,0.033,198.75,76.938,76.688,0.009,70.938,69.563,57.188,59.219,0.0,41.875,72.0,70.0,1000.0,200.0,0.035,206.0,76.625,76.438,0.021,70.5,70.0,58.406,60.438,0.0,36.313,72.0,70.0,1000.0,200.0,0.031,196.5,75.0,74.813,-0.004,0.0,0.0,0.0,0.0,0.0,0.0,0.0,0.0,0.0,0.0,0.0,0.0,0.0,0.0,0.0,0.0,0.015,0.031,0.011,0.035,0.0,0.0,0.0,0.0,0.0,0.0,0.0,0.0,0.0,0.0,0.0,0.0,0.0,0.0,0.0,0.0,0.0,-0.223,-0.148,-0.074,-0.072,0.001,-0.222,0.001,-0.0,2.16,0.0,6.871,0.536,0.206,0.305,0.0,0.001,-0.0
9072007,651,1.0,1.0,1.0,1.0,100.0,27.96,40.0,40.0,40.0,1.0,1.0,522.401,207.321,0.022,11.837,0.0,80.0,55.0,1.4,802.25,858.83,1187.845,25.414,55.363,71.315,70.604,71.251,51.69,1.375,1.582,0.351,61.433,49.151,88.405,54.87,0.0,71.714,110.636,86.112,111.151,35.631,57.899,39.711,-10.82,53.031,98.063,69.313,68.438,55.906,62.219,31.25,35.625,72.0,70.0,1000.0,200.0,0.103,200.125,76.375,70.75,0.296,70.188,69.938,56.875,58.531,0.0,29.203,72.0,70.0,1000.0,200.0,0.033,198.5,76.938,76.688,0.009,71.063,69.625,57.188,59.219,0.0,42.094,72.0,70.0,1000.0,200.0,0.035,203.75,76.625,76.438,0.021,70.313,70.0,58.406,60.438,0.0,36.594,72.0,70.0,1000.0,200.0,0.031,193.25,75.0,74.813,-0.004,0.0,0.0,0.0,0.0,0.0,0.0,0.0,0.0,0.0,0.0,0.0,0.0,0.0,0.0,0.0,0.0,0.015,0.031,0.011,0.034,0.0,0.0,0.0,0.0,0.0,0.0,0.0,0.0,0.0,0.0,0.0,0.0,0.0,0.0,0.0,0.0,0.0,-0.223,-0.222,0.0,0.001,-0.072,-0.222,-0.072,-0.0,2.169,0.0,6.708,0.522,0.207,0.244,0.0,0.001,-0.0
9072007,652,1.0,1.0,1.0,1.0,100.0,27.5,40.0,40.0,40.0,1.0,1.0,545.827,203.807,0.012,11.911,0.0,80.0,55.0,1.4,812.875,878.948,1195.65,12.821,55.148,71.528,70.814,71.463,51.476,1.417,1.643,0.351,61.42,49.155,88.657,54.982,0.0,71.499,110.562,86.112,111.003,35.851,57.795,39.856,-10.82,53.094,98.125,69.063,68.25,55.813,61.938,38.938,35.5,72.0,70.0,1000.0,200.0,0.103,200.5,76.313,70.188,0.308,70.188,69.938,56.75,58.344,0.0,27.906,72.0,70.0,1000.0,200.0,0.036,206.5,76.938,76.688,0.009,70.938,69.625,56.906,59.219,0.0,42.625,72.0,70.0,1000.0,200.0,0.034,199.375,76.625,76.313,0.017,70.5,70.0,58.219,60.313,0.0,36.469,72.0,70.0,1000.0,200.0,0.032,194.25,75.0,74.813,-0.004,0.0,0.0,0.0,0.0,0.0,0.0,0.0,0.0,0.0,0.0,0.0,0.0,0.0,0.0,0.0,0.0,0.015,0.031,0.013,0.034,0.0,0.0,0.0,0.0,0.0,0.0,0.0,0.0,0.0,0.0,0.0,0.0,0.0,0.0,0.0,0.0,-0.074,-0.223,-0.222,-0.074,0.001,-0.072,-0.222,-0.072,-0.0,2.174,0.0,6.625,0.546,0.204,0.276,0.0,0.001,-0.0
9072007,653,1.0,1.0,1.0,1.0,100.0,27.603,40.0,40.0,40.0,1.0,1.0,549.341,204.978,0.022,11.911,0.0,80.0,55.0,1.4,812.875,837.362,1209.708,33.391,55.148,71.315,70.604,71.251,51.476,1.463,1.589,0.355,61.3,49.284,88.742,54.982,0.0,71.714,110.414,86.431,110.855,35.778,57.586,39.856,-10.828,52.969,98.0,69.063,68.438,55.5,61.938,39.219,35.625,72.0,70.0,1000.0,200.0,0.103,199.75,76.313,70.5,0.354,70.188,69.938,56.563,58.219,0.0,28.922,72.0,70.0,1000.0,200.0,0.033,198.5,76.938,76.688,0.009,70.938,69.75,57.094,59.125,0.0,43.438,72.0,70.0,1000.0,200.0,0.032,193.25,76.625,76.313,0.017,70.313,70.0,58.219,60.313,0.0,36.313,72.0,70.0,1000.0,200.0,0.032,195.25,75.0,74.813,-0.004,0.0,0.0,0.0,0.0,0.0,0.0,0.0,0.0,0.0,0.0,0.0,0.0,0.0,0.0,0.0,0.0,0.015,0.032,0.011,0.034,0.0,0.0,0.0,0.0,0.0,0.0,0.0,0.0,0.0,0.0,0.0,0.0,0.0,0.0,0.0,0.0,0.0,-0.223,-0.222,-0.074,-0.072,0.001,-0.222,0.001,-0.0,2.227,0.0,6.746,0.549,0.205,0.301,0.0,0.001,-0.0
9072007,654,1.0,1.0,1.0,1.0,100.0,26.918,40.0,40.0,40.0,1.0,1.0,535.286,201.464,0.022,11.896,0.0,80.0,55.0,1.4,795.0,900.587,1201.897,12.573,54.825,71.315,70.604,71.251,51.262,1.341,1.539,0.355,61.459,49.219,88.91,54.87,0.0,71.499,110.118,86.325,110.781,35.998,57.586,39.929,-10.82,53.0,97.938,69.0,68.563,55.688,62.031,41.5,35.906,72.0,70.0,1000.0,200.0,0.101,198.75,76.375,70.75,0.43,70.063,69.938,56.563,58.219,0.0,27.719,72.0,70.0,1000.0,200.0,0.037,205.875,76.938,76.813,0.009,71.063,69.625,56.906,59.125,0.0,42.375,72.0,70.0,1000.0,200.0,0.035,199.875,76.625,76.313,0.017,70.313,69.875,58.219,60.313,0.0,35.094,72.0,70.0,1000.0,200.0,0.036,205.0,75.0,74.813,-0.004,0.0,0.0,0.0,0.0,0.0,0.0,0.0,0.0,0.0,0.0,0.0,0.0,0.0,0.0,0.0,0.0,0.015,0.031,0.011,0.034,0.0,0.0,0.0,0.0,0.0,0.0,0.0,0.0,0.0,0.0,0.0,0.0,0.0,0.0,0.0,0.0,0.0,-0.297,-0.222,-0.074,-0.072,-0.146,-0.222,-0.072,-0.001,2.166,0.0,6.494,0.535,0.201,0.354,0.0,0.001,-0.0
9072007,655,1.0,1.0,1.0,1.0,100.0,26.895,40.0,40.0,40.0,1.0,1.0,535.286,207.321,0.022,11.926,0.0,80.0,55.0,1.4,801.375,878.948,1200.335,17.555,54.825,71.315,70.499,71.251,51.369,1.398,1.636,0.351,61.399,49.166,88.882,54.73,0.0,71.499,110.044,86.325,110.56,35.924,57.377,39.929,-10.82,52.813,98.0,69.0,68.563,55.5,62.219,41.813,35.813,72.0,70.0,1000.0,200.0,0.102,200.0,76.75,71.125,0.422,70.188,69.813,56.563,58.219,0.0,28.906,72.0,70.0,1000.0,200.0,0.033,197.375,76.938,76.688,0.009,71.063,69.438,56.906,59.0,0.0,42.938,72.0,70.0,1000.0,200.0,0.034,196.875,76.5,76.313,0.017,70.313,69.813,58.125,60.219,0.0,35.25,72.0,70.0,1000.0,200.0,0.035,202.5,75.0,74.75,-0.004,0.0,0.0,0.0,0.0,0.0,0.0,0.0,0.0,0.0,0.0,0.0,0.0,0.0,0.0,0.0,0.0,0.015,0.031,0.011,0.034,0.0,0.0,0.0,0.0,0.0,0.0,0.0,0.0,0.0,0.0,0.0,0.0,0.0,0.0,0.0,0.0,-0.074,-0.223,-0.222,-0.074,0.001,-0.072,-0.148,-0.072,-0.0,2.226,0.0,6.633,0.535,0.207,0.347,0.0,0.0,-0.0
9072007,656,1.0,1.0,1.0,1.0,100.0,27.018,40.0,40.0,40.0,1.0,1.0,539.971,207.321,0.012,11.777,0.0,80.0,55.0,1.4,804.625,858.83,1187.845,27.737,54.932,71.315,70.604,71.251,51.369,1.372,1.582,0.351,61.476,49.168,88.994,54.73,0.0,71.606,109.97,86.643,110.412,35.998,57.377,39.929,-10.828,52.844,98.0,69.063,68.25,55.406,62.219,40.156,36.156,72.0,70.0,1000.0,200.0,0.101,198.0,77.125,71.438,0.425,70.188,69.813,56.563,58.125,0.0,28.656,72.0,70.0,1000.0,200.0,0.032,201.875,76.938,76.688,0.009,71.063,69.563,56.906,59.0,0.0,42.906,72.0,70.0,1000.0,200.0,0.034,197.25,76.625,76.125,0.012,70.313,69.875,58.031,60.219,0.0,35.125,72.0,70.0,1000.0,200.0,0.035,205.125,74.938,74.813,-0.004,0.0,0.0,0.0,0.0,0.0,0.0,0.0,0.0,0.0,0.0,0.0,0.0,0.0,0.0,0.0,0.0,0.015,0.031,0.011,0.034,0.0,0.0,0.0,0.0,0.0,0.0,0.0,0.0,0.0,0.0,0.0,0.0,0.0,0.0,0.0,0.0,0.0,-0.223,-0.222,-0.074,-0.072,-0.072,-0.222,-0.072,-0.0,2.165,0.0,6.429,0.54,0.207,0.353,0.0,0.001,-0.0
9072007,657,1.0,1.0,1.0,1.0,100.0,26.637,40.0,40.0,40.0,1.0,1.0,544.656,204.978,0.022,11.852,0.0,80.0,55.0,1.4,804.625,831.653,1181.602,21.597,54.825,71.315,70.499,71.251,51.369,1.391,1.575,0.359,61.556,49.153,89.106,54.842,0.0,71.499,109.822,86.643,110.412,34.825,57.586,39.274,-10.82,52.844,98.063,69.063,68.438,55.406,62.438,40.469,36.125,72.0,70.0,1000.0,200.0,0.101,198.75,77.625,71.75,0.4,70.063,69.813,56.438,58.219,0.0,28.594,72.0,70.0,1000.0,200.0,0.033,199.0,76.875,76.688,0.009,70.938,69.75,56.906,59.0,0.0,43.5,72.0,70.0,1000.0,200.0,0.032,193.25,76.5,76.313,0.017,70.25,69.813,58.031,60.219,0.0,35.313,72.0,70.0,1000.0,200.0,0.034,204.375,75.0,74.813,-0.004,0.0,0.0,0.0,0.0,0.0,0.0,0.0,0.0,0.0,0.0,0.0,0.0,0.0,0.0,0.0,0.0,0.015,0.032,0.013,0.034,0.0,0.0,0.0,0.0,0.0,0.0,0.0,0.0,0.0,0.0,0.0,0.0,0.0,0.0,0.0,0.0,-0.074,-0.223,-0.222,-0.074,-0.072,0.001,-0.222,0.001,-0.001,2.317,0.0,7.325,0.545,0.205,0.344,0.0,0.0,-0.0
9072007,658,1.0,1.0,1.0,1.0,100.0,26.507,40.0,40.0,40.0,1.0,1.0,508.346,201.464,0.012,11.881,0.0,80.0,55.0,1.4,800.0,835.934,1175.36,33.727,54.825,71.209,70.499,71.251,51.369,1.345,1.632,0.355,61.332,49.125,88.91,54.898,0.0,71.499,109.6,86.431,110.191,34.02,57.69,38.4,-10.82,52.781,98.0,69.0,68.25,55.406,62.438,42.719,36.0,72.0,70.0,1000.0,200.0,0.102,199.75,78.063,71.75,0.4,70.188,69.813,56.563,58.125,0.0,28.797,72.0,70.0,1000.0,200.0,0.033,198.0,76.875,76.5,0.009,70.688,69.625,56.813,58.906,0.0,43.094,72.0,70.0,1000.0,200.0,0.031,197.75,76.5,76.125,0.017,70.25,69.813,58.031,60.094,0.0,35.813,72.0,70.0,1000.0,200.0,0.033,201.0,75.0,74.813,-0.004,0.0,0.0,0.0,0.0,0.0,0.0,0.0,0.0,0.0,0.0,0.0,0.0,0.0,0.0,0.0,0.0,0.015,0.031,0.011,0.035,0.0,0.0,0.0,0.0,0.0,0.0,0.0,0.0,0.0,0.0,0.0,0.0,0.0,0.0,0.0,0.0,0.0,-0.223,-0.148,-0.148,-0.072,-0.072,-0.222,0.001,-0.0,2.199,0.0,7.231,0.508,0.201,0.369,0.0,0.001,-0.0
9072007,659,1.0,1.0,1.0,1.0,100.0,26.054,40.0,40.0,40.0,1.0,1.0,546.999,203.807,0.022,11.986,0.0,80.0,55.0,1.4,805.0,838.791,1167.561,22.063,54.717,71.315,70.499,71.146,51.155,1.474,1.65,0.355,61.365,49.225,88.629,54.59,0.0,71.499,109.526,86.537,110.117,33.873,57.586,38.254,-10.828,52.75,98.125,68.938,68.438,55.406,62.438,43.031,35.844,72.0,70.0,1000.0,200.0,0.103,200.75,78.625,72.188,0.435,70.063,69.938,56.438,58.125,0.0,28.859,72.0,70.0,1000.0,200.0,0.033,198.875,76.875,76.688,0.009,70.875,69.75,56.813,59.0,0.0,42.75,72.0,70.0,1000.0,200.0,0.032,200.75,76.5,76.125,0.017,70.125,69.813,58.031,60.094,0.0,36.219,72.0,70.0,1000.0,200.0,0.031,197.125,75.0,74.813,-0.004,0.0,0.0,0.0,0.0,0.0,0.0,0.0,0.0,0.0,0.0,0.0,0.0,0.0,0.0,0.0,0.0,0.015,0.031,0.011,0.034,0.0,0.0,0.0,0.0,0.0,0.0,0.0,0.0,0.0,0.0,0.0,0.0,0.0,0.0,0.0,0.0,-0.074,-0.223,-0.222,-0.074,-0.072,-0.072,-0.148,-0.072,-0.001,2.214,0.0,7.297,0.547,0.204,0.409,0.0,0.001,-0.0
9072007,700,1.0,1.0,1.0,1.0,100.0,26.065,40.0,40.0,40.0,1.0,1.0,541.142,207.321,0.022,11.896,0.0,80.0,55.0,1.4,798.5,837.362,1195.65,25.285,54.825,71.209,70.499,71.146,51.155,1.448,1.658,0.351,61.638,49.413,88.517,54.59,0.0,71.606,109.452,86.749,110.043,33.946,57.168,38.254,-10.828,52.75,98.0,69.063,68.438,55.281,62.531,41.406,36.0,72.0,70.0,1000.0,200.0,0.102,200.5,78.938,72.938,0.432,70.063,69.688,56.344,58.031,0.0,27.969,72.0,70.0,1000.0,200.0,0.035,203.5,76.875,76.688,0.009,70.875,69.75,56.688,58.906,0.0,42.938,72.0,70.0,1000.0,200.0,0.031,198.75,76.5,76.125,0.017,70.25,69.813,57.938,59.875,0.0,36.0,72.0,70.0,1000.0,200.0,0.033,197.0,74.938,74.75,-0.004,0.0,0.0,0.0,0.0,0.0,0.0,0.0,0.0,0.0,0.0,0.0,0.0,0.0,0.0,0.0,0.0,0.015,0.031,0.011,0.034,0.0,0.0,0.0,0.0,0.0,0.0,0.0,0.0,0.0,0.0,0.0,0.0,0.0,0.0,0.0,0.0,0.0,-0.223,-0.148,-0.074,0.001,-0.072,-0.148,-0.072,-0.001,2.207,0.0,7.121,0.541,0.207,0.379,0.0,0.001,-0.0
9072007,701,1.0,1.0,1.0,1.0,100.0,24.921,40.0,40.0,40.0,1.0,1.0,556.369,204.978,0.012,11.852,0.0,80.0,55.0,1.4,801.25,830.226,1200.335,31.629,54.502,71.315,70.393,71.251,50.941,1.459,1.643,0.355,61.624,49.207,88.377,54.702,0.0,71.499,109.23,86.643,109.821,33.727,57.168,38.036,-10.82,52.688,98.063,69.0,68.25,55.188,62.531,43.625,35.969,72.0,70.0,1000.0,200.0,0.102,200.5,79.0,73.063,0.411,69.938,69.688,56.25,57.906,0.0,28.594,72.0,70.0,1000.0,200.0,0.033,198.875,76.875,76.688,0.009,70.875,69.438,56.563,58.906,0.0,42.594,72.0,70.0,1000.0,200.0,0.033,201.375,76.5,76.125,0.017,70.125,69.875,57.813,59.875,0.0,35.25,72.0,70.0,1000.0,200.0,0.035,202.625,74.938,74.75,-0.004,0.0,0.0,0.0,0.0,0.0,0.0,0.0,0.0,0.0,0.0,0.0,0.0,0.0,0.0,0.0,0.0,0.015,0.031,0.011,0.034,0.0,0.0,0.0,0.0,0.0,0.0,0.0,0.0,0.0,0.0,0.0,0.0,0.0,0.0,0.0,0.0,-0.074,-0.223,-0.222,-0.074,-0.072,-0.072,-0.222,-0.072,-0.0,2.179,0.0,7.097,0.556,0.205,0.357,0.0,0.001,-0.0
9072007,702,1.0,1.0,1.0,1.0,100.0,24.111,40.0,40.0,40.0,1.0,1.0,543.485,207.321,0.012,11.837,0.0,80.0,55.0,1.4,793.25,884.709,1198.773,29.002,54.394,71.209,70.499,71.146,50.727,1.33,1.578,0.355,61.451,49.192,88.433,54.505,0.0,71.499,109.23,86.643,109.747,33.36,56.854,37.817,-10.828,52.656,98.0,69.313,68.563,55.094,62.531,34.531,36.313,72.0,70.0,1000.0,200.0,0.101,198.125,79.0,73.063,0.418,70.063,69.813,56.25,58.031,1.437,29.156,72.0,70.0,1000.0,200.0,0.032,195.625,76.875,76.688,0.009,70.875,69.438,56.5,58.781,0.0,42.219,72.0,70.0,1000.0,200.0,0.034,203.875,76.375,76.125,0.017,70.125,69.813,57.813,59.813,0.0,35.219,72.0,70.0,1000.0,200.0,0.035,204.0,74.938,74.813,-0.004,0.0,0.0,0.0,0.0,0.0,0.0,0.0,0.0,0.0,0.0,0.0,0.0,0.0,0.0,0.0,0.0,0.015,0.031,0.011,0.034,0.0,0.0,0.0,0.0,0.0,0.0,0.0,0.0,0.0,0.0,0.0,0.0,0.0,0.0,0.0,0.0,-0.074,-0.223,-0.222,-0.074,-0.072,-0.072,-0.148,-0.072,-0.0,2.246,0.0,7.333,0.543,0.207,0.363,0.0,0.001,-0.0
9072007,703,1.0,1.0,1.0,1.0,100.0,23.458,40.0,40.0,40.0,1.0,1.0,528.258,207.321,0.022,11.956,0.0,80.0,55.0,1.4,789.375,840.219,1197.212,39.019,54.394,71.209,70.393,71.146,50.727,1.379,1.593,0.355,61.553,49.212,88.377,54.59,0.0,71.284,109.008,86.962,109.673,33.214,57.063,37.599,-10.82,52.625,98.0,69.063,68.438,54.906,62.531,42.219,36.438,72.0,70.0,1000.0,200.0,0.1,197.75,78.938,72.688,0.371,69.938,69.5,56.125,57.906,1.451,29.375,72.0,70.0,1000.0,200.0,0.032,196.5,76.75,76.5,0.009,70.688,69.563,56.5,58.625,0.0,42.469,72.0,70.0,1000.0,200.0,0.034,202.375,76.5,76.125,0.017,70.125,69.813,57.813,59.813,0.0,36.031,72.0,70.0,1000.0,200.0,0.032,198.25,74.938,74.75,-0.004,0.0,0.0,0.0,0.0,0.0,0.0,0.0,0.0,0.0,0.0,0.0,0.0,0.0,0.0,0.0,0.0,0.015,0.031,0.011,0.034,0.0,0.0,0.0,0.0,0.0,0.0,0.0,0.0,0.0,0.0,0.0,0.0,0.0,0.0,0.0,0.0,-0.074,-0.223,-0.296,-0.074,0.001,-0.072,-0.222,-0.072,-0.001,2.198,0.0,7.287,0.528,0.207,0.339,0.0,0.001,-0.0
9072007,704,1.0,1.0,1.0,1.0,100.0,22.717,40.0,40.0,40.0,1.0,1.0,542.313,204.978,0.012,11.911,0.0,80.0,55.0,1.4,808.125,857.396,1187.845,37.778,54.394,71.209,70.393,71.146,50.62,1.41,1.661,0.351,61.523,49.205,88.349,54.561,0.0,71.499,108.934,86.749,109.526,33.067,56.959,37.453,-10.82,52.594,97.938,69.0,68.25,54.781,62.531,42.531,36.281,72.0,70.0,1000.0,200.0,0.102,199.625,78.813,72.688,0.42,69.813,69.5,55.938,57.719,1.481,28.328,72.0,70.0,1000.0,200.0,0.034,201.125,76.875,76.5,0.009,70.688,69.625,56.5,58.625,0.0,42.219,72.0,70.0,1000.0,200.0,0.034,204.125,76.5,76.125,0.017,70.25,69.688,57.625,59.688,0.0,36.594,72.0,70.0,1000.0,200.0,0.031,193.0,74.938,74.813,-0.004,0.0,0.0,0.0,0.0,0.0,0.0,0.0,0.0,0.0,0.0,0.0,0.0,0.0,0.0,0.0,0.0,0.015,0.031,0.011,0.034,0.0,0.0,0.0,0.0,0.0,0.0,0.0,0.0,0.0,0.0,0.0,0.0,0.0,0.0,0.0,0.0,0.0,-0.223,-0.148,-0.148,-0.072,-0.072,-0.222,-0.072,-0.0,2.187,0.0,7.261,0.542,0.205,0.376,0.0,0.001,-0.0
9072007,705,1.0,1.0,1.0,1.0,100.0,21.302,40.0,40.0,40.0,1.0,1.0,537.628,207.321,0.022,11.837,0.0,80.0,55.0,1.4,795.5,835.934,1186.284,42.551,54.179,71.209,70.393,71.146,50.513,1.299,1.686,0.362,61.629,49.186,88.321,54.505,0.0,71.392,108.712,86.749,109.304,32.921,56.645,37.307,-10.82,52.531,98.0,69.0,68.25,54.781,62.438,44.813,36.313,72.0,70.0,1000.0,200.0,0.102,199.875,78.625,72.75,0.423,69.813,69.5,55.938,57.719,1.524,28.844,72.0,70.0,1000.0,200.0,0.032,198.125,76.875,76.5,0.009,70.688,69.563,56.281,58.5,0.0,42.156,72.0,70.0,1000.0,200.0,0.034,204.625,76.375,76.125,0.017,70.0,69.688,57.625,59.688,0.0,36.406,72.0,70.0,1000.0,200.0,0.031,195.625,74.938,74.75,-0.004,0.0,0.0,0.0,0.0,0.0,0.0,0.0,0.0,0.0,0.0,0.0,0.0,0.0,0.0,0.0,0.0,0.015,0.031,0.011,0.034,0.0,0.0,0.0,0.0,0.0,0.0,0.0,0.0,0.0,0.0,0.0,0.0,0.0,0.0,0.0,0.0,0.0,-0.223,-0.222,0.0,0.001,-0.072,-0.148,-0.072,-0.001,2.188,0.0,7.217,0.538,0.207,0.363,0.0,0.001,-0.0
9072007,706,1.0,1.0,1.0,1.0,100.0,19.979,40.0,40.0,40.0,1.0,1.0,534.114,208.492,0.012,11.881,0.0,80.0,55.0,1.4,795.5,835.934,1189.406,48.007,54.071,71.209,70.393,71.146,50.406,1.36,1.636,0.355,61.473,49.24,88.377,54.337,0.0,71.392,108.638,86.749,109.23,32.774,56.854,37.162,-10.82,52.438,97.938,68.938,68.25,54.688,62.438,48.781,36.406,72.0,70.0,1000.0,200.0,0.102,199.125,78.313,72.75,0.433,69.938,69.5,55.938,57.625,1.563,29.094,72.0,70.0,1000.0,200.0,0.032,197.125,76.75,76.5,0.009,70.688,69.438,56.281,58.5,0.0,42.656,72.0,70.0,1000.0,200.0,0.033,200.5,76.375,76.125,0.017,70.0,69.688,57.563,59.688,0.0,36.594,72.0,70.0,1000.0,200.0,0.031,195.0,74.938,74.75,-0.004,0.0,0.0,0.0,0.0,0.0,0.0,0.0,0.0,0.0,0.0,0.0,0.0,0.0,0.0,0.0,0.0,0.015,0.031,0.011,0.034,0.0,0.0,0.0,0.0,0.0,0.0,0.0,0.0,0.0,0.0,0.0,0.0,0.0,0.0,0.0,0.0,0.0,-0.223,-0.148,-0.074,-0.072,-0.072,-0.222,0.001,-0.0,2.165,0.0,7.247,0.534,0.208,0.352,0.0,0.001,-0.0
9072007,707,1.0,1.0,1.0,1.0,100.0,19.198,40.0,40.0,40.0,1.0,1.0,543.485,208.492,0.022,11.777,0.0,80.0,55.0,1.4,792.125,838.791,1194.089,34.253,54.071,71.315,70.499,71.357,50.513,1.44,1.636,0.362,61.492,49.245,88.798,54.449,0.0,71.392,108.416,86.962,109.156,32.701,56.959,36.87,-10.82,52.438,97.938,68.938,68.438,54.688,62.438,49.125,36.281,72.0,70.0,1000.0,200.0,0.103,200.75,78.063,72.938,0.488,69.813,69.688,55.844,57.5,5.512,28.313,72.0,70.0,1000.0,200.0,0.034,201.625,76.75,76.5,0.009,70.688,69.25,56.188,58.375,0.0,42.531,72.0,70.0,1000.0,200.0,0.033,202.375,76.375,76.125,0.017,70.0,69.5,57.438,59.531,0.0,36.313,72.0,70.0,1000.0,200.0,0.032,195.0,74.938,74.75,-0.004,0.0,0.0,0.0,0.0,0.0,0.0,0.0,0.0,0.0,0.0,0.0,0.0,0.0,0.0,0.0,0.0,0.015,0.031,0.011,0.034,0.0,0.0,0.0,0.0,0.0,0.0,0.0,0.0,0.0,0.0,0.0,0.0,0.0,0.0,0.0,0.0,-0.074,-0.223,-0.222,-0.074,-0.072,0.001,-0.222,0.001,-0.001,2.024,0.0,6.825,0.543,0.208,0.366,0.0,0.001,-0.0
9072007,708,1.0,1.0,1.0,1.0,100.0,18.192,40.0,40.0,40.0,1.0,1.0,537.628,201.464,0.012,11.837,0.0,80.0,55.0,1.4,800.25,853.097,1180.041,38.382,54.071,71.209,70.288,71.146,50.62,1.349,1.553,0.355,61.364,49.124,89.274,54.309,0.0,71.284,108.342,86.856,109.009,32.628,57.272,36.506,-10.82,52.438,97.875,69.0,68.25,54.688,62.531,45.813,36.219,72.0,70.0,1000.0,200.0,0.103,200.75,78.0,72.75,0.506,69.813,69.688,55.844,57.5,5.57,28.766,72.0,70.0,1000.0,200.0,0.032,198.0,76.875,76.5,0.009,70.688,69.625,56.188,58.5,0.0,42.531,72.0,70.0,1000.0,200.0,0.033,201.875,76.375,76.0,0.017,69.938,69.5,57.438,59.594,0.0,36.5,72.0,70.0,1000.0,200.0,0.032,193.75,74.938,74.75,-0.004,0.0,0.0,0.0,0.0,0.0,0.0,0.0,0.0,0.0,0.0,0.0,0.0,0.0,0.0,0.0,0.0,0.015,0.031,0.011,0.034,0.0,0.0,0.0,0.0,0.0,0.0,0.0,0.0,0.0,0.0,0.0,0.0,0.0,0.0,0.0,0.0,0.0,-0.297,-0.148,-0.148,-0.072,-0.072,-0.222,-0.072,-0.0,1.863,0.0,6.381,0.538,0.201,0.388,0.0,0.001,-0.0
9072007,709,1.0,1.0,1.0,1.0,100.0,17.271,40.0,40.0,40.0,1.0,1.0,535.286,209.663,0.022,11.896,0.0,80.0,55.0,1.4,805.125,825.949,1206.583,31.411,54.179,71.103,70.288,71.146,50.941,1.368,1.654,0.359,61.427,49.143,90.116,54.169,0.0,71.284,108.121,87.068,108.787,32.408,58.003,35.851,-10.82,52.438,97.813,69.0,68.25,54.781,62.531,46.125,36.469,72.0,70.0,1000.0,200.0,0.102,199.0,78.0,72.688,0.511,69.813,69.5,55.844,57.5,5.629,29.172,72.0,70.0,1000.0,200.0,0.032,195.875,76.75,76.375,0.009,70.688,69.438,56.188,58.375,0.0,42.563,72.0,70.0,1000.0,200.0,0.033,202.125,76.375,76.0,0.017,70.0,69.438,57.438,59.594,0.0,36.781,72.0,70.0,1000.0,200.0,0.031,192.25,74.813,74.75,-0.004,0.0,0.0,0.0,0.0,0.0,0.0,0.0,0.0,0.0,0.0,0.0,0.0,0.0,0.0,0.0,0.0,0.015,0.031,0.011,0.035,0.0,0.0,0.0,0.0,0.0,0.0,0.0,0.0,0.0,0.0,0.0,0.0,0.0,0.0,0.0,0.0,-0.074,-0.223,-0.222,0.0,-0.072,-0.072,-0.222,-0.072,-0.001,1.6,0.0,5.694,0.535,0.21,0.397,0.0,0.001,-0.0
9072007,710,1.0,1.0,1.0,1.0,100.0,17.288,40.0,40.0,40.0,1.0,1.0,545.827,202.635,0.012,11.822,0.0,80.0,55.0,1.4,796.375,857.396,1198.773,28.172,54.502,71.103,70.288,71.04,51.476,1.383,1.521,0.351,61.573,49.273,90.649,54.281,0.0,71.499,108.047,87.068,108.713,32.481,59.257,35.778,-10.82,52.281,97.875,69.063,68.188,54.906,62.531,44.469,36.844,72.0,70.0,1000.0,200.0,0.099,197.625,78.0,72.75,0.426,69.813,69.5,55.938,57.625,5.684,27.734,72.0,70.0,1000.0,200.0,0.035,208.5,76.875,76.688,0.009,70.563,69.25,56.188,58.375,0.0,42.875,72.0,70.0,1000.0,200.0,0.032,199.75,76.375,76.125,0.017,70.0,69.5,57.438,59.594,1.831,36.063,72.0,70.0,1000.0,200.0,0.033,196.375,74.938,74.75,-0.004,0.0,0.0,0.0,0.0,0.0,0.0,0.0,0.0,0.0,0.0,0.0,0.0,0.0,0.0,0.0,0.0,0.015,0.031,0.011,0.035,0.0,0.0,0.0,0.0,0.0,0.0,0.0,0.0,0.0,0.0,0.0,0.0,0.0,0.0,0.0,0.0,-0.074,-0.223,-0.222,-0.148,-0.072,-0.072,-0.222,-0.072,-0.0,1.456,0.0,5.419,0.546,0.203,0.327,0.0,0.001,-0.0
9072007,711,1.0,1.0,1.0,1.0,100.0,16.924,40.0,40.0,40.0,1.0,1.0,528.258,204.978,0.022,11.852,0.0,80.0,55.0,1.4,806.5,818.829,1197.212,27.345,54.61,71.103,70.288,71.146,51.798,1.333,1.64,0.355,61.555,49.332,90.957,54.59,0.0,71.284,107.973,87.068,108.713,32.408,60.406,35.851,-10.82,52.375,97.938,69.313,68.188,55.188,62.531,37.313,36.5,72.0,70.0,1000.0,200.0,0.103,200.125,78.313,72.5,0.42,69.75,69.813,56.125,57.625,8.625,28.531,72.0,70.0,1000.0,200.0,0.033,200.25,76.75,76.5,0.009,70.688,69.25,56.281,58.5,0.0,43.281,72.0,70.0,1000.0,200.0,0.031,196.875,76.188,76.0,0.017,69.938,69.438,57.438,59.531,1.842,35.625,72.0,70.0,1000.0,200.0,0.034,199.625,74.813,74.75,-0.004,0.0,0.0,0.0,0.0,0.0,0.0,0.0,0.0,0.0,0.0,0.0,0.0,0.0,0.0,0.0,0.0,0.015,0.031,0.011,0.035,0.0,0.0,0.0,0.0,0.0,0.0,0.0,0.0,0.0,0.0,0.0,0.0,0.0,0.0,0.0,0.0,-0.074,-0.223,-0.222,-0.148,-0.072,-0.146,-0.222,-0.146,-0.001,1.457,0.0,5.673,0.528,0.205,0.357,0.0,0.0,-0.0
9072007,712,1.0,1.0,1.0,1.0,100.0,17.099,40.0,40.0,40.0,1.0,1.0,524.744,203.807,0.022,11.762,0.0,80.0,55.0,1.4,806.5,820.253,1197.212,23.591,54.825,71.103,70.288,71.04,52.012,1.36,1.614,0.34,61.401,49.204,90.789,54.449,0.0,71.177,107.825,87.174,108.492,32.188,61.033,35.778,-10.82,52.406,98.0,69.063,68.188,55.281,62.656,46.938,36.688,72.0,70.0,1000.0,200.0,0.102,199.0,78.813,72.563,0.428,69.75,69.813,56.25,57.719,8.695,29.0,72.0,70.0,1000.0,200.0,0.032,197.5,76.75,76.375,0.009,70.563,69.25,56.5,58.375,0.0,43.688,72.0,70.0,1000.0,200.0,0.031,192.125,76.375,76.125,0.017,70.0,69.5,57.563,59.531,0.0,35.656,72.0,70.0,1000.0,200.0,0.034,199.625,74.813,74.75,-0.004,0.0,0.0,0.0,0.0,0.0,0.0,0.0,0.0,0.0,0.0,0.0,0.0,0.0,0.0,0.0,0.0,0.015,0.031,0.011,0.035,0.0,0.0,0.0,0.0,0.0,0.0,0.0,0.0,0.0,0.0,0.0,0.0,0.0,0.0,0.0,0.0,0.0,-0.297,-0.222,-0.148,-0.072,-0.072,-0.222,-0.072,-0.001,1.464,0.0,5.871,0.525,0.204,0.391,0.0,0.001,-0.0
9072007,713,1.0,1.0,1.0,1.0,100.0,16.982,40.0,40.0,40.0,1.0,1.0,552.855,204.978,0.012,11.822,0.0,80.0,55.0,1.4,791.5,868.879,1205.021,15.83,54.825,71.315,70.499,71.04,52.012,1.433,1.575,0.351,61.499,49.083,90.621,54.561,0.0,71.177,107.751,87.068,108.418,32.115,61.242,35.705,-10.828,52.531,97.938,69.0,68.25,55.406,62.844,47.25,36.688,72.0,70.0,1000.0,200.0,0.102,199.125,79.813,73.375,0.501,69.75,69.688,56.344,57.719,8.773,27.578,72.0,70.0,1000.0,200.0,0.035,209.125,76.75,76.375,0.009,70.563,69.438,56.563,58.5,0.0,42.906,72.0,70.0,1000.0,200.0,0.034,195.875,76.188,76.0,0.017,70.0,69.5,57.563,59.594,0.0,35.313,72.0,70.0,1000.0,200.0,0.035,202.25,74.813,74.5,-0.004,0.0,0.0,0.0,0.0,0.0,0.0,0.0,0.0,0.0,0.0,0.0,0.0,0.0,0.0,0.0,0.0,0.015,0.031,0.011,0.035,0.0,0.0,0.0,0.0,0.0,0.0,0.0,0.0,0.0,0.0,0.0,0.0,0.0,0.0,0.0,0.0,-0.074,-0.223,-0.222,-0.148,0.001,-0.072,-0.222,-0.072,-0.0,1.457,0.0,5.901,0.553,0.205,0.471,0.0,0.0,-0.0
9072007,714,1.0,1.0,1.0,1.0,100.0,17.415,40.0,40.0,40.0,1.0,1.0,531.772,206.149,0.022,11.941,0.0,80.0,55.0,1.4,791.125,861.699,1187.845,16.511,55.04,71.315,70.499,71.251,52.119,1.394,1.625,0.351,61.403,49.159,90.424,54.674,0.0,71.284,107.529,87.174,108.27,31.968,61.347,35.705,-10.82,52.594,98.0,69.0,68.25,55.5,63.219,47.594,36.719,72.0,70.0,1000.0,200.0,0.102,199.875,81.563,74.5,0.507,69.75,69.375,56.344,57.719,8.852,28.813,72.0,70.0,1000.0,200.0,0.033,198.75,76.75,76.375,0.009,70.688,69.563,56.688,58.625,0.0,43.406,72.0,70.0,1000.0,200.0,0.032,193.125,76.375,76.0,0.012,70.0,69.438,57.563,59.594,0.0,35.438,72.0,70.0,1000.0,200.0,0.035,201.375,74.813,74.5,-0.004,0.0,0.0,0.0,0.0,0.0,0.0,0.0,0.0,0.0,0.0,0.0,0.0,0.0,0.0,0.0,0.0,0.015,0.031,0.011,0.035,0.0,0.0,0.0,0.0,0.0,0.0,0.0,0.0,0.0,0.0,0.0,0.0,0.0,0.0,0.0,0.0,0.0,-0.223,-0.222,-0.074,-0.072,-0.072,-0.222,-0.072,-0.001,1.519,0.0,6.205,0.532,0.206,0.523,0.0,0.001,-0.0
9072007,715,1.0,1.0,1.0,1.0,100.0,17.737,40.0,40.0,40.0,1.0,1.0,530.6,202.635,0.012,11.896,0.0,80.0,55.0,1.4,795.25,833.079,1181.602,25.665,55.148,71.103,70.288,71.04,52.119,1.387,1.607,0.351,61.498,49.07,90.172,54.758,0.0,71.177,107.529,87.174,108.196,32.041,61.242,35.632,-10.828,52.656,98.063,69.063,68.25,55.688,63.719,47.906,36.813,72.0,70.0,1000.0,200.0,0.101,199.125,84.0,75.75,0.5,69.813,69.313,56.438,57.906,8.93,28.969,72.0,70.0,1000.0,200.0,0.032,198.375,76.75,76.375,0.009,70.688,69.563,56.688,58.625,0.0,43.281,72.0,70.0,1000.0,200.0,0.031,197.375,76.188,76.0,0.017,69.938,69.5,57.563,59.594,1.863,34.938,72.0,70.0,1000.0,200.0,0.035,206.875,74.813,74.5,-0.004,0.0,0.0,0.0,0.0,0.0,0.0,0.0,0.0,0.0,0.0,0.0,0.0,0.0,0.0,0.0,0.0,0.015,0.031,0.011,0.035,0.0,0.0,0.0,0.0,0.0,0.0,0.0,0.0,0.0,0.0,0.0,0.0,0.0,0.0,0.0,0.0,0.0,-0.223,-0.148,-0.148,-0.072,-0.072,-0.222,-0.072,-0.0,1.463,0.0,5.94,0.531,0.203,0.602,0.0,0.0,-0.0
9072007,716,1.0,1.0,1.0,1.0,100.0,18.383,40.0,40.0,40.0,1.0,1.0,539.971,201.464,0.012,11.926,0.0,80.0,55.0,1.4,792.875,857.396,1173.8,21.658,55.148,71.103,70.288,71.04,52.119,1.337,1.636,0.351,61.394,48.989,90.032,55.01,0.0,71.284,107.381,86.962,108.048,31.895,61.347,35.632,-10.82,52.75,97.938,69.063,68.438,55.688,64.25,46.281,36.906,72.0,70.0,1000.0,200.0,0.101,198.75,87.0,77.75,0.501,69.75,69.375,56.438,57.906,9.008,29.281,72.0,70.0,1000.0,200.0,0.032,196.625,76.75,76.375,0.009,70.688,69.25,56.688,58.625,0.0,42.969,72.0,70.0,1000.0,200.0,0.032,199.25,76.375,76.0,0.017,69.938,69.438,57.625,59.688,1.885,35.375,72.0,70.0,1000.0,200.0,0.034,203.5,74.688,74.5,-0.004,0.0,0.0,0.0,0.0,0.0,0.0,0.0,0.0,0.0,0.0,0.0,0.0,0.0,0.0,0.0,0.0,0.015,0.031,0.011,0.034,0.0,0.0,0.0,0.0,0.0,0.0,0.0,0.0,0.0,0.0,0.0,0.0,0.0,0.0,0.0,0.0,-0.074,-0.223,-0.222,-0.074,0.001,-0.072,-0.148,-0.072,-0.0,1.513,0.0,6.197,0.54,0.201,0.676,0.0,0.001,-0.0
9072007,717,1.0,1.0,1.0,1.0,100.0,18.148,40.0,40.0,40.0,1.0,1.0,524.744,202.635,0.022,11.896,0.0,80.0,55.0,1.4,806.75,850.232,1194.089,31.408,55.148,71.209,70.288,71.04,52.226,1.36,1.542,0.355,61.687,49.193,89.891,54.926,0.0,71.284,107.233,87.174,107.975,31.895,61.242,35.632,-10.82,52.781,98.0,69.063,68.563,55.688,65.063,39.094,37.563,72.0,70.0,1000.0,200.0,0.099,195.875,90.125,79.688,0.412,69.75,69.313,56.438,57.906,9.086,28.969,72.0,70.0,1000.0,200.0,0.033,197.0,76.688,76.375,0.009,70.688,69.0,56.688,58.625,0.0,42.031,72.0,70.0,1000.0,200.0,0.035,204.125,76.188,76.0,0.017,69.938,69.438,57.625,59.594,1.903,35.938,72.0,70.0,1000.0,200.0,0.032,199.125,74.813,74.5,-0.004,0.0,0.0,0.0,0.0,0.0,0.0,0.0,0.0,0.0,0.0,0.0,0.0,0.0,0.0,0.0,0.0,0.015,0.031,0.011,0.035,0.0,0.0,0.0,0.0,0.0,0.0,0.0,0.0,0.0,0.0,0.0,0.0,0.0,0.0,0.0,0.0,-0.074,-0.223,-0.148,-0.074,0.001,-0.072,-0.222,-0.072,-0.001,1.515,0.0,6.181,0.525,0.203,0.626,0.0,0.0,-0.0
9072007,718,1.0,1.0,1.0,1.0,100.0,18.679,40.0,40.0,40.0,1.0,1.0,534.114,204.978,0.022,11.911,0.0,80.0,55.0,1.4,805.0,891.921,1203.459,23.991,55.363,71.103,70.183,71.04,52.226,1.413,1.643,0.351,61.541,49.321,89.583,55.15,0.0,71.392,107.085,87.068,107.827,31.748,61.242,35.632,-10.828,52.938,98.0,69.313,68.563,55.813,65.625,39.344,36.219,72.0,70.0,1000.0,200.0,0.108,204.0,93.75,81.125,0.422,69.75,69.313,56.438,58.031,9.164,27.453,72.0,70.0,1000.0,200.0,0.036,210.0,76.75,76.375,0.009,70.5,69.125,56.813,58.625,0.0,42.188,72.0,70.0,1000.0,200.0,0.034,203.625,76.188,75.813,0.017,70.0,69.5,57.625,59.594,0.0,36.531,72.0,70.0,1000.0,200.0,0.031,193.5,74.688,74.5,-0.004,0.0,0.0,0.0,0.0,0.0,0.0,0.0,0.0,0.0,0.0,0.0,0.0,0.0,0.0,0.0,0.0,0.015,0.032,0.011,0.035,0.0,0.0,0.0,0.0,0.0,0.0,0.0,0.0,0.0,0.0,0.0,0.0,0.0,0.0,0.0,0.0,-0.074,-0.223,-0.222,-0.074,-0.072,-0.072,-0.222,0.001,-0.001,1.569,0.0,6.433,0.534,0.205,0.775,0.0,0.001,-0.0
9072007,719,1.0,1.0,1.0,1.0,100.0,18.756,40.0,40.0,40.0,1.0,1.0,545.827,203.807,0.012,12.001,0.0,80.0,55.0,1.4,805.0,855.963,1209.708,35.573,55.148,71.103,70.288,71.146,52.119,1.425,1.604,0.351,61.384,49.169,89.443,55.234,0.0,71.177,106.937,87.174,107.679,33.873,61.138,37.234,-10.828,53.0,98.0,69.313,68.688,55.688,66.5,39.563,36.563,72.0,70.0,1000.0,200.0,0.104,201.125,97.375,83.563,0.42,69.75,69.313,56.563,57.906,9.242,28.547,72.0,70.0,1000.0,200.0,0.033,199.75,76.75,76.375,0.009,70.563,69.438,56.813,58.781,0.0,42.406,72.0,70.0,1000.0,200.0,0.034,202.125,76.375,75.938,0.017,69.938,69.438,57.625,59.594,1.935,36.563,72.0,70.0,1000.0,200.0,0.031,193.5,74.688,74.5,-0.004,0.0,0.0,0.0,0.0,0.0,0.0,0.0,0.0,0.0,0.0,0.0,0.0,0.0,0.0,0.0,0.0,0.015,0.031,0.011,0.034,0.0,0.0,0.0,0.0,0.0,0.0,0.0,0.0,0.0,0.0,0.0,0.0,0.0,0.0,0.0,0.0,-0.074,-0.223,-0.222,-0.074,-0.072,-0.072,-0.222,-0.072,-0.0,1.479,0.0,5.605,0.546,0.204,0.843,0.0,0.001,-0.0
9072007,720,1.0,1.0,1.0,1.0,100.0,19.216,40.0,40.0,40.0,1.0,1.0,534.114,204.978,0.012,11.881,0.0,80.0,55.0,1.4,802.0,834.507,1181.602,33.734,55.255,71.103,70.288,71.04,52.226,1.421,1.614,0.355,61.535,49.082,89.611,55.122,0.0,71.284,106.863,87.174,107.458,34.239,60.72,37.671,-10.828,53.094,97.813,69.438,68.75,55.688,67.438,36.0,36.719,72.0,70.0,1000.0,200.0,0.102,199.625,100.938,86.25,0.42,69.75,69.313,56.438,58.031,9.32,28.875,72.0,70.0,1000.0,200.0,0.033,197.75,76.75,76.375,0.009,70.688,69.438,56.813,58.781,0.0,42.656,72.0,70.0,1000.0,200.0,0.033,200.5,76.188,75.938,0.017,69.938,69.438,57.625,59.594,1.952,36.438,72.0,70.0,1000.0,200.0,0.032,194.5,74.813,74.5,-0.004,0.0,0.0,0.0,0.0,0.0,0.0,0.0,0.0,0.0,0.0,0.0,0.0,0.0,0.0,0.0,0.0,0.015,0.031,0.011,0.034,0.0,0.0,0.0,0.0,0.0,0.0,0.0,0.0,0.0,0.0,0.0,0.0,0.0,0.0,0.0,0.0,-0.074,-0.297,-0.148,-0.074,-0.072,-0.072,-0.222,-0.072,-0.0,1.54,0.0,5.666,0.534,0.205,0.896,0.0,0.001,-0.0
9072007,721,1.0,1.0,1.0,1.0,100.0,19.462,40.0,40.0,40.0,1.0,1.0,534.114,207.321,0.022,11.911,0.0,80.0,55.0,1.4,804.5,858.83,1189.406,27.539,55.255,71.103,70.393,71.04,52.226,1.421,1.51,0.359,61.423,49.111,89.863,55.234,0.0,71.177,106.789,87.068,107.458,34.386,60.824,37.817,-10.82,53.094,97.875,69.563,69.063,55.813,68.438,32.406,36.469,72.0,70.0,1000.0,200.0,0.104,200.75,104.063,88.375,0.367,69.75,69.313,56.563,58.031,9.406,28.844,72.0,70.0,1000.0,200.0,0.033,198.125,76.688,76.375,0.009,70.688,69.125,56.813,58.781,0.0,42.469,72.0,70.0,1000.0,200.0,0.034,202.5,76.188,75.938,0.017,69.75,69.25,57.625,59.594,8.672,36.281,72.0,70.0,1000.0,200.0,0.032,194.75,74.688,74.5,-0.004,0.0,0.0,0.0,0.0,0.0,0.0,0.0,0.0,0.0,0.0,0.0,0.0,0.0,0.0,0.0,0.0,0.015,0.031,0.011,0.035,0.0,0.0,0.0,0.0,0.0,0.0,0.0,0.0,0.0,0.0,0.0,0.0,0.0,0.0,0.0,0.0,-0.074,-0.223,-0.222,-0.074,-0.072,-0.072,-0.222,-0.072,-0.001,1.546,0.0,5.678,0.534,0.207,0.835,0.0,0.001,-0.0
9072007,722,1.0,1.0,1.0,1.0,100.0,19.997,40.0,40.0,40.0,1.0,1.0,532.943,201.464,0.012,11.911,0.0,80.0,55.0,1.4,800.375,827.375,1189.406,45.181,55.363,71.103,70.393,71.04,52.333,1.36,1.585,0.348,61.549,49.205,90.004,54.982,0.0,71.177,106.641,87.281,107.384,34.386,60.929,37.817,-10.82,53.063,97.875,69.563,69.125,55.813,68.938,28.781,36.875,72.0,70.0,1000.0,200.0,0.1,198.5,106.625,89.438,0.299,69.75,69.313,56.563,57.906,9.492,28.844,72.0,70.0,1000.0,200.0,0.032,200.625,76.75,76.375,0.009,70.688,69.25,56.906,58.781,0.0,42.813,72.0,70.0,1000.0,200.0,0.033,200.375,76.188,75.938,0.017,69.75,69.25,57.625,59.594,8.742,36.406,72.0,70.0,1000.0,200.0,0.032,194.375,74.813,74.5,-0.004,0.0,0.0,0.0,0.0,0.0,0.0,0.0,0.0,0.0,0.0,0.0,0.0,0.0,0.0,0.0,0.0,0.015,0.031,0.011,0.035,0.0,0.0,0.0,0.0,0.0,0.0,0.0,0.0,0.0,0.0,0.0,0.0,0.0,0.0,0.0,0.0,-0.074,-0.297,-0.222,-0.148,-0.146,-0.072,-0.222,-0.072,-0.0,1.54,0.0,5.678,0.533,0.201,0.745,0.0,0.001,-0.0
9072007,723,1.0,1.0,1.0,1.0,100.0,20.394,40.0,40.0,40.0,1.0,1.0,541.142,201.464,0.012,11.896,0.0,80.0,55.0,1.4,806.125,848.801,1194.089,42.652,55.363,71.103,70.393,71.04,52.547,1.41,1.524,0.351,61.379,49.094,90.116,55.178,0.0,71.069,106.567,87.174,107.236,34.825,61.033,38.181,-10.828,53.188,97.875,69.625,69.25,55.906,69.125,28.906,36.844,72.0,70.0,1000.0,200.0,0.102,198.875,108.438,89.5,0.289,69.75,69.313,56.75,58.125,9.578,28.703,72.0,70.0,1000.0,200.0,0.033,198.5,76.688,76.375,0.009,70.563,69.25,56.906,58.906,0.0,43.031,72.0,70.0,1000.0,200.0,0.032,198.375,76.375,75.938,0.017,69.938,69.25,57.813,59.688,2.148,36.406,72.0,70.0,1000.0,200.0,0.032,194.375,74.688,74.375,-0.004,0.0,0.0,0.0,0.0,0.0,0.0,0.0,0.0,0.0,0.0,0.0,0.0,0.0,0.0,0.0,0.0,0.015,0.032,0.011,0.035,0.0,0.0,0.0,0.0,0.0,0.0,0.0,0.0,0.0,0.0,0.0,0.0,0.0,0.0,0.0,0.0,-0.074,-0.223,-0.222,-0.074,-0.146,-0.072,-0.222,-0.072,-0.0,1.523,0.0,5.546,0.541,0.201,0.793,0.0,0.001,-0.0
9072007,724,1.0,1.0,1.0,1.0,100.0,21.547,40.0,40.0,40.0,1.0,1.0,529.429,201.464,0.012,11.896,0.0,80.0,55.0,1.4,794.375,854.529,1195.65,49.143,55.686,71.315,70.604,71.251,52.654,1.425,1.625,0.355,61.315,49.104,90.032,55.178,0.0,71.392,106.419,87.174,107.088,35.265,61.033,38.618,-10.82,53.219,97.813,69.75,69.375,56.0,69.563,26.266,36.469,72.0,70.0,1000.0,200.0,0.104,201.0,110.188,90.25,0.277,69.625,69.375,56.75,58.125,13.32,28.797,72.0,70.0,1000.0,200.0,0.033,198.375,76.688,76.375,0.009,70.563,69.25,56.906,58.906,0.0,42.5,72.0,70.0,1000.0,200.0,0.034,202.5,76.188,75.938,0.017,69.75,69.438,57.813,59.813,8.867,36.469,72.0,70.0,1000.0,200.0,0.032,193.875,74.688,74.5,-0.004,0.0,0.0,0.0,0.0,0.0,0.0,0.0,0.0,0.0,0.0,0.0,0.0,0.0,0.0,0.0,0.0,0.015,0.031,0.011,0.034,0.0,0.0,0.0,0.0,0.0,0.0,0.0,0.0,0.0,0.0,0.0,0.0,0.0,0.0,0.0,0.0,-0.074,-0.223,-0.222,-0.074,-0.072,-0.072,-0.222,-0.072,-0.0,1.548,0.0,5.541,0.529,0.201,0.8,0.0,0.001,-0.0
9072007,725,1.0,1.0,1.0,1.0,100.0,21.771,40.0,40.0,40.0,1.0,1.0,539.971,210.835,0.012,11.971,0.0,80.0,55.0,1.4,794.375,820.253,1223.773,55.179,55.578,71.103,70.393,71.04,52.654,1.41,1.56,0.355,61.496,49.381,90.06,55.094,0.0,71.177,106.271,86.962,107.014,35.631,61.033,38.982,-10.82,53.281,97.813,69.75,69.438,56.0,69.625,26.344,36.844,72.0,70.0,1000.0,200.0,0.102,199.125,111.625,91.0,0.221,69.625,69.313,56.75,58.219,13.438,29.172,72.0,70.0,1000.0,200.0,0.032,197.125,76.688,76.375,0.009,70.5,69.438,56.906,58.906,0.0,43.25,72.0,70.0,1000.0,200.0,0.031,196.875,76.125,75.938,0.017,69.75,69.25,57.813,59.688,8.945,36.344,72.0,70.0,1000.0,200.0,0.032,194.25,74.688,74.5,-0.004,0.0,0.0,0.0,0.0,0.0,0.0,0.0,0.0,0.0,0.0,0.0,0.0,0.0,0.0,0.0,0.0,0.014,0.031,0.011,0.034,0.0,0.0,0.0,0.0,0.0,0.0,0.0,0.0,0.0,0.0,0.0,0.0,0.0,0.0,0.0,0.0,-0.074,-0.223,-0.222,-0.074,-0.072,-0.072,-0.222,-0.072,-0.0,1.579,0.0,5.572,0.54,0.211,0.66,0.0,0.0,-0.0
9072007,726,1.0,1.0,1.0,1.0,100.0,22.58,40.0,40.0,40.0,1.0,1.0,536.457,203.807,0.012,11.911,0.0,80.0,55.0,1.4,804.25,845.939,1194.089,38.989,55.578,71.209,70.499,71.04,52.654,1.406,1.567,0.351,61.345,49.166,90.284,55.29,0.0,71.177,106.197,87.281,106.867,35.705,61.033,39.055,-10.82,53.406,97.75,69.938,69.625,56.0,69.625,18.969,36.719,72.0,70.0,1000.0,200.0,0.103,200.0,112.5,90.25,0.198,69.625,69.375,56.875,58.219,13.547,27.813,72.0,70.0,1000.0,200.0,0.036,206.375,76.688,76.25,0.009,70.563,69.438,57.094,58.906,0.0,43.531,72.0,70.0,1000.0,200.0,0.031,194.5,76.125,75.938,0.017,69.563,69.25,57.813,59.688,11.781,36.063,72.0,70.0,1000.0,200.0,0.033,196.625,74.688,74.375,-0.004,0.0,0.0,0.0,0.0,0.0,0.0,0.0,0.0,0.0,0.0,0.0,0.0,0.0,0.0,0.0,0.0,0.015,0.032,0.011,0.034,0.0,0.0,0.0,0.0,0.0,0.0,0.0,0.0,0.0,0.0,0.0,0.0,0.0,0.0,0.0,0.0,0.0,-0.149,-0.148,-0.148,-0.072,-0.072,-0.222,-0.072,-0.0,1.575,0.0,5.542,0.536,0.204,0.637,0.001,0.0,-0.0
9072007,727,1.0,1.0,1.0,1.0,100.0,23.484,40.0,40.0,40.0,1.0,1.0,538.799,206.149,0.012,11.956,0.0,80.0,55.0,1.4,811.25,831.653,1184.723,25.801,55.686,71.209,70.499,71.04,52.868,1.452,1.64,0.355,61.609,49.293,90.256,55.374,0.0,71.177,106.049,87.068,106.719,35.924,61.138,39.201,-10.82,53.438,97.75,69.938,69.625,56.125,69.625,19.0,36.844,72.0,70.0,1000.0,200.0,0.102,199.375,113.313,89.5,0.187,69.625,69.313,56.875,58.219,13.648,28.969,72.0,70.0,1000.0,200.0,0.033,197.0,76.688,76.25,0.009,70.688,69.563,57.188,59.0,0.0,43.594,72.0,70.0,1000.0,200.0,0.031,193.625,76.375,75.938,0.015,69.688,69.25,57.938,59.688,9.156,36.063,72.0,70.0,1000.0,200.0,0.033,197.125,74.563,74.5,-0.004,0.0,0.0,0.0,0.0,0.0,0.0,0.0,0.0,0.0,0.0,0.0,0.0,0.0,0.0,0.0,0.0,0.015,0.031,0.011,0.034,0.0,0.0,0.0,0.0,0.0,0.0,0.0,0.0,0.0,0.0,0.0,0.0,0.0,0.0,0.0,0.0,0.0,-0.297,-0.148,-0.074,-0.072,-0.072,-0.222,0.001,-0.0,1.554,0.0,5.441,0.539,0.206,0.644,0.001,0.001,-0.0
9072007,728,1.0,1.0,1.0,1.0,100.0,24.744,40.0,40.0,40.0,1.0,1.0,532.943,207.321,0.012,11.956,0.0,80.0,55.0,1.4,795.0,834.507,1192.528,48.868,55.901,71.209,70.499,71.04,52.975,1.44,1.672,0.355,61.76,49.377,90.228,55.178,0.0,71.284,105.975,87.174,106.645,36.218,61.242,39.492,-10.82,53.469,97.75,70.063,69.625,56.344,69.313,16.141,36.875,72.0,70.0,1000.0,200.0,0.102,200.125,114.0,89.313,0.187,69.625,69.313,56.938,58.344,13.766,29.031,72.0,70.0,1000.0,200.0,0.033,198.25,76.563,76.25,0.009,70.688,69.563,57.188,59.0,0.0,43.344,72.0,70.0,1000.0,200.0,0.031,196.875,76.125,75.938,0.017,69.75,69.438,57.938,59.688,9.25,36.063,72.0,70.0,1000.0,200.0,0.033,197.25,74.688,74.375,-0.004,0.0,0.0,0.0,0.0,0.0,0.0,0.0,0.0,0.0,0.0,0.0,0.0,0.0,0.0,0.0,0.0,0.015,0.031,0.011,0.035,0.0,0.0,0.0,0.0,0.0,0.0,0.0,0.0,0.0,0.0,0.0,0.0,0.0,0.0,0.0,0.0,-0.074,-0.223,-0.222,-0.148,0.001,-0.072,-0.148,-0.072,-0.0,1.564,0.0,5.436,0.533,0.207,0.668,0.0,0.0,-0.0
9072007,729,1.0,1.0,1.0,1.0,100.0,25.754,40.0,40.0,40.0,1.0,1.0,543.485,206.149,0.012,11.956,0.0,80.0,55.0,1.4,795.0,858.83,1184.723,39.688,55.794,71.103,70.499,71.04,52.975,1.433,1.604,0.355,61.377,49.214,90.2,55.486,0.0,71.177,105.901,87.174,106.423,36.437,61.242,39.784,-10.82,53.469,97.688,70.063,69.75,56.438,69.563,19.016,36.625,72.0,70.0,1000.0,200.0,0.104,201.25,114.75,89.313,0.181,69.75,69.313,56.938,58.344,10.219,28.984,72.0,70.0,1000.0,200.0,0.033,199.0,76.688,76.25,0.009,70.563,69.125,57.188,59.0,0.0,43.094,72.0,70.0,1000.0,200.0,0.032,197.75,76.125,75.813,0.017,69.688,69.25,57.938,59.813,12.07,35.969,72.0,70.0,1000.0,200.0,0.033,197.375,74.563,74.375,-0.004,0.0,0.0,0.0,0.0,0.0,0.0,0.0,0.0,0.0,0.0,0.0,0.0,0.0,0.0,0.0,0.0,0.015,0.031,0.011,0.034,0.0,0.0,0.0,0.0,0.0,0.0,0.0,0.0,0.0,0.0,0.0,0.0,0.0,0.0,0.0,0.0,-0.074,-0.223,-0.222,-0.074,-0.072,-0.072,-0.222,-0.072,-0.0,1.613,0.0,5.557,0.543,0.206,0.666,0.001,0.001,-0.0
9072007,730,1.0,1.0,1.0,1.0,100.0,26.824,40.0,40.0,40.0,1.0,1.0,531.772,199.122,0.012,11.911,0.0,80.0,55.0,1.4,795.75,830.226,1195.65,41.534,56.009,71.422,70.604,71.357,53.082,1.417,1.611,0.348,61.424,49.15,90.144,55.514,0.0,71.392,105.753,87.068,106.423,36.437,61.242,40.148,-10.82,53.563,97.75,70.063,69.625,56.344,69.563,16.141,36.75,72.0,70.0,1000.0,200.0,0.103,200.5,115.313,89.563,0.165,69.625,69.313,56.938,58.344,13.953,28.125,72.0,70.0,1000.0,200.0,0.035,203.875,76.563,76.25,0.009,70.563,69.25,57.281,59.125,0.0,43.219,72.0,70.0,1000.0,200.0,0.031,197.125,76.125,75.938,0.017,69.688,69.25,57.938,59.813,12.18,35.813,72.0,70.0,1000.0,200.0,0.033,197.75,74.563,74.5,-0.004,0.0,0.0,0.0,0.0,0.0,0.0,0.0,0.0,0.0,0.0,0.0,0.0,0.0,0.0,0.0,0.0,0.015,0.031,0.011,0.035,0.0,0.0,0.0,0.0,0.0,0.0,0.0,0.0,0.0,0.0,0.0,0.0,0.0,0.0,0.0,0.0,-0.074,-0.223,-0.222,-0.074,0.001,-0.072,-0.148,-0.072,-0.0,1.782,0.0,6.138,0.532,0.199,0.614,0.0,0.0,-0.0
9072007,731,1.0,1.0,1.0,1.0,100.0,27.584,40.0,40.0,40.0,1.0,1.0,537.628,207.321,0.012,11.881,0.0,80.0,55.0,1.4,799.375,847.369,1186.284,40.285,55.901,71.209,70.499,71.04,52.761,1.314,1.571,0.359,61.5,49.129,89.19,55.739,0.0,71.177,105.605,86.962,106.276,36.584,60.615,40.585,-10.82,53.594,97.813,70.063,69.875,56.344,69.563,16.125,37.375,72.0,70.0,1000.0,200.0,0.099,196.625,115.75,89.5,0.166,69.625,69.313,56.938,58.531,14.063,28.938,72.0,70.0,1000.0,200.0,0.031,198.75,76.688,76.25,0.009,70.563,69.25,57.281,59.125,0.0,43.031,72.0,70.0,1000.0,200.0,0.032,198.375,76.125,75.938,0.017,69.688,69.188,58.031,59.813,16.063,35.156,72.0,70.0,1000.0,200.0,0.035,204.0,74.563,74.375,-0.004,0.0,0.0,0.0,0.0,0.0,0.0,0.0,0.0,0.0,0.0,0.0,0.0,0.0,0.0,0.0,0.0,0.015,0.032,0.011,0.035,0.0,0.0,0.0,0.0,0.0,0.0,0.0,0.0,0.0,0.0,0.0,0.0,0.0,0.0,0.0,0.0,-0.074,-0.223,-0.222,-0.074,0.001,-0.072,-0.222,-0.072,-0.0,1.978,0.0,6.6,0.538,0.207,0.63,0.001,0.0,-0.0
9072007,732,1.0,1.0,1.0,1.0,100.0,28.034,40.0,40.0,40.0,1.0,1.0,545.827,203.807,0.022,11.866,0.0,80.0,55.0,1.4,798.125,863.135,1205.021,41.951,55.686,71.315,70.709,71.357,52.44,1.341,1.661,0.362,61.843,49.393,88.629,55.683,0.0,71.177,105.531,87.281,106.202,34.752,59.153,39.419,-10.828,53.688,97.563,70.125,69.875,56.125,69.563,13.375,37.531,72.0,70.0,1000.0,200.0,0.1,197.375,116.188,89.188,0.164,69.625,69.375,56.938,58.344,14.172,28.734,72.0,70.0,1000.0,200.0,0.033,198.25,76.688,76.25,0.009,70.563,69.25,57.188,59.0,0.0,42.094,72.0,70.0,1000.0,200.0,0.035,203.625,76.0,75.938,0.017,69.688,69.25,57.938,59.813,12.398,35.781,72.0,70.0,1000.0,200.0,0.033,200.625,74.563,74.375,-0.004,0.0,0.0,0.0,0.0,0.0,0.0,0.0,0.0,0.0,0.0,0.0,0.0,0.0,0.0,0.0,0.0,0.015,0.031,0.011,0.034,0.0,0.0,0.0,0.0,0.0,0.0,0.0,0.0,0.0,0.0,0.0,0.0,0.0,0.0,0.0,0.0,-0.074,-0.223,-0.222,-0.074,-0.072,-0.072,-0.222,-0.072,-0.001,2.27,0.0,7.694,0.546,0.204,0.64,0.001,0.0,-0.0
9072007,733,1.0,1.0,1.0,1.0,100.0,28.172,40.0,40.0,40.0,1.0,1.0,542.313,202.635,0.012,11.911,0.0,80.0,55.0,1.4,798.125,857.396,1201.897,32.566,55.471,71.209,70.499,71.146,52.119,1.433,1.571,0.351,61.545,49.262,88.181,55.739,0.0,71.177,105.457,86.962,106.128,34.313,58.108,38.91,-10.828,53.75,97.5,70.125,69.875,56.0,69.25,16.094,36.875,72.0,70.0,1000.0,200.0,0.104,201.625,116.438,88.938,0.11,69.625,69.375,56.875,58.344,14.289,28.625,72.0,70.0,1000.0,200.0,0.033,199.375,76.563,76.25,0.009,70.563,69.25,57.188,59.0,0.0,42.625,72.0,70.0,1000.0,200.0,0.034,198.75,76.125,75.938,0.017,69.75,69.25,57.938,59.813,9.781,35.906,72.0,70.0,1000.0,200.0,0.032,199.75,74.563,74.375,-0.004,0.0,0.0,0.0,0.0,0.0,0.0,0.0,0.0,0.0,0.0,0.0,0.0,0.0,0.0,0.0,0.0,0.015,0.032,0.011,0.034,0.0,0.0,0.0,0.0,0.0,0.0,0.0,0.0,0.0,0.0,0.0,0.0,0.0,0.0,0.0,0.0,0.0,-0.223,-0.222,-0.074,-0.072,-0.072,-0.148,-0.072,-0.0,2.301,0.0,7.608,0.542,0.203,0.437,0.0,0.0,-0.0
9072007,734,1.0,1.0,1.0,1.0,100.0,28.181,40.0,40.0,40.0,1.0,1.0,543.485,203.807,0.012,11.852,0.0,80.0,55.0,1.4,804.25,861.699,1186.284,30.625,55.255,71.209,70.499,71.146,51.69,1.455,1.643,0.359,61.394,49.171,87.507,55.346,0.0,71.284,105.309,87.174,105.906,34.313,57.69,38.764,-10.82,53.656,97.313,70.125,69.875,55.906,68.688,16.078,37.0,72.0,70.0,1000.0,200.0,0.103,200.375,116.438,88.0,0.126,69.625,69.313,56.75,58.344,14.406,28.875,72.0,70.0,1000.0,200.0,0.033,198.25,76.563,76.25,0.009,70.563,69.125,56.906,59.0,0.0,42.594,72.0,70.0,1000.0,200.0,0.035,199.5,76.125,75.813,0.017,69.688,69.438,57.938,59.813,12.617,36.563,72.0,70.0,1000.0,200.0,0.031,193.625,74.563,74.375,-0.004,0.0,0.0,0.0,0.0,0.0,0.0,0.0,0.0,0.0,0.0,0.0,0.0,0.0,0.0,0.0,0.0,0.015,0.031,0.011,0.035,0.0,0.0,0.0,0.0,0.0,0.0,0.0,0.0,0.0,0.0,0.0,0.0,0.0,0.0,0.0,0.0,0.0,-0.223,-0.148,-0.074,-0.072,-0.072,-0.222,-0.072,-0.0,2.257,0.0,7.33,0.543,0.204,0.518,0.0,0.001,-0.0
9072007,735,1.0,1.0,1.0,1.0,100.0,27.563,40.0,40.0,40.0,1.0,1.0,528.258,199.122,0.012,11.866,0.0,80.0,55.0,1.4,800.625,827.375,1190.967,30.792,54.932,71.422,70.709,71.251,51.262,1.402,1.643,0.348,61.311,49.033,87.451,55.402,0.0,71.177,105.161,86.856,105.833,34.313,56.854,38.764,-10.82,53.625,97.188,70.125,69.75,55.5,68.563,16.047,36.969,72.0,70.0,1000.0,200.0,0.103,200.375,116.75,87.375,0.114,69.625,69.188,56.438,58.219,14.531,29.078,72.0,70.0,1000.0,200.0,0.032,197.625,76.688,76.25,0.009,70.563,69.125,56.813,58.906,0.0,43.469,72.0,70.0,1000.0,200.0,0.032,192.75,76.0,75.938,0.017,69.688,69.438,57.813,59.813,12.727,36.344,72.0,70.0,1000.0,200.0,0.032,194.25,74.563,74.313,-0.004,0.0,0.0,0.0,0.0,0.0,0.0,0.0,0.0,0.0,0.0,0.0,0.0,0.0,0.0,0.0,0.0,0.015,0.032,0.011,0.035,0.0,0.0,0.0,0.0,0.0,0.0,0.0,0.0,0.0,0.0,0.0,0.0,0.0,0.0,0.0,0.0,0.0,-0.223,-0.222,-0.074,-0.072,0.001,-0.222,0.001,-0.0,2.343,0.0,7.339,0.528,0.199,0.484,0.001,0.0,-0.0
9072007,736,1.0,1.0,1.0,1.0,100.0,27.405,40.0,40.0,40.0,1.0,1.0,529.429,206.149,0.012,11.837,0.0,80.0,55.0,1.4,803.125,881.828,1197.212,19.883,54.825,71.209,70.499,71.04,51.048,1.448,1.676,0.351,61.515,49.069,87.788,55.122,0.0,71.392,105.013,87.174,105.685,34.02,56.436,38.473,-10.82,53.531,97.188,70.063,69.75,55.406,68.5,16.031,37.313,72.0,70.0,1000.0,200.0,0.101,198.75,117.063,87.063,0.137,69.625,69.313,56.344,58.125,14.656,27.438,72.0,70.0,1000.0,200.0,0.036,210.875,76.563,76.25,0.009,70.688,69.25,56.688,58.906,0.0,42.688,72.0,70.0,1000.0,200.0,0.034,198.625,76.0,75.813,0.017,69.563,69.25,57.625,59.688,16.625,35.844,72.0,70.0,1000.0,200.0,0.033,198.0,74.563,74.375,-0.004,0.0,0.0,0.0,0.0,0.0,0.0,0.0,0.0,0.0,0.0,0.0,0.0,0.0,0.0,0.0,0.0,0.015,0.031,0.011,0.034,0.0,0.0,0.0,0.0,0.0,0.0,0.0,0.0,0.0,0.0,0.0,0.0,0.0,0.0,0.0,0.0,-0.074,-0.223,-0.148,-0.074,0.001,-0.072,-0.148,-0.072,-0.0,2.351,0.0,7.325,0.529,0.206,0.594,0.0,0.0,-0.0
9072007,737,1.0,1.0,1.0,1.0,100.0,25.865,40.0,40.0,40.0,1.0,1.0,525.915,197.95,0.022,11.866,0.0,80.0,55.0,1.4,807.25,828.8,1190.967,27.094,54.394,71.209,70.393,71.04,50.727,1.429,1.629,0.355,61.384,49.105,87.984,55.234,0.0,71.069,105.013,87.174,105.611,33.8,56.332,38.254,-10.82,53.438,97.188,70.063,69.75,55.188,68.313,16.016,37.188,72.0,70.0,1000.0,200.0,0.102,200.125,117.063,87.375,0.131,69.438,69.188,56.344,58.031,22.5,28.813,72.0,70.0,1000.0,200.0,0.033,198.875,76.563,76.25,0.009,70.563,69.25,56.563,58.781,0.0,43.5,72.0,70.0,1000.0,200.0,0.032,192.875,76.0,75.813,0.017,69.688,69.188,57.625,59.688,12.977,36.094,72.0,70.0,1000.0,200.0,0.032,196.25,74.563,74.313,-0.004,0.0,0.0,0.0,0.0,0.0,0.0,0.0,0.0,0.0,0.0,0.0,0.0,0.0,0.0,0.0,0.0,0.015,0.031,0.013,0.034,0.0,0.0,0.0,0.0,0.0,0.0,0.0,0.0,0.0,0.0,0.0,0.0,0.0,0.0,0.0,0.0,0.0,-0.223,-0.148,-0.074,-0.072,-0.072,-0.222,-0.072,-0.001,2.346,0.0,7.345,0.526,0.198,0.562,0.0,0.0,-0.0
9072007,738,1.0,1.0,1.0,1.0,100.0,25.762,40.0,40.0,40.0,1.0,1.0,536.457,203.807,0.012,11.911,0.0,80.0,55.0,1.4,807.25,871.754,1205.021,14.122,54.61,71.209,70.393,71.146,50.727,1.398,1.618,0.351,61.585,49.103,88.124,54.814,0.0,71.284,104.865,86.962,105.463,33.58,56.541,38.108,-10.82,53.313,97.125,70.063,69.625,55.188,68.063,16.0,36.438,72.0,70.0,1000.0,200.0,0.106,205.25,117.375,87.0,0.138,69.438,69.313,56.125,57.906,22.656,27.406,72.0,70.0,1000.0,200.0,0.036,209.125,76.563,76.25,0.009,70.563,69.125,56.5,58.625,0.0,43.469,72.0,70.0,1000.0,200.0,0.032,192.5,76.0,75.938,0.017,69.688,69.188,57.563,59.531,13.094,35.344,72.0,70.0,1000.0,200.0,0.035,201.875,74.563,74.375,-0.004,0.0,0.0,0.0,0.0,0.0,0.0,0.0,0.0,0.0,0.0,0.0,0.0,0.0,0.0,0.0,0.0,0.015,0.031,0.011,0.034,0.0,0.0,0.0,0.0,0.0,0.0,0.0,0.0,0.0,0.0,0.0,0.0,0.0,0.0,0.0,0.0,0.0,-0.223,-0.148,-0.074,0.001,-0.072,-0.148,-0.072,-0.0,2.349,0.0,7.495,0.536,0.204,0.606,0.0,0.0,-0.0
9072007,739,1.0,1.0,1.0,1.0,100.0,24.612,40.0,40.0,40.0,1.0,1.0,541.142,206.149,0.012,11.881,0.0,80.0,55.0,1.4,803.5,866.006,1208.145,22.916,54.287,71.422,70.604,71.251,50.62,1.474,1.625,0.351,61.352,49.256,88.068,54.842,0.0,71.177,104.644,87.174,105.463,33.433,56.227,37.963,-10.82,53.188,97.188,70.063,69.625,54.906,68.063,15.992,36.719,72.0,70.0,1000.0,200.0,0.104,201.0,117.563,87.0,0.134,69.625,69.375,55.938,57.906,15.133,28.688,72.0,70.0,1000.0,200.0,0.033,198.625,76.563,76.25,0.033,70.5,69.125,56.5,58.625,0.0,42.906,72.0,70.0,1000.0,200.0,0.033,196.625,76.0,75.813,0.017,69.563,69.188,57.563,59.594,17.0,35.281,72.0,70.0,1000.0,200.0,0.035,202.75,74.563,74.313,-0.004,0.0,0.0,0.0,0.0,0.0,0.0,0.0,0.0,0.0,0.0,0.0,0.0,0.0,0.0,0.0,0.0,0.015,0.031,0.011,0.035,0.0,0.0,0.0,0.0,0.0,0.0,0.0,0.0,0.0,0.0,0.0,0.0,0.0,0.0,0.0,0.0,0.0,-0.223,-0.148,-0.074,0.001,-0.072,-0.148,-0.072,-0.001,2.361,0.0,7.48,0.541,0.206,0.592,0.002,0.0,-0.0
9072007,740,1.0,1.0,1.0,1.0,100.0,23.121,40.0,40.0,40.0,1.0,1.0,534.114,204.978,0.022,11.881,0.0,80.0,55.0,1.4,795.0,848.801,1194.089,22.069,54.071,71.422,70.604,71.146,50.513,1.391,1.668,0.351,61.306,49.017,88.181,54.646,0.0,71.177,104.57,86.962,105.316,33.36,56.123,37.89,-10.82,53.094,97.188,70.063,69.625,54.906,68.0,15.977,36.813,72.0,70.0,1000.0,200.0,0.103,200.0,117.563,87.0,0.126,69.438,69.375,55.938,57.625,22.984,28.969,72.0,70.0,1000.0,200.0,0.032,197.25,76.563,76.25,0.033,70.563,69.25,56.281,58.5,0.0,43.375,72.0,70.0,1000.0,200.0,0.032,193.625,76.0,75.813,0.017,69.688,69.188,57.438,59.531,13.359,35.125,72.0,70.0,1000.0,200.0,0.035,203.5,74.563,74.313,-0.004,0.0,0.0,0.0,0.0,0.0,0.0,0.0,0.0,0.0,0.0,0.0,0.0,0.0,0.0,0.0,0.0,0.015,0.032,0.011,0.035,0.0,0.0,0.0,0.0,0.0,0.0,0.0,0.0,0.0,0.0,0.0,0.0,0.0,0.0,0.0,0.0,0.0,-0.223,-0.148,-0.148,0.001,-0.072,-0.222,0.001,-0.001,2.364,0.0,7.48,0.534,0.205,0.556,0.002,0.0,-0.0
9072007,741,1.0,1.0,1.0,1.0,100.0,21.938,40.0,40.0,40.0,1.0,1.0,542.313,204.978,0.012,11.896,0.0,80.0,55.0,1.4,796.125,838.791,1195.65,28.651,54.071,71.422,70.604,71.251,50.406,1.44,1.647,0.348,61.404,49.023,88.237,54.59,0.0,71.069,104.422,86.962,105.168,33.214,56.018,37.671,-10.82,52.969,97.25,70.063,69.625,54.781,68.0,15.969,37.094,72.0,70.0,1000.0,200.0,0.101,198.875,117.813,87.063,0.127,69.438,69.375,55.938,57.719,23.172,28.031,72.0,70.0,1000.0,200.0,0.034,206.375,76.875,76.25,0.042,70.563,69.0,56.188,58.5,0.0,43.344,72.0,70.0,1000.0,200.0,0.032,193.375,75.938,75.813,0.017,69.563,69.25,57.344,59.531,17.266,35.125,72.0,70.0,1000.0,200.0,0.035,205.0,74.438,74.313,-0.004,0.0,0.0,0.0,0.0,0.0,0.0,0.0,0.0,0.0,0.0,0.0,0.0,0.0,0.0,0.0,0.0,0.015,0.032,0.013,0.035,0.0,0.0,0.0,0.0,0.0,0.0,0.0,0.0,0.0,0.0,0.0,0.0,0.0,0.0,0.0,0.0,-0.074,-0.223,-0.222,-0.074,-0.072,-0.072,-0.222,0.001,-0.001,2.325,0.0,7.369,0.542,0.205,0.564,0.004,0.0,-0.0
9072007,742,1.0,1.0,1.0,1.0,100.0,20.844,40.0,40.0,40.0,1.0,1.0,543.485,204.978,0.012,11.837,0.0,80.0,55.0,1.4,801.5,881.828,1203.459,16.379,54.179,71.209,70.393,71.04,50.406,1.455,1.654,0.355,61.267,49.031,88.321,54.73,0.0,71.392,104.422,86.856,105.094,33.067,56.123,37.526,-10.828,52.875,97.313,70.063,69.625,54.781,68.0,15.961,37.063,72.0,70.0,1000.0,200.0,0.102,199.875,118.0,87.063,0.128,69.438,69.375,55.844,57.719,23.375,28.688,72.0,70.0,1000.0,200.0,0.033,199.125,77.25,75.563,0.042,70.563,69.0,56.094,58.375,0.0,42.563,72.0,70.0,1000.0,200.0,0.034,199.25,76.0,75.813,0.017,69.563,69.188,57.344,59.531,17.406,34.906,72.0,70.0,1000.0,200.0,0.036,205.625,74.438,74.313,-0.004,0.0,0.0,0.0,0.0,0.0,0.0,0.0,0.0,0.0,0.0,0.0,0.0,0.0,0.0,0.0,0.0,0.015,0.032,0.013,0.035,0.0,0.0,0.0,0.0,0.0,0.0,0.0,0.0,0.0,0.0,0.0,0.0,0.0,0.0,0.0,0.0,-0.074,-0.223,-0.222,-0.074,0.001,-0.072,-0.222,-0.146,-0.0,2.289,0.0,7.336,0.543,0.205,0.572,0.01,0.0,-0.0
9072007,743,1.0,1.0,1.0,1.0,100.0,19.475,40.0,40.0,40.0,1.0,1.0,529.429,203.807,0.022,11.822,0.0,80.0,55.0,1.4,798.875,833.079,1178.481,18.304,53.856,71.209,70.393,71.04,50.299,1.372,1.589,0.355,61.231,48.957,88.601,54.533,0.0,71.069,104.496,86.856,105.168,33.14,56.123,37.234,-10.82,52.813,97.313,69.938,69.625,54.688,68.0,18.828,37.375,72.0,70.0,1000.0,200.0,0.1,197.875,118.125,87.188,0.125,69.438,69.375,55.75,57.719,23.563,29.219,72.0,70.0,1000.0,200.0,0.032,195.875,78.063,73.75,0.042,70.5,69.0,56.094,58.375,0.0,43.5,72.0,70.0,1000.0,200.0,0.031,192.75,76.0,75.813,0.017,69.563,69.188,57.219,59.313,17.547,35.344,72.0,70.0,1000.0,200.0,0.034,204.0,74.438,74.313,-0.004,0.0,0.0,0.0,0.0,0.0,0.0,0.0,0.0,0.0,0.0,0.0,0.0,0.0,0.0,0.0,0.0,0.015,0.031,0.011,0.035,0.0,0.0,0.0,0.0,0.0,0.0,0.0,0.0,0.0,0.0,0.0,0.0,0.0,0.0,0.0,0.0,-0.074,-0.223,-0.222,-0.074,-0.072,-0.072,-0.222,0.001,-0.001,2.106,0.0,6.727,0.529,0.204,0.559,0.026,0.0,-0.0
9072007,744,1.0,1.0,1.0,1.0,100.0,18.508,40.0,40.0,40.0,1.0,1.0,545.827,204.978,0.012,11.881,0.0,80.0,55.0,1.4,798.875,853.097,1180.041,29.155,53.964,71.103,70.288,71.04,50.406,1.391,1.65,0.348,61.6,49.006,89.33,54.505,0.0,71.177,104.126,87.068,104.872,32.994,56.541,36.725,-10.82,52.656,97.375,70.063,69.625,54.594,68.0,15.953,37.531,72.0,70.0,1000.0,200.0,0.099,197.875,118.125,87.188,0.132,69.438,69.313,55.75,57.906,26.625,28.828,72.0,70.0,1000.0,200.0,0.033,198.0,79.375,71.563,0.042,70.375,69.0,56.094,58.313,0.0,42.0,72.0,70.0,1000.0,200.0,0.035,205.75,76.0,75.813,0.017,69.688,69.25,57.219,59.188,17.688,35.813,72.0,70.0,1000.0,200.0,0.033,200.625,74.563,74.313,-0.004,0.0,0.0,0.0,0.0,0.0,0.0,0.0,0.0,0.0,0.0,0.0,0.0,0.0,0.0,0.0,0.0,0.015,0.031,0.013,0.035,0.0,0.0,0.0,0.0,0.0,0.0,0.0,0.0,0.0,0.0,0.0,0.0,0.0,0.0,0.0,0.0,-0.074,-0.223,-0.148,-0.074,-0.072,-0.072,-0.222,-0.072,-0.001,1.883,0.0,6.162,0.546,0.205,0.59,0.048,0.0,-0.0
9072007,745,1.0,1.0,1.0,1.0,100.0,17.678,40.0,40.0,40.0,1.0,1.0,530.6,203.807,0.012,11.956,0.0,80.0,55.0,1.4,788.25,880.387,1192.528,30.349,54.071,71.103,70.288,71.04,50.727,1.429,1.629,0.348,61.364,49.047,89.947,54.309,0.0,71.177,104.126,87.068,104.799,32.921,57.481,36.506,-10.82,52.594,97.438,70.063,69.625,54.688,68.0,15.961,37.219,72.0,70.0,1000.0,200.0,0.102,200.125,118.0,87.375,0.123,69.438,69.313,55.625,57.906,23.969,28.906,72.0,70.0,1000.0,200.0,0.033,198.25,81.063,69.25,0.042,70.375,69.563,56.094,58.313,0.0,41.938,72.0,70.0,1000.0,200.0,0.035,204.875,75.938,75.813,0.017,69.563,69.188,57.219,59.188,22.516,35.406,72.0,70.0,1000.0,200.0,0.034,203.75,74.438,74.313,-0.004,0.0,0.0,0.0,0.0,0.0,0.0,0.0,0.0,0.0,0.0,0.0,0.0,0.0,0.0,0.0,0.0,0.015,0.032,0.011,0.035,0.0,0.0,0.0,0.0,0.0,0.0,0.0,0.0,0.0,0.0,0.0,0.0,0.0,0.0,0.0,0.0,-0.074,-0.223,-0.222,-0.074,-0.072,-0.072,-0.148,-0.072,-0.0,1.745,0.0,5.958,0.531,0.204,0.544,0.072,0.0,-0.0
9072007,746,1.0,1.0,1.0,1.0,100.0,17.006,40.0,40.0,40.0,1.0,1.0,514.202,203.807,0.012,11.911,0.0,80.0,55.0,1.4,792.5,874.63,1192.528,20.542,54.179,71.103,70.288,71.146,51.262,1.436,1.629,0.344,61.264,49.017,90.593,54.449,0.0,71.069,103.978,86.962,104.651,32.774,58.839,36.142,-10.82,52.594,97.438,70.063,69.625,54.906,68.063,15.977,37.125,72.0,70.0,1000.0,200.0,0.103,200.375,118.25,87.5,0.15,69.438,69.313,55.844,58.031,24.156,28.984,72.0,70.0,1000.0,200.0,0.033,198.0,82.625,66.813,0.042,70.5,69.125,56.188,58.313,0.0,42.25,72.0,70.0,1000.0,200.0,0.036,202.0,75.938,75.75,0.017,69.563,69.063,57.219,59.188,17.984,35.313,72.0,70.0,1000.0,200.0,0.034,203.875,74.438,74.313,-0.004,0.0,0.0,0.0,0.0,0.0,0.0,0.0,0.0,0.0,0.0,0.0,0.0,0.0,0.0,0.0,0.0,0.015,0.031,0.011,0.035,0.0,0.0,0.0,0.0,0.0,0.0,0.0,0.0,0.0,0.0,0.0,0.0,0.0,0.0,0.0,0.0,0.0,-0.223,-0.148,-0.074,0.001,-0.072,-0.222,0.001,-0.0,1.539,0.0,5.577,0.514,0.204,0.666,0.097,0.0,-0.0
9072007,747,1.0,1.0,1.0,1.0,100.0,17.069,40.0,40.0,40.0,1.0,1.0,546.999,203.807,0.012,11.941,0.0,80.0,55.0,1.4,792.5,893.364,1208.145,17.489,54.502,71.103,70.288,71.04,51.583,1.425,1.539,0.351,61.238,49.051,90.873,54.505,0.0,71.069,103.904,86.856,104.503,32.701,59.988,36.142,-10.82,52.594,97.563,69.938,69.625,55.188,68.5,18.828,37.563,72.0,70.0,1000.0,200.0,0.101,197.875,118.375,88.25,0.146,69.438,69.313,55.938,58.219,24.344,28.047,72.0,70.0,1000.0,200.0,0.036,204.375,85.0,64.75,0.05,70.5,69.125,56.281,58.313,0.0,42.406,72.0,70.0,1000.0,200.0,0.035,201.25,75.938,75.75,0.017,69.438,69.188,57.344,59.188,22.859,35.563,72.0,70.0,1000.0,200.0,0.033,202.125,74.438,74.313,-0.004,0.0,0.0,0.0,0.0,0.0,0.0,0.0,0.0,0.0,0.0,0.0,0.0,0.0,0.0,0.0,0.0,0.015,0.031,0.011,0.034,0.0,0.0,0.0,0.0,0.0,0.0,0.0,0.0,0.0,0.0,0.0,0.0,0.0,0.0,0.0,0.0,0.0,-0.223,-0.148,-0.074,-0.072,-0.072,-0.222,0.001,-0.0,1.506,0.0,5.712,0.547,0.204,0.635,0.148,0.0,-0.0
9072007,748,1.0,1.0,1.0,1.0,100.0,17.142,40.0,40.0,40.0,1.0,1.0,515.373,202.635,0.012,11.852,0.0,80.0,55.0,1.4,805.25,840.219,1184.723,28.589,54.717,71.103,70.288,71.04,51.905,1.398,1.582,0.355,61.168,48.953,90.929,54.477,0.0,71.177,103.682,86.749,104.429,32.481,60.511,35.923,-10.82,52.563,97.563,70.063,69.625,55.281,68.688,15.969,37.406,72.0,70.0,1000.0,200.0,0.102,199.25,118.375,88.813,0.144,69.438,69.313,56.125,58.531,24.547,29.016,72.0,70.0,1000.0,200.0,0.032,196.75,88.75,63.156,0.05,70.5,69.438,56.5,58.375,0.0,43.156,72.0,70.0,1000.0,200.0,0.033,194.5,75.938,75.75,0.021,69.438,68.875,57.344,59.188,23.047,36.344,72.0,70.0,1000.0,200.0,0.031,195.875,74.438,74.313,-0.004,0.0,0.0,0.0,0.0,0.0,0.0,0.0,0.0,0.0,0.0,0.0,0.0,0.0,0.0,0.0,0.0,0.015,0.031,0.011,0.035,0.0,0.0,0.0,0.0,0.0,0.0,0.0,0.0,0.0,0.0,0.0,0.0,0.0,0.0,0.0,0.0,-0.074,-0.223,-0.222,-0.074,-0.072,-0.072,-0.222,-0.072,-0.001,1.455,0.0,5.671,0.515,0.203,0.615,0.186,0.001,-0.0
9072007,749,1.0,1.0,1.0,1.0,100.0,17.412,40.0,40.0,40.0,1.0,1.0,525.915,201.464,0.022,12.016,0.0,80.0,55.0,1.4,806.375,796.113,1176.92,19.793,54.932,71.315,70.499,71.251,52.226,1.341,1.632,0.355,61.282,48.946,90.929,54.73,0.0,71.177,103.682,86.962,104.281,32.334,61.138,35.851,-10.82,52.688,97.688,70.063,69.75,55.406,69.0,15.961,37.281,72.0,70.0,1000.0,200.0,0.101,201.625,118.625,89.0,0.148,69.438,69.188,56.25,58.75,24.734,29.203,72.0,70.0,1000.0,200.0,0.032,196.875,93.125,62.344,0.077,70.5,69.25,56.563,58.5,0.0,43.531,72.0,70.0,1000.0,200.0,0.03,194.25,75.938,75.75,0.017,69.438,69.063,57.344,59.313,23.234,36.563,72.0,70.0,1000.0,200.0,0.031,194.25,74.438,74.375,-0.004,0.0,0.0,0.0,0.0,0.0,0.0,0.0,0.0,0.0,0.0,0.0,0.0,0.0,0.0,0.0,0.0,0.015,0.031,0.011,0.034,0.0,0.0,0.0,0.0,0.0,0.0,0.0,0.0,0.0,0.0,0.0,0.0,0.0,0.0,0.0,0.0,0.0,-0.223,-0.148,-0.074,-0.072,0.001,-0.222,-0.072,-0.001,1.467,0.0,5.875,0.526,0.201,0.633,0.345,0.0,-0.0
9072007,750,1.0,1.0,1.0,1.0,100.0,17.672,40.0,40.0,40.0,1.0,1.0,534.114,200.293,0.022,11.837,0.0,80.0,55.0,1.4,827.875,804.62,1176.92,24.635,55.04,71.103,70.288,71.04,52.226,1.349,1.636,0.359,61.273,48.989,90.789,54.59,0.0,71.177,103.534,86.749,104.208,32.115,61.451,35.778,-10.82,52.781,97.813,70.063,69.75,55.688,68.938,15.945,36.594,72.0,70.0,1000.0,200.0,0.105,202.75,118.75,89.188,0.155,69.438,69.188,56.344,59.281,17.234,28.516,72.0,70.0,1000.0,200.0,0.034,200.5,99.688,62.031,0.077,70.5,69.0,56.688,58.5,0.0,43.406,72.0,70.0,1000.0,200.0,0.031,195.75,75.938,75.75,0.018,69.438,69.063,57.344,59.531,23.422,36.375,72.0,70.0,1000.0,200.0,0.032,194.5,74.938,74.375,0.03,0.0,0.0,0.0,0.0,0.0,0.0,0.0,0.0,0.0,0.0,0.0,0.0,0.0,0.0,0.0,0.0,0.015,0.031,0.011,0.034,0.0,0.0,0.0,0.0,0.0,0.0,0.0,0.0,0.0,0.0,0.0,0.0,0.0,0.0,0.0,0.0,0.0,-0.223,-0.148,-0.074,-0.072,-0.072,-0.222,-0.072,-0.001,1.478,0.0,6.029,0.534,0.2,0.662,0.421,0.0,0.002
9072007,751,1.0,1.0,1.0,1.0,100.0,18.088,40.0,40.0,40.0,1.0,1.0,521.23,203.807,0.022,11.777,0.0,80.0,55.0,1.4,806.625,813.141,1176.92,36.528,55.148,70.997,70.288,71.04,52.333,1.383,1.64,0.355,61.317,49.055,90.228,54.954,0.0,71.069,103.608,86.749,104.208,31.968,61.869,35.705,-10.82,52.844,97.813,70.063,69.75,55.813,69.125,15.938,37.406,72.0,70.0,1000.0,200.0,0.1,198.25,118.75,89.188,0.142,69.438,69.188,56.438,59.563,25.063,28.969,72.0,70.0,1000.0,200.0,0.032,199.5,107.063,62.344,0.041,70.5,69.0,56.688,58.5,0.0,43.375,72.0,70.0,1000.0,200.0,0.031,195.625,75.938,75.75,0.017,69.563,69.063,57.438,59.594,18.906,36.219,72.0,70.0,1000.0,200.0,0.032,195.625,76.875,72.938,0.048,0.0,0.0,0.0,0.0,0.0,0.0,0.0,0.0,0.0,0.0,0.0,0.0,0.0,0.0,0.0,0.0,0.015,0.032,0.011,0.035,0.0,0.0,0.0,0.0,0.0,0.0,0.0,0.0,0.0,0.0,0.0,0.0,0.0,0.0,0.0,0.0,-0.074,-0.297,-0.148,-0.074,-0.072,0.001,-0.222,-0.072,-0.001,1.472,0.0,6.119,0.521,0.204,0.606,0.266,0.0,0.028
9072007,752,1.0,1.0,1.0,1.0,100.0,18.78,40.0,40.0,40.0,1.0,1.0,528.258,203.807,0.012,11.852,0.0,80.0,55.0,1.4,797.625,825.949,1189.406,28.136,55.363,71.103,70.288,71.04,52.333,1.44,1.629,0.355,61.234,49.016,90.088,54.87,0.0,71.392,103.312,86.962,103.986,31.895,61.451,35.632,-10.82,52.969,97.75,70.063,69.875,55.813,69.125,13.18,37.156,72.0,70.0,1000.0,200.0,0.102,200.125,118.75,89.313,0.142,69.625,69.188,56.563,59.563,17.516,28.391,72.0,70.0,1000.0,200.0,0.034,200.5,109.5,62.625,0.035,70.5,69.0,56.688,58.5,0.0,43.156,72.0,70.0,1000.0,200.0,0.031,197.125,75.938,75.75,0.014,69.438,69.063,57.438,59.813,23.766,36.063,72.0,70.0,1000.0,200.0,0.033,197.0,80.188,67.625,0.048,0.0,0.0,0.0,0.0,0.0,0.0,0.0,0.0,0.0,0.0,0.0,0.0,0.0,0.0,0.0,0.0,0.015,0.031,0.011,0.035,0.0,0.0,0.0,0.0,0.0,0.0,0.0,0.0,0.0,0.0,0.0,0.0,0.0,0.0,0.0,0.0,-0.074,-0.223,-0.222,-0.074,-0.072,0.001,-0.222,0.001,-0.0,1.499,0.0,6.159,0.528,0.204,0.604,0.238,0.0,0.088
9072007,753,1.0,1.0,1.0,1.0,100.0,19.364,40.0,40.0,40.0,1.0,1.0,536.457,201.464,0.012,11.911,0.0,80.0,55.0,1.4,797.625,831.653,1180.041,23.241,55.471,70.997,70.393,71.04,52.333,1.459,1.614,0.359,61.262,49.063,89.807,54.926,0.0,71.284,103.46,86.643,104.06,31.895,61.556,35.559,-10.82,53.094,97.688,70.125,69.875,55.688,69.125,13.164,37.281,72.0,70.0,1000.0,200.0,0.102,199.5,118.75,89.188,0.136,69.625,69.313,56.438,59.563,13.984,28.75,72.0,70.0,1000.0,200.0,0.033,198.625,111.438,62.875,0.012,70.5,69.125,56.813,58.625,0.0,43.406,72.0,70.0,1000.0,200.0,0.031,195.25,75.938,75.813,0.017,69.438,69.063,57.438,60.094,23.922,35.719,72.0,70.0,1000.0,200.0,0.034,199.25,83.688,63.906,0.05,0.0,0.0,0.0,0.0,0.0,0.0,0.0,0.0,0.0,0.0,0.0,0.0,0.0,0.0,0.0,0.0,0.015,0.031,0.011,0.034,0.0,0.0,0.0,0.0,0.0,0.0,0.0,0.0,0.0,0.0,0.0,0.0,0.0,0.0,0.0,0.0,-0.074,-0.223,-0.222,-0.074,-0.072,-0.072,-0.222,0.001,-0.0,1.471,0.0,6.068,0.536,0.201,0.581,0.084,0.0,0.144
9072007,754,1.0,1.0,1.0,1.0,100.0,19.313,40.0,40.0,40.0,1.0,1.0,546.999,200.293,0.012,11.881,0.0,80.0,55.0,1.4,794.375,874.63,1206.583,23.872,55.255,71.103,70.499,71.04,52.226,1.402,1.531,0.344,61.392,49.104,89.639,55.178,0.0,71.069,103.09,86.856,103.838,34.02,61.347,37.234,-10.82,53.188,97.625,70.125,69.875,55.813,69.125,13.141,36.938,72.0,70.0,1000.0,200.0,0.105,202.625,118.75,88.688,0.137,69.625,69.5,56.438,59.438,17.734,27.641,72.0,70.0,1000.0,200.0,0.036,208.0,111.375,63.125,0.013,70.5,69.0,56.813,58.781,0.0,42.188,72.0,70.0,1000.0,200.0,0.035,203.5,75.938,75.75,0.017,69.688,69.188,57.438,60.438,19.391,35.406,72.0,70.0,1000.0,200.0,0.034,203.125,88.563,62.594,0.05,0.0,0.0,0.0,0.0,0.0,0.0,0.0,0.0,0.0,0.0,0.0,0.0,0.0,0.0,0.0,0.0,0.015,0.032,0.013,0.034,0.0,0.0,0.0,0.0,0.0,0.0,0.0,0.0,0.0,0.0,0.0,0.0,0.0,0.0,0.0,0.0,-0.074,-0.223,-0.222,-0.074,-0.072,0.001,-0.222,0.001,-0.001,1.397,0.0,5.306,0.547,0.2,0.595,0.091,0.0,0.189
9072007,755,1.0,1.0,1.0,1.0,100.0,20.102,40.0,40.0,40.0,1.0,1.0,529.429,199.122,0.012,11.896,0.0,80.0,55.0,1.4,814.0,864.57,1194.089,28.046,55.255,71.103,70.393,71.04,52.226,1.345,1.64,0.344,61.478,49.02,89.639,55.094,0.0,71.069,103.016,86.643,103.691,34.606,61.347,38.036,-10.82,53.25,97.563,70.125,69.75,55.813,68.688,13.109,36.875,72.0,70.0,1000.0,200.0,0.104,200.125,118.75,88.313,0.133,69.625,69.375,56.438,59.281,14.203,28.844,72.0,70.0,1000.0,200.0,0.033,197.0,110.813,63.281,0.013,70.5,68.938,56.813,58.625,0.0,42.094,72.0,70.0,1000.0,200.0,0.035,204.375,75.938,75.75,0.017,69.563,69.188,57.563,60.688,19.547,35.906,72.0,70.0,1000.0,200.0,0.033,199.75,94.313,62.219,0.048,0.0,0.0,0.0,0.0,0.0,0.0,0.0,0.0,0.0,0.0,0.0,0.0,0.0,0.0,0.0,0.0,0.015,0.032,0.013,0.034,0.0,0.0,0.0,0.0,0.0,0.0,0.0,0.0,0.0,0.0,0.0,0.0,0.0,0.0,0.0,0.0,0.0,-0.223,-0.148,-0.074,-0.072,-0.072,-0.148,-0.072,-0.0,1.526,0.0,5.669,0.529,0.199,0.585,0.089,0.0,0.224
9072007,756,1.0,1.0,1.0,1.0,100.0,19.917,40.0,40.0,40.0,1.0,1.0,535.286,203.807,0.022,11.881,0.0,80.0,55.0,1.4,795.0,834.507,1194.089,37.344,55.471,71.103,70.393,71.04,52.44,1.413,1.632,0.359,61.52,49.141,89.947,55.234,0.0,71.284,102.868,86.643,103.691,34.679,61.138,38.108,-10.82,53.25,97.563,70.063,69.875,55.813,69.0,15.813,37.188,72.0,70.0,1000.0,200.0,0.101,198.75,118.75,88.25,0.128,69.75,69.375,56.438,59.156,17.953,29.078,72.0,70.0,1000.0,200.0,0.032,196.625,110.563,63.594,0.014,70.5,69.25,56.813,58.625,0.0,42.156,72.0,70.0,1000.0,200.0,0.035,203.875,75.938,75.75,0.017,69.688,69.188,57.563,60.781,19.688,36.656,72.0,70.0,1000.0,200.0,0.031,193.625,99.0,62.5,0.048,0.0,0.0,0.0,0.0,0.0,0.0,0.0,0.0,0.0,0.0,0.0,0.0,0.0,0.0,0.0,0.0,0.015,0.032,0.011,0.034,0.0,0.0,0.0,0.0,0.0,0.0,0.0,0.0,0.0,0.0,0.0,0.0,0.0,0.0,0.0,0.0,0.0,-0.223,-0.222,-0.074,-0.072,0.001,-0.222,0.001,-0.001,1.54,0.0,5.66,0.535,0.204,0.564,0.095,0.0,0.255
9072007,757,1.0,1.0,1.0,1.0,100.0,20.54,40.0,40.0,40.0,1.0,1.0,538.799,200.293,0.022,11.911,0.0,80.0,55.0,1.4,793.125,853.097,1198.773,30.47,55.363,71.103,70.393,71.04,52.44,1.429,1.524,0.351,61.329,49.034,90.144,55.094,0.0,71.069,102.868,86.856,103.543,34.752,61.138,38.108,-10.82,53.281,97.5,70.125,69.75,55.906,69.0,13.047,37.25,72.0,70.0,1000.0,200.0,0.102,198.75,118.75,88.375,0.133,69.625,69.5,56.563,58.969,18.063,29.281,72.0,70.0,1000.0,200.0,0.032,196.375,110.0,63.719,0.01,70.5,69.0,56.906,58.781,0.0,42.625,72.0,70.0,1000.0,200.0,0.033,200.625,75.938,75.5,0.017,69.688,69.188,57.563,61.063,19.813,36.688,72.0,70.0,1000.0,200.0,0.031,192.125,102.375,62.719,0.048,0.0,0.0,0.0,0.0,0.0,0.0,0.0,0.0,0.0,0.0,0.0,0.0,0.0,0.0,0.0,0.0,0.015,0.031,0.011,0.035,0.0,0.0,0.0,0.0,0.0,0.0,0.0,0.0,0.0,0.0,0.0,0.0,0.0,0.0,0.0,0.0,-0.074,-0.223,-0.222,-0.074,0.001,-0.072,-0.148,-0.072,-0.001,1.515,0.0,5.553,0.539,0.2,0.583,0.067,0.001,0.276
9072007,758,1.0,1.0,1.0,1.0,100.0,21.241,40.0,40.0,40.0,1.0,1.0,544.656,202.635,0.012,11.986,0.0,80.0,55.0,1.4,793.125,857.396,1197.212,27.638,55.471,71.103,70.393,71.146,52.654,1.375,1.477,0.355,61.43,49.143,90.172,55.43,0.0,71.177,102.646,86.749,103.395,35.192,61.033,38.545,-10.828,53.313,97.5,70.063,69.875,56.0,69.125,15.75,37.5,72.0,70.0,1000.0,200.0,0.101,198.375,118.75,88.375,0.14,69.625,69.375,56.563,58.844,18.172,28.516,72.0,70.0,1000.0,200.0,0.034,200.25,109.563,63.813,0.01,70.5,69.25,56.906,58.906,0.0,42.375,72.0,70.0,1000.0,200.0,0.034,202.5,75.813,75.75,0.017,69.688,69.25,57.625,61.5,13.414,36.156,72.0,70.0,1000.0,200.0,0.032,195.875,105.813,63.156,0.032,0.0,0.0,0.0,0.0,0.0,0.0,0.0,0.0,0.0,0.0,0.0,0.0,0.0,0.0,0.0,0.0,0.015,0.032,0.011,0.034,0.0,0.0,0.0,0.0,0.0,0.0,0.0,0.0,0.0,0.0,0.0,0.0,0.0,0.0,0.0,0.0,0.0,-0.223,-0.148,-0.074,-0.072,0.001,-0.222,-0.072,-0.001,1.555,0.0,5.583,0.545,0.203,0.614,0.066,0.0,0.198
9072007,759,1.0,1.0,1.0,1.0,100.0,22.113,40.0,40.0,40.0,1.0,1.0,538.799,200.293,0.022,11.971,0.0,80.0,55.0,1.4,795.75,848.801,1195.65,34.441,55.578,71.315,70.604,71.251,52.761,1.375,1.56,0.355,61.348,49.105,90.06,55.29,0.0,71.177,102.572,86.749,103.247,35.998,61.347,39.201,-10.82,53.406,97.563,70.063,69.938,56.125,69.125,12.977,37.531,72.0,70.0,1000.0,200.0,0.101,198.25,118.75,88.375,0.135,69.625,69.313,56.75,58.75,18.313,29.094,72.0,70.0,1000.0,200.0,0.032,196.0,108.875,63.906,0.042,70.5,69.25,56.906,58.781,0.0,42.719,72.0,70.0,1000.0,200.0,0.033,199.75,75.813,75.75,0.017,69.75,69.438,57.625,61.625,6.855,36.406,72.0,70.0,1000.0,200.0,0.032,194.5,107.0,63.563,0.005,0.0,0.0,0.0,0.0,0.0,0.0,0.0,0.0,0.0,0.0,0.0,0.0,0.0,0.0,0.0,0.0,0.015,0.031,0.011,0.034,0.0,0.0,0.0,0.0,0.0,0.0,0.0,0.0,0.0,0.0,0.0,0.0,0.0,0.0,0.0,0.0,0.0,-0.223,-0.148,-0.074,0.001,-0.072,-0.148,-0.072,-0.001,1.513,0.0,5.325,0.539,0.2,0.592,0.274,0.0,0.031
9072007,800,1.0,1.0,1.0,1.0,100.0,23.04,40.0,40.0,40.0,1.0,1.0,537.628,200.293,0.022,11.971,0.0,80.0,55.0,1.4,803.75,845.939,1194.089,34.922,55.578,71.103,70.393,71.04,52.761,1.444,1.665,0.359,61.426,49.162,90.256,55.655,0.0,71.177,102.498,86.537,103.174,36.291,61.347,39.565,-10.82,53.469,97.5,70.125,69.875,56.125,69.0,12.938,36.094,72.0,70.0,1000.0,200.0,0.109,208.25,118.625,88.375,0.128,69.625,69.188,56.875,58.844,18.438,27.594,72.0,70.0,1000.0,200.0,0.037,207.5,109.375,64.313,0.042,70.563,69.0,57.094,59.0,0.0,43.0,72.0,70.0,1000.0,200.0,0.031,198.25,75.938,75.5,0.017,69.938,69.438,57.625,61.563,13.57,36.031,72.0,70.0,1000.0,200.0,0.033,196.125,107.438,63.781,0.0,0.0,0.0,0.0,0.0,0.0,0.0,0.0,0.0,0.0,0.0,0.0,0.0,0.0,0.0,0.0,0.0,0.015,0.031,0.011,0.034,0.0,0.0,0.0,0.0,0.0,0.0,0.0,0.0,0.0,0.0,0.0,0.0,0.0,0.0,0.0,0.0,0.0,-0.223,-0.148,-0.074,-0.072,-0.072,-0.222,0.001,-0.001,1.564,0.0,5.443,0.538,0.2,0.559,0.274,0.001,0.0
9072007,801,1.0,1.0,1.0,1.0,100.0,23.963,40.0,40.0,40.0,1.0,1.0,522.401,203.807,0.012,11.956,0.0,80.0,55.0,1.4,806.125,831.653,1183.162,42.249,55.794,71.315,70.709,71.251,52.975,1.455,1.65,0.355,61.417,49.133,90.368,55.43,0.0,71.177,102.35,86.537,103.1,36.437,61.451,39.638,-10.82,53.563,97.5,70.25,71.625,56.344,69.125,12.906,36.844,72.0,70.0,1000.0,200.0,0.103,201.0,118.75,88.313,0.124,69.625,69.375,56.875,59.156,14.93,28.609,72.0,70.0,1000.0,200.0,0.033,199.25,109.5,64.5,0.042,70.563,69.25,57.188,59.0,0.0,42.844,72.0,70.0,1000.0,200.0,0.032,199.375,75.813,75.5,0.017,69.75,69.5,57.625,61.344,13.648,35.781,72.0,70.0,1000.0,200.0,0.034,198.5,106.75,63.906,0.0,1.0,1.0,1.0,1.0,1.0,1.0,1.0,1.0,1.0,1.0,1.0,1.0,1.0,1.0,1.0,1.0,12.672,12.683,11.783,12.358,1.0,0.0,0.0,0.0,1.0,1.0,1.0,1.0,1.0,1.0,1.0,1.0,1.0,1.0,0.0,0.0,110.938,543.0,536.5,232.875,0.001,541.0,533.0,0.001,-0.001,1.53,0.0,5.314,0.522,0.204,0.545,0.274,0.001,0.0
9072007,802,1.0,1.0,1.0,1.0,100.0,25.702,40.0,40.0,40.0,1.0,1.0,529.429,206.149,0.022,11.971,0.0,80.0,55.0,1.4,799.375,825.949,1189.406,31.537,56.116,71.103,70.919,71.146,53.189,1.391,1.629,0.344,61.506,49.148,90.396,54.842,0.0,71.284,102.35,86.643,103.026,36.584,61.556,39.784,-10.82,53.781,97.438,70.25,73.5,56.438,68.563,9.047,37.094,72.0,70.0,1000.0,200.0,0.102,199.75,118.625,87.688,0.072,69.813,69.813,56.938,59.344,12.148,28.859,72.0,70.0,1000.0,200.0,0.033,198.375,109.938,64.875,0.015,70.688,70.188,57.188,59.0,0.0,43.313,72.0,70.0,1000.0,200.0,0.031,195.5,75.813,75.5,0.017,69.75,70.063,57.813,61.063,13.727,35.781,72.0,70.0,1000.0,200.0,0.033,198.625,106.125,64.25,0.0,1.0,1.0,1.0,1.0,1.0,1.0,1.0,1.0,1.0,1.0,1.0,1.0,1.0,1.0,1.0,1.0,12.652,12.668,11.764,12.338,1.0,1.0,1.0,1.0,1.0,1.0,1.0,1.0,1.0,1.0,1.0,1.0,1.0,1.0,1.0,1.0,322.5,556.0,557.5,547.5,291.5,554.0,553.0,544.5,-0.001,1.534,0.0,5.319,0.529,0.206,0.322,0.098,0.001,0.0
9072007,803,1.0,1.0,1.0,1.0,100.0,26.602,40.0,40.0,40.0,1.0,1.0,517.716,200.293,0.012,11.971,0.0,80.0,55.0,1.4,805.125,831.653,1178.481,31.412,56.116,71.315,71.55,71.146,53.189,1.368,1.64,0.355,61.273,49.081,90.284,54.477,0.0,71.177,102.202,86.537,102.952,36.804,61.347,40.439,-10.82,53.781,97.563,70.313,75.25,56.531,68.0,6.098,37.094,72.0,70.0,1000.0,200.0,0.102,199.875,118.25,85.563,0.072,70.063,70.5,56.938,59.438,0.0,28.844,72.0,70.0,1000.0,200.0,0.033,199.0,109.563,65.063,0.01,70.875,71.438,57.281,59.0,0.0,43.531,72.0,70.0,1000.0,200.0,0.031,193.875,75.813,75.5,0.017,69.938,70.938,57.813,60.875,4.391,35.875,72.0,70.0,1000.0,200.0,0.033,198.0,105.625,64.375,0.0,1.0,1.0,1.0,1.0,1.0,1.0,1.0,1.0,1.0,1.0,1.0,1.0,1.0,1.0,1.0,1.0,12.659,12.673,11.767,12.343,1.0,1.0,1.0,1.0,1.0,1.0,1.0,1.0,1.0,1.0,1.0,1.0,1.0,1.0,1.0,1.0,333.5,557.0,561.0,552.0,303.0,557.5,558.0,554.5,-0.001,1.773,0.0,6.042,0.518,0.2,0.34,0.064,0.001,0.0
9072007,804,1.0,1.0,1.0,1.0,100.0,27.327,40.0,40.0,40.0,1.0,1.0,551.684,203.807,0.022,11.941,0.0,80.0,55.0,1.4,805.125,834.507,1198.773,32.176,55.901,71.74,72.391,71.568,53.082,1.471,1.668,0.351,61.56,49.175,89.527,53.412,0.0,71.177,102.054,86.431,102.804,37.097,61.033,41.24,-10.82,53.719,97.5,70.563,76.563,56.438,67.688,0.0,37.313,72.0,70.0,1000.0,200.0,0.101,199.0,118.125,83.313,0.028,70.438,71.25,56.938,59.344,0.0,28.031,72.0,70.0,1000.0,200.0,0.034,206.375,109.188,65.375,0.01,71.188,72.188,57.281,59.0,0.0,43.625,72.0,70.0,1000.0,200.0,0.031,192.25,75.563,75.438,0.017,70.25,71.75,57.938,60.688,1.507,35.531,72.0,70.0,1000.0,200.0,0.034,199.875,105.125,64.438,0.0,1.0,1.0,1.0,1.0,1.0,1.0,1.0,1.0,1.0,1.0,1.0,1.0,1.0,1.0,1.0,1.0,12.652,12.68,11.772,12.348,1.0,1.0,1.0,1.0,1.0,1.0,1.0,1.0,1.0,1.0,1.0,1.0,1.0,1.0,1.0,1.0,337.75,556.0,560.5,553.0,307.25,556.5,558.0,555.0,-0.001,2.067,0.0,6.868,0.552,0.204,0.141,0.063,0.0,0.0
9072007,805,1.0,1.0,1.0,1.0,100.0,28.054,40.0,40.0,40.0,1.0,1.0,554.026,206.149,0.012,11.941,0.0,80.0,55.0,1.4,797.125,894.808,1206.583,16.821,56.009,71.846,72.917,71.568,52.868,1.448,1.607,0.355,61.515,49.365,88.966,52.375,0.0,71.606,101.98,86.643,102.73,37.243,59.675,41.459,-10.82,53.531,97.375,70.625,77.313,56.344,65.063,0.0,36.281,72.0,70.0,1000.0,200.0,0.108,206.625,115.938,82.75,-0.052,70.625,72.188,56.938,59.344,0.0,28.781,72.0,70.0,1000.0,200.0,0.033,198.5,108.688,65.5,0.01,71.5,73.0,57.188,59.0,0.0,42.469,72.0,70.0,1000.0,200.0,0.035,199.5,75.563,75.438,0.011,70.313,72.375,57.813,60.469,0.0,35.531,72.0,70.0,1000.0,200.0,0.034,200.5,104.75,64.688,0.0,1.0,1.0,1.0,1.0,1.0,1.0,1.0,1.0,1.0,1.0,1.0,1.0,1.0,1.0,1.0,1.0,12.651,12.668,11.755,12.338,1.0,1.0,1.0,1.0,1.0,1.0,1.0,1.0,1.0,1.0,1.0,1.0,1.0,1.0,1.0,1.0,338.0,554.5,559.0,552.0,307.75,555.0,556.5,554.0,-0.001,2.244,0.0,6.989,0.554,0.206,-0.249,0.063,0.0,0.0
9072007,806,1.0,1.0,1.0,1.0,100.0,28.648,40.0,40.0,40.0,1.0,1.0,521.23,204.978,0.012,11.971,0.0,80.0,55.0,1.4,797.125,867.442,1192.528,28.344,55.578,72.164,73.232,71.78,52.333,1.353,1.56,0.359,61.418,49.145,88.685,51.422,0.0,71.499,101.906,86.643,102.656,37.316,58.63,41.532,-10.82,53.188,97.25,70.875,77.063,56.125,62.438,0.0,37.031,72.0,70.0,1000.0,200.0,0.102,199.625,115.063,82.75,-0.052,70.813,72.5,56.875,59.156,0.0,29.125,72.0,70.0,1000.0,200.0,0.032,197.25,108.313,65.625,0.01,71.625,73.25,57.094,59.0,0.0,43.156,72.0,70.0,1000.0,200.0,0.033,195.25,75.563,75.5,0.017,70.563,72.938,57.813,60.313,0.0,35.875,72.0,70.0,1000.0,200.0,0.033,198.125,104.438,64.813,0.0,1.0,1.0,1.0,1.0,1.0,1.0,1.0,1.0,1.0,1.0,1.0,1.0,1.0,1.0,1.0,1.0,12.642,12.662,11.747,12.335,1.0,1.0,1.0,1.0,1.0,1.0,1.0,1.0,1.0,1.0,1.0,1.0,1.0,1.0,1.0,1.0,338.0,553.5,557.0,551.0,307.25,554.0,555.0,553.0,-0.001,2.368,0.0,7.006,0.521,0.205,-0.243,0.062,0.0,0.0
9072007,807,1.0,1.0,1.0,1.0,100.0,28.911,40.0,40.0,40.0,1.0,1.0,535.286,201.464,0.012,11.941,0.0,80.0,55.0,1.4,791.5,860.265,1186.284,26.715,55.471,72.482,73.653,72.097,52.119,1.452,1.629,0.351,61.56,49.121,88.629,50.918,0.0,71.606,101.758,86.431,102.509,35.998,57.899,40.949,-10.828,52.844,97.125,70.875,77.5,56.0,60.719,0.0,37.219,72.0,70.0,1000.0,200.0,0.101,198.625,114.125,82.688,-0.052,70.938,73.0,56.875,59.156,0.0,28.328,72.0,70.0,1000.0,200.0,0.033,205.125,107.938,65.688,0.01,71.875,73.375,57.094,59.0,0.0,43.313,72.0,70.0,1000.0,200.0,0.033,194.5,75.563,75.438,0.017,70.75,73.375,57.813,60.313,0.0,34.875,72.0,70.0,1000.0,200.0,0.036,205.5,104.063,64.813,0.0,1.0,1.0,1.0,1.0,1.0,1.0,1.0,1.0,1.0,1.0,1.0,1.0,1.0,1.0,1.0,1.0,12.627,12.64,11.737,12.313,1.0,1.0,1.0,1.0,1.0,1.0,1.0,1.0,1.0,1.0,1.0,1.0,1.0,1.0,1.0,1.0,337.25,552.0,555.5,549.5,307.0,552.0,553.5,551.5,-0.001,2.699,0.0,8.21,0.535,0.201,-0.236,0.061,0.0,0.0
9072007,808,1.0,1.0,1.0,1.0,100.0,29.138,40.0,40.0,40.0,1.0,1.0,522.401,196.779,0.012,11.866,0.0,80.0,55.0,1.4,802.5,861.699,1187.845,19.934,55.471,72.695,73.863,72.413,52.012,1.406,1.622,0.351,61.348,49.124,88.573,50.385,0.0,71.929,101.61,86.325,102.435,35.045,57.69,40.002,-10.82,52.406,97.188,70.875,76.375,55.906,59.594,0.0,37.063,72.0,70.0,1000.0,200.0,0.102,199.75,113.313,82.625,-0.052,71.125,73.75,56.75,58.844,0.0,28.484,72.0,70.0,1000.0,200.0,0.033,200.75,107.5,65.875,0.01,72.063,73.938,56.906,58.906,0.0,43.344,72.0,70.0,1000.0,200.0,0.032,193.5,75.563,75.5,0.017,70.938,73.813,57.813,60.219,0.0,34.875,72.0,70.0,1000.0,200.0,0.036,205.75,103.75,64.938,0.0,1.0,1.0,1.0,1.0,1.0,1.0,1.0,1.0,1.0,1.0,1.0,1.0,1.0,1.0,1.0,1.0,12.624,12.64,11.729,12.311,1.0,1.0,1.0,1.0,1.0,1.0,1.0,1.0,1.0,1.0,1.0,1.0,1.0,1.0,1.0,1.0,337.0,550.5,553.5,547.5,306.75,549.5,551.5,550.0,-0.001,2.597,0.0,8.171,0.522,0.197,-0.231,0.06,0.0,0.0
9072007,809,1.0,1.0,1.0,1.0,100.0,29.015,40.0,40.0,40.0,1.0,1.0,552.855,202.635,0.012,11.822,0.0,80.0,55.0,1.4,800.25,858.83,1208.145,33.724,55.363,72.907,74.073,72.625,51.69,1.433,1.549,0.359,61.663,49.287,87.956,50.049,0.0,72.144,101.536,86.537,102.361,33.433,57.377,38.837,-10.828,51.969,97.063,71.125,75.375,55.813,58.875,0.0,37.5,72.0,70.0,1000.0,200.0,0.1,197.0,112.5,82.375,-0.052,71.25,73.75,56.563,58.75,0.0,28.234,72.0,70.0,1000.0,200.0,0.034,203.875,107.063,66.0,0.01,72.313,73.938,56.813,58.906,0.0,44.063,72.0,70.0,1000.0,200.0,0.035,202.125,75.5,75.438,0.013,71.188,74.125,57.625,60.094,0.0,35.188,72.0,70.0,1000.0,200.0,0.035,205.0,103.25,65.125,0.0,1.0,1.0,1.0,1.0,1.0,1.0,1.0,1.0,1.0,1.0,1.0,1.0,1.0,1.0,1.0,1.0,12.621,12.638,11.726,12.311,1.0,1.0,1.0,1.0,1.0,1.0,1.0,1.0,1.0,1.0,1.0,1.0,1.0,1.0,1.0,1.0,337.25,549.0,552.0,546.0,306.75,548.0,550.0,548.0,-0.001,2.668,0.0,8.879,0.553,0.203,-0.227,0.06,0.0,0.0
9072007,810,1.0,1.0,1.0,1.0,100.0,28.372,40.0,40.0,40.0,1.0,1.0,517.716,207.321,0.022,11.866,0.0,80.0,55.0,1.4,826.0,863.135,1214.395,25.416,54.825,73.119,74.179,72.836,51.155,1.448,1.668,0.351,61.432,49.139,87.732,49.629,0.0,72.036,101.462,86.537,102.213,32.994,56.854,38.181,-10.82,51.5,97.0,70.938,75.438,55.5,58.344,0.0,36.469,72.0,70.0,1000.0,200.0,0.106,203.0,111.688,82.188,-0.052,71.438,74.063,56.438,58.625,0.0,28.391,72.0,70.0,1000.0,200.0,0.033,200.25,106.563,66.063,0.01,72.375,73.938,56.813,58.781,0.0,43.75,72.0,70.0,1000.0,200.0,0.038,213.875,75.5,75.438,0.017,71.375,74.5,57.625,60.094,0.0,36.125,72.0,70.0,1000.0,200.0,0.031,198.0,103.0,65.125,-0.001,1.0,1.0,1.0,1.0,1.0,1.0,1.0,1.0,1.0,1.0,1.0,1.0,1.0,1.0,1.0,1.0,12.618,12.635,11.724,12.31,1.0,1.0,1.0,1.0,1.0,1.0,1.0,1.0,1.0,1.0,1.0,1.0,1.0,1.0,1.0,1.0,337.25,548.0,550.0,544.5,306.75,547.0,548.5,546.5,-0.001,2.58,0.0,8.555,0.518,0.207,-0.222,0.059,0.0,-0.005
9072007,811,1.0,1.0,1.0,1.0,100.0,28.39,40.0,40.0,40.0,1.0,1.0,537.628,203.807,0.012,11.807,0.0,80.0,55.0,1.4,823.5,880.387,1197.212,10.582,54.61,73.331,74.389,72.942,50.834,1.425,1.643,0.359,61.496,49.207,87.648,49.264,0.0,72.251,101.389,86.325,102.213,32.774,56.332,37.963,-10.828,51.094,96.938,71.125,75.125,55.281,57.969,0.0,37.031,72.0,70.0,1000.0,200.0,0.102,199.75,111.0,82.063,-0.052,71.563,74.188,56.344,58.344,0.0,28.906,72.0,70.0,1000.0,200.0,0.033,197.75,106.25,66.063,0.01,72.5,74.438,56.563,58.625,0.0,43.938,72.0,70.0,1000.0,200.0,0.042,222.5,75.563,75.438,0.017,71.375,74.688,57.563,59.875,0.0,35.906,72.0,70.0,1000.0,200.0,0.033,197.375,102.563,65.313,-0.001,1.0,1.0,1.0,1.0,1.0,1.0,1.0,1.0,1.0,1.0,1.0,1.0,1.0,1.0,1.0,1.0,12.607,12.634,11.727,12.306,1.0,1.0,1.0,1.0,1.0,1.0,1.0,1.0,1.0,1.0,1.0,1.0,1.0,1.0,1.0,1.0,337.0,546.0,548.0,543.5,306.5,545.0,546.5,545.0,-0.001,2.601,0.0,8.517,0.538,0.204,-0.218,0.058,0.0,-0.005
9072007,812,1.0,1.0,1.0,1.0,100.0,26.971,40.0,40.0,40.0,1.0,1.0,543.485,206.149,0.022,11.777,0.0,80.0,55.0,1.4,823.5,910.716,1215.958,10.713,54.394,73.543,74.389,73.153,50.62,1.398,1.643,0.351,61.413,49.278,87.844,48.984,0.0,72.358,101.315,86.325,102.066,32.188,56.332,37.453,-10.82,50.656,96.938,71.188,74.688,55.188,57.594,0.0,37.188,72.0,70.0,1000.0,200.0,0.101,199.0,110.375,81.75,-0.052,71.563,74.188,56.25,58.344,0.0,29.0,72.0,70.0,1000.0,200.0,0.033,198.125,105.875,66.25,0.01,72.5,74.438,56.281,58.375,0.0,44.125,72.0,70.0,1000.0,200.0,0.045,232.125,75.5,75.438,0.021,71.5,75.0,57.563,59.813,0.0,35.625,72.0,70.0,1000.0,200.0,0.034,198.75,102.125,65.375,-0.001,1.0,1.0,1.0,1.0,1.0,1.0,1.0,1.0,1.0,1.0,1.0,1.0,1.0,1.0,1.0,1.0,12.607,12.627,11.716,12.298,1.0,1.0,1.0,1.0,1.0,1.0,1.0,1.0,1.0,1.0,1.0,1.0,1.0,1.0,1.0,1.0,336.75,545.0,547.0,542.0,306.5,542.5,545.0,543.5,-0.001,2.568,0.0,8.621,0.543,0.206,-0.215,0.057,0.0,-0.005
9072007,813,1.0,1.0,1.0,1.0,100.0,25.533,40.0,40.0,40.0,1.0,1.0,583.309,209.663,0.012,11.807,0.0,80.0,55.0,1.4,822.125,910.716,1236.284,10.956,54.287,73.65,74.599,73.364,50.513,1.444,1.69,0.344,61.83,49.431,87.872,48.648,0.0,72.466,101.315,86.431,101.918,31.822,56.018,37.089,-10.82,50.281,96.875,71.438,75.375,54.906,57.469,0.0,36.656,72.0,70.0,1000.0,200.0,0.104,203.875,109.563,81.688,-0.052,71.625,74.375,56.125,58.125,0.0,27.5,72.0,70.0,1000.0,200.0,0.036,210.25,105.375,66.438,0.01,72.5,74.25,56.188,58.375,0.0,43.719,72.0,70.0,1000.0,200.0,0.048,240.875,75.5,75.438,0.021,71.688,75.25,57.438,59.688,0.0,34.938,72.0,70.0,1000.0,200.0,0.035,205.75,101.75,65.5,-0.001,1.0,1.0,1.0,1.0,1.0,1.0,1.0,1.0,1.0,1.0,1.0,1.0,1.0,1.0,1.0,1.0,12.613,12.638,11.721,12.311,1.0,1.0,1.0,1.0,1.0,1.0,1.0,1.0,1.0,1.0,1.0,1.0,1.0,1.0,1.0,1.0,336.5,543.5,545.0,540.5,306.25,543.0,543.5,542.0,-0.0,2.57,0.0,8.647,0.583,0.21,-0.21,0.056,0.0,-0.005
9072007,814,1.0,1.0,1.0,1.0,100.0,24.664,40.0,40.0,40.0,1.0,1.0,559.883,203.807,0.022,11.822,0.0,80.0,55.0,1.4,839.375,887.593,1226.9,25.779,54.179,73.756,74.494,73.364,50.299,1.349,1.604,0.351,61.674,49.322,87.9,48.199,0.0,72.573,101.241,86.431,101.918,31.236,56.123,36.725,-10.82,49.844,97.0,71.438,75.25,54.906,57.156,0.0,37.188,72.0,70.0,1000.0,200.0,0.101,198.375,108.938,81.438,-0.052,71.625,74.625,55.938,58.125,0.0,29.188,72.0,70.0,1000.0,200.0,0.032,196.25,105.063,66.625,0.01,72.5,74.25,56.188,58.313,0.0,45.0,72.0,70.0,1000.0,200.0,0.043,233.5,75.5,75.5,0.017,71.813,75.125,57.344,59.688,0.0,35.438,72.0,70.0,1000.0,200.0,0.034,203.0,101.438,65.688,-0.001,1.0,1.0,1.0,1.0,1.0,1.0,1.0,1.0,1.0,1.0,1.0,1.0,1.0,1.0,1.0,1.0,12.621,12.645,11.73,12.32,1.0,1.0,1.0,1.0,1.0,1.0,1.0,1.0,1.0,1.0,1.0,1.0,1.0,1.0,1.0,1.0,336.5,542.0,543.5,539.5,306.0,539.5,542.0,540.5,-0.001,2.607,0.0,9.025,0.56,0.204,-0.207,0.056,0.0,-0.005
9072007,815,1.0,1.0,1.0,1.0,100.0,23.197,40.0,40.0,40.0,1.0,1.0,554.026,197.95,0.022,11.866,0.0,80.0,55.0,1.4,837.75,886.151,1214.395,12.29,53.964,73.968,74.704,73.681,50.192,1.41,1.622,0.348,61.604,49.238,88.096,48.003,0.0,72.681,101.019,86.112,101.77,31.016,55.914,36.506,-10.82,49.469,96.938,71.438,74.563,54.688,57.063,0.0,37.219,72.0,70.0,1000.0,200.0,0.101,198.125,108.188,81.375,-0.052,71.75,74.625,55.844,57.906,0.0,29.25,72.0,70.0,1000.0,200.0,0.032,196.625,104.688,66.625,0.01,72.5,74.0,56.094,58.188,0.0,45.719,72.0,70.0,1000.0,200.0,0.047,239.125,75.5,75.438,0.017,71.813,75.25,57.344,59.594,0.0,35.906,72.0,70.0,1000.0,200.0,0.033,199.625,101.063,65.688,-0.001,1.0,1.0,1.0,1.0,1.0,1.0,1.0,1.0,1.0,1.0,1.0,1.0,1.0,1.0,1.0,1.0,12.612,12.627,11.726,12.3,1.0,1.0,1.0,1.0,1.0,1.0,1.0,1.0,1.0,1.0,1.0,1.0,1.0,1.0,1.0,1.0,336.0,541.0,542.0,538.5,305.75,539.5,540.5,539.0,-0.001,2.616,0.0,9.061,0.554,0.198,-0.202,0.055,0.0,-0.005
9072007,816,1.0,1.0,1.0,1.0,100.0,22.269,40.0,40.0,40.0,1.0,1.0,546.999,204.978,0.022,11.866,0.0,80.0,55.0,1.4,866.25,897.697,1231.592,9.712,53.856,73.968,74.704,73.787,50.085,1.337,1.571,0.348,61.547,49.26,88.321,47.667,0.0,72.681,101.019,86.325,101.696,30.869,55.914,36.215,-10.82,49.156,97.0,71.438,75.063,54.594,56.75,0.0,37.313,72.0,70.0,1000.0,200.0,0.1,198.375,107.438,81.125,-0.052,71.75,74.688,55.75,57.719,0.0,28.719,72.0,70.0,1000.0,200.0,0.033,199.125,104.125,66.688,0.01,72.5,74.25,55.969,58.0,0.0,45.938,72.0,70.0,1000.0,200.0,0.053,253.5,75.5,75.438,0.017,71.938,75.438,57.219,59.594,0.0,36.0,72.0,70.0,1000.0,200.0,0.032,199.25,100.813,65.688,-0.001,1.0,1.0,1.0,1.0,1.0,1.0,1.0,1.0,1.0,1.0,1.0,1.0,1.0,1.0,1.0,1.0,12.616,12.627,11.726,12.298,1.0,1.0,1.0,1.0,1.0,1.0,1.0,1.0,1.0,1.0,1.0,1.0,1.0,1.0,1.0,1.0,336.0,540.0,540.5,537.0,305.25,538.0,540.0,537.5,-0.001,2.533,0.0,8.823,0.547,0.205,-0.198,0.054,0.0,-0.005
9072007,817,1.0,1.0,1.0,1.0,100.0,20.547,40.0,40.0,40.0,1.0,1.0,538.799,206.149,0.022,11.852,0.0,80.0,55.0,1.4,845.0,883.268,1236.284,13.824,53.856,74.392,75.125,74.104,50.192,1.413,1.704,0.344,61.648,49.251,88.742,47.246,0.0,73.11,100.945,86.325,101.622,30.576,56.332,35.705,-10.82,48.906,97.063,71.5,75.813,54.688,56.75,0.0,37.281,72.0,70.0,1000.0,200.0,0.101,198.875,106.75,81.0,-0.052,71.875,74.688,55.625,57.719,0.0,29.094,72.0,70.0,1000.0,200.0,0.032,196.875,103.688,66.813,0.01,72.688,74.0,55.875,57.906,0.0,45.344,72.0,70.0,1000.0,200.0,0.058,266.0,75.5,75.438,0.017,72.0,75.625,57.219,59.531,0.0,35.781,72.0,70.0,1000.0,200.0,0.033,200.5,100.375,65.875,-0.001,1.0,1.0,1.0,1.0,1.0,1.0,1.0,1.0,1.0,1.0,1.0,1.0,1.0,1.0,1.0,1.0,12.621,12.634,11.732,12.306,1.0,1.0,1.0,1.0,1.0,1.0,1.0,1.0,1.0,1.0,1.0,1.0,1.0,1.0,1.0,1.0,336.0,538.5,539.5,535.5,305.25,537.5,539.0,536.0,-0.001,2.36,0.0,8.456,0.539,0.206,-0.194,0.053,0.0,-0.005
9072007,818,1.0,1.0,1.0,1.0,100.0,19.776,40.0,40.0,40.0,1.0,1.0,558.712,204.978,0.012,11.866,0.0,80.0,55.0,1.4,845.0,923.766,1245.673,3.413,53.856,74.18,74.915,73.892,50.406,1.406,1.658,0.348,61.504,49.26,89.471,47.33,0.0,72.895,100.945,86.325,101.475,30.356,56.854,34.831,-10.82,48.656,97.125,71.438,75.063,54.594,56.75,0.0,37.25,72.0,70.0,1000.0,200.0,0.102,199.5,106.25,80.875,-0.052,71.875,74.813,55.625,57.625,0.0,28.953,72.0,70.0,1000.0,200.0,0.032,200.5,103.313,66.875,0.01,72.813,73.938,55.875,57.813,0.0,45.188,72.0,70.0,1000.0,200.0,0.062,272.75,75.5,75.5,0.021,72.0,75.625,57.063,59.531,0.0,36.281,72.0,70.0,1000.0,200.0,0.031,196.625,99.875,65.875,-0.002,1.0,1.0,1.0,1.0,1.0,1.0,1.0,1.0,1.0,1.0,1.0,1.0,1.0,1.0,1.0,1.0,12.622,12.64,11.73,12.311,1.0,1.0,1.0,1.0,1.0,1.0,1.0,1.0,1.0,1.0,1.0,1.0,1.0,1.0,1.0,1.0,335.75,537.5,538.0,534.5,305.0,535.0,537.5,534.5,-0.0,2.004,0.0,7.387,0.559,0.205,-0.191,0.053,0.0,-0.01
9072007,819,1.0,1.0,1.0,1.0,100.0,18.397,40.0,40.0,40.0,1.0,1.0,557.54,208.492,0.012,11.896,0.0,80.0,55.0,1.4,877.125,926.671,1244.108,7.709,54.071,74.286,74.809,74.104,50.941,1.28,1.571,0.355,61.545,49.219,90.677,47.218,0.0,73.003,100.723,86.006,101.401,31.162,58.108,35.049,-10.82,48.375,97.25,71.75,74.75,54.781,56.75,0.0,37.719,72.0,70.0,1000.0,200.0,0.1,196.75,105.813,80.75,-0.052,71.875,74.813,55.75,57.625,0.0,28.969,72.0,70.0,1000.0,200.0,0.033,197.0,102.813,67.125,0.01,72.688,73.813,55.969,57.75,0.0,46.406,72.0,70.0,1000.0,200.0,0.061,269.75,75.5,75.438,0.017,72.0,75.813,57.063,59.531,0.0,36.5,72.0,70.0,1000.0,200.0,0.031,195.0,99.563,66.0,-0.003,1.0,1.0,1.0,1.0,1.0,1.0,1.0,1.0,1.0,1.0,1.0,1.0,1.0,1.0,1.0,1.0,12.599,12.618,11.716,12.292,1.0,1.0,1.0,1.0,1.0,1.0,1.0,1.0,1.0,1.0,1.0,1.0,1.0,1.0,1.0,1.0,335.25,536.0,537.0,533.5,304.75,533.5,537.0,533.0,-0.001,1.716,0.0,6.431,0.558,0.208,-0.189,0.052,0.0,-0.015
9072007,820,1.0,1.0,1.0,1.0,100.0,18.186,40.0,40.0,40.0,1.0,1.0,568.082,212.006,0.022,11.911,0.0,80.0,55.0,1.4,875.625,952.88,1264.465,1.799,54.61,74.392,74.915,74.104,51.476,1.387,1.697,0.348,61.615,49.291,91.153,47.218,0.0,73.325,100.649,86.325,101.327,31.895,59.571,35.923,-10.82,48.281,97.375,71.813,75.375,55.094,56.75,0.0,36.656,72.0,70.0,1000.0,200.0,0.106,202.0,104.938,80.563,-0.052,72.0,74.938,55.844,57.719,0.0,29.172,72.0,70.0,1000.0,200.0,0.032,197.0,102.313,67.125,0.01,72.5,73.688,55.969,57.813,0.0,46.531,72.0,70.0,1000.0,200.0,0.063,276.75,75.5,75.438,0.017,72.063,75.938,57.219,59.313,0.0,35.188,72.0,70.0,1000.0,200.0,0.036,208.75,99.188,66.125,-0.004,1.0,1.0,1.0,1.0,1.0,1.0,1.0,1.0,1.0,1.0,1.0,1.0,1.0,1.0,1.0,1.0,12.599,12.626,11.722,12.302,1.0,1.0,1.0,1.0,1.0,1.0,1.0,1.0,1.0,1.0,1.0,1.0,1.0,1.0,1.0,1.0,335.25,535.0,536.0,532.0,304.5,532.0,536.0,532.0,-0.001,1.734,0.0,6.671,0.568,0.212,-0.184,0.051,0.0,-0.019
9072007,821,1.0,1.0,1.0,1.0,100.0,18.328,40.0,40.0,40.0,1.0,1.0,568.082,206.149,0.012,11.896,0.0,80.0,55.0,1.4,885.125,941.216,1255.066,5.98,54.61,74.71,75.23,74.209,51.905,1.299,1.668,0.348,61.759,49.348,91.49,47.19,0.0,73.11,100.649,86.006,101.253,32.115,60.615,36.069,-10.82,48.156,97.438,71.75,75.438,55.188,56.906,0.0,37.531,72.0,70.0,1000.0,200.0,0.099,196.875,104.313,80.375,-0.052,71.875,75.0,56.125,57.719,0.0,27.625,72.0,70.0,1000.0,200.0,0.036,211.125,102.063,67.188,0.01,72.688,73.813,56.188,57.813,0.0,47.344,72.0,70.0,1000.0,200.0,0.065,276.25,75.563,75.438,0.017,72.063,75.938,57.219,59.531,0.0,35.406,72.0,70.0,1000.0,200.0,0.035,206.125,98.813,66.188,-0.004,1.0,1.0,1.0,1.0,1.0,1.0,1.0,1.0,1.0,1.0,1.0,1.0,1.0,1.0,1.0,1.0,12.678,12.705,11.801,12.376,1.0,1.0,1.0,1.0,1.0,1.0,1.0,1.0,1.0,1.0,1.0,1.0,1.0,1.0,1.0,1.0,337.25,534.0,535.0,531.0,304.5,532.0,534.5,530.5,-0.0,1.65,0.0,6.54,0.568,0.206,-0.181,0.051,0.0,-0.019
9072007,822,1.0,1.0,1.0,1.0,100.0,18.794,40.0,40.0,40.0,1.0,1.0,568.082,203.807,0.012,11.911,0.0,80.0,55.0,1.4,893.25,931.03,1261.332,-1.062,55.04,74.498,74.915,74.315,52.333,1.307,1.578,0.348,61.782,49.362,91.462,47.274,0.0,73.325,100.427,86.006,101.179,34.239,61.138,38.108,-10.82,48.094,97.5,71.813,74.875,55.5,57.063,0.0,37.75,72.0,70.0,1000.0,200.0,0.099,196.375,103.75,80.25,-0.052,72.0,75.0,56.25,57.719,0.0,29.125,72.0,70.0,1000.0,200.0,0.032,199.625,101.563,67.25,0.01,72.688,73.375,56.281,57.813,0.0,46.781,72.0,70.0,1000.0,200.0,0.069,287.5,75.5,75.438,0.017,72.313,75.938,57.344,59.313,0.0,37.594,72.0,70.0,1000.0,200.0,0.035,205.0,98.5,66.188,-0.004,1.0,1.0,1.0,1.0,1.0,1.0,1.0,1.0,1.0,1.0,1.0,1.0,1.0,1.0,1.0,1.0,12.667,12.697,11.798,12.371,1.0,1.0,1.0,1.0,1.0,1.0,1.0,1.0,1.0,1.0,1.0,1.0,1.0,1.0,1.0,1.0,337.25,533.0,534.0,530.0,304.5,530.5,534.0,529.5,-0.001,1.713,0.0,6.403,0.568,0.204,-0.177,0.05,0.0,-0.019
9072007,823,1.0,1.0,1.0,1.0,100.0,19.613,40.0,40.0,40.0,1.0,1.0,577.452,219.034,0.022,11.866,0.0,80.0,55.0,1.4,927.375,963.105,1303.684,2.408,55.255,74.604,74.915,74.421,52.547,1.429,1.668,0.366,61.757,49.419,91.714,47.386,0.0,73.218,100.353,86.218,101.031,34.606,61.347,38.618,-10.82,48.063,97.563,72.125,75.375,55.688,57.063,0.0,36.563,72.0,70.0,1000.0,200.0,0.105,202.375,103.063,80.188,-0.052,72.125,75.0,56.438,57.906,0.0,28.938,72.0,70.0,1000.0,200.0,0.033,198.5,101.125,67.438,0.01,72.688,73.625,56.5,58.0,0.0,46.75,72.0,70.0,1000.0,200.0,0.072,293.75,75.5,75.438,0.017,72.313,75.938,57.344,59.313,0.0,37.563,72.0,70.0,1000.0,200.0,0.037,209.75,98.063,66.313,-0.004,1.0,1.0,1.0,1.0,1.0,1.0,1.0,1.0,1.0,1.0,1.0,1.0,1.0,1.0,1.0,1.0,12.648,12.686,11.778,12.358,1.0,1.0,1.0,1.0,1.0,1.0,1.0,1.0,1.0,1.0,1.0,1.0,1.0,1.0,1.0,1.0,336.5,532.0,533.0,529.0,304.25,528.5,533.0,528.5,-0.001,1.78,0.0,6.614,0.577,0.219,-0.173,0.049,0.0,-0.018
9072007,824,1.0,1.0,1.0,1.0,100.0,20.51,40.0,40.0,40.0,1.0,1.0,578.624,214.348,0.022,11.866,0.0,80.0,55.0,1.4,918.75,990.955,1287.985,-3.864,55.471,74.604,75.02,74.421,52.975,1.387,1.719,0.355,61.803,49.442,91.827,47.414,0.0,73.218,100.279,86.112,100.958,35.119,61.451,39.128,-10.82,48.188,97.563,72.0,75.625,56.0,57.375,0.0,37.375,72.0,70.0,1000.0,200.0,0.101,201.0,102.75,79.875,-0.052,72.125,75.25,56.563,58.031,0.0,28.25,72.0,70.0,1000.0,200.0,0.038,211.875,100.75,67.5,0.01,72.688,73.625,56.688,58.0,0.0,48.031,72.0,70.0,1000.0,200.0,0.075,296.5,75.5,75.438,0.017,72.375,75.938,57.438,59.531,0.0,36.688,72.0,70.0,1000.0,200.0,0.042,220.0,97.75,66.5,-0.004,1.0,1.0,1.0,1.0,1.0,1.0,1.0,1.0,1.0,1.0,1.0,1.0,1.0,1.0,1.0,1.0,12.668,12.688,11.789,12.361,1.0,1.0,1.0,1.0,1.0,1.0,1.0,1.0,1.0,1.0,1.0,1.0,1.0,1.0,1.0,1.0,336.5,531.5,532.0,528.0,304.0,528.0,532.5,527.5,-0.001,1.807,0.0,6.608,0.579,0.214,-0.173,0.048,0.0,-0.018
9072007,825,1.0,1.0,1.0,1.0,100.0,21.957,40.0,40.0,40.0,1.0,1.0,589.166,210.835,0.022,11.896,0.0,80.0,55.0,1.4,944.875,986.549,1273.869,0.726,55.794,74.71,75.125,74.421,53.296,1.417,1.722,0.351,61.784,49.438,91.546,47.583,0.0,73.433,100.205,86.006,100.884,35.412,61.869,39.565,-10.82,48.188,97.563,71.938,76.125,56.344,57.469,0.0,36.844,72.0,70.0,1000.0,200.0,0.103,200.0,102.125,79.813,-0.052,72.25,75.313,56.875,58.125,0.0,29.656,72.0,70.0,1000.0,200.0,0.036,208.375,100.25,67.688,0.01,72.688,73.375,56.906,58.188,0.0,47.469,72.0,70.0,1000.0,200.0,0.075,304.0,75.5,75.5,0.017,72.375,75.938,57.563,59.531,0.0,37.25,72.0,70.0,1000.0,200.0,0.043,226.375,97.375,66.563,-0.004,1.0,1.0,1.0,1.0,1.0,1.0,1.0,1.0,1.0,1.0,1.0,1.0,1.0,1.0,1.0,1.0,12.667,12.684,11.787,12.356,1.0,1.0,1.0,1.0,1.0,1.0,1.0,1.0,1.0,1.0,1.0,1.0,1.0,1.0,1.0,1.0,336.5,530.5,531.5,527.0,304.0,528.5,531.5,526.5,-0.001,1.867,0.0,6.862,0.589,0.211,-0.168,0.047,0.0,-0.018
9072007,826,1.0,1.0,1.0,1.0,100.0,23.189,40.0,40.0,40.0,1.0,1.0,592.679,212.006,0.012,12.016,0.0,80.0,55.0,1.4,949.875,1021.895,1283.278,-4.294,56.009,74.923,75.335,74.738,53.51,1.394,1.708,0.34,61.805,49.445,91.49,47.751,0.0,73.54,100.131,86.112,100.81,36.144,61.973,40.148,-10.82,48.344,97.625,72.0,76.25,56.438,57.688,0.0,37.281,72.0,70.0,1000.0,200.0,0.1,198.0,101.563,79.688,-0.052,72.25,75.313,56.938,58.219,0.0,29.203,72.0,70.0,1000.0,200.0,0.039,213.375,99.938,67.813,0.01,72.688,73.375,56.906,58.188,0.0,47.125,72.0,70.0,1000.0,200.0,0.081,312.5,75.5,75.5,0.021,72.375,76.063,57.563,59.531,0.0,37.25,72.0,70.0,1000.0,200.0,0.044,234.875,97.0,66.688,-0.004,1.0,1.0,1.0,1.0,1.0,1.0,1.0,1.0,1.0,1.0,1.0,1.0,1.0,1.0,1.0,1.0,12.662,12.683,11.778,12.354,1.0,1.0,1.0,1.0,1.0,1.0,1.0,1.0,1.0,1.0,1.0,1.0,1.0,1.0,1.0,1.0,336.0,529.5,531.0,526.5,304.0,528.0,530.5,526.0,-0.001,1.863,0.0,6.681,0.593,0.212,-0.165,0.047,0.0,-0.018
9072007,827,1.0,1.0,1.0,1.0,100.0,25.607,40.0,40.0,40.0,1.0,1.0,612.592,220.205,0.022,11.941,0.0,80.0,55.0,1.4,949.875,1075.314,1333.562,-4.314,56.224,75.029,75.44,74.632,53.724,1.402,1.712,0.359,61.828,49.431,91.546,47.583,0.0,73.54,100.205,86.006,100.81,37.023,62.182,40.803,-10.82,48.625,97.563,72.0,76.125,56.625,57.688,0.0,37.438,72.0,70.0,1000.0,200.0,0.1,198.125,101.063,79.563,-0.052,72.25,75.313,57.031,58.531,0.0,29.063,72.0,70.0,1000.0,200.0,0.041,223.25,99.563,67.813,0.01,72.688,73.313,57.188,58.313,0.0,48.219,72.0,70.0,1000.0,200.0,0.085,317.0,75.5,75.438,0.017,72.5,75.938,57.625,59.531,0.0,37.031,72.0,70.0,1000.0,200.0,0.048,240.625,96.688,66.688,-0.004,1.0,1.0,1.0,1.0,1.0,1.0,1.0,1.0,1.0,1.0,1.0,1.0,1.0,1.0,1.0,1.0,12.647,12.67,11.765,12.341,1.0,1.0,1.0,1.0,1.0,1.0,1.0,1.0,1.0,1.0,1.0,1.0,1.0,1.0,1.0,1.0,335.75,529.0,530.0,525.5,304.0,528.0,530.0,525.0,-0.001,1.794,0.0,6.267,0.613,0.22,-0.162,0.046,0.0,-0.017
9072007,828,1.0,1.0,1.0,1.0,100.0,27.782,40.0,40.0,40.0,1.0,1.0,598.536,212.006,0.022,11.911,0.0,80.0,55.0,1.4,972.25,1044.095,1319.401,-2.943,56.547,74.817,75.125,74.632,54.153,1.349,1.694,0.344,61.847,49.455,91.714,47.975,0.0,73.755,99.909,85.793,100.588,37.463,62.391,41.605,-10.82,48.875,97.563,72.0,75.375,56.906,57.781,0.0,37.563,72.0,70.0,1000.0,200.0,0.1,198.625,100.438,79.25,-0.052,72.313,75.438,57.156,58.531,0.0,28.828,72.0,70.0,1000.0,200.0,0.042,226.25,99.188,67.875,0.01,72.688,73.25,57.281,58.5,0.0,48.656,72.0,70.0,1000.0,200.0,0.082,317.5,75.5,75.438,0.017,72.5,75.813,57.813,59.594,0.0,37.031,72.0,70.0,1000.0,200.0,0.049,244.625,96.438,66.813,-0.004,1.0,1.0,1.0,1.0,1.0,1.0,1.0,1.0,1.0,1.0,1.0,1.0,1.0,1.0,1.0,1.0,12.66,12.675,11.773,12.346,1.0,1.0,1.0,1.0,1.0,1.0,1.0,1.0,1.0,1.0,1.0,1.0,1.0,1.0,1.0,1.0,336.0,528.5,529.5,525.0,303.5,526.0,529.5,525.0,-0.001,1.979,0.0,6.849,0.599,0.212,-0.16,0.045,0.0,-0.017
9072007,829,1.0,1.0,1.0,1.0,100.0,29.345,40.0,40.0,40.0,1.0,1.0,620.791,210.835,0.022,11.926,0.0,80.0,55.0,1.4,986.0,1078.296,1316.257,5.404,56.655,74.923,75.23,74.738,54.26,1.398,1.722,0.337,61.98,49.483,91.35,48.031,0.0,73.97,99.983,86.006,100.588,37.756,62.182,42.77,-10.82,49.281,97.625,72.125,76.375,57.0,58.188,0.0,36.469,72.0,70.0,1000.0,200.0,0.109,207.25,99.938,79.125,-0.052,72.313,75.438,57.375,58.625,0.0,29.234,72.0,70.0,1000.0,200.0,0.042,225.5,98.688,68.0,0.01,72.688,73.125,57.469,58.625,0.0,47.781,72.0,70.0,1000.0,200.0,0.091,329.25,75.5,75.438,0.017,72.5,75.625,57.938,59.688,0.0,38.5,72.0,70.0,1000.0,200.0,0.05,245.0,96.063,66.938,-0.004,1.0,1.0,1.0,1.0,1.0,1.0,1.0,1.0,1.0,1.0,1.0,1.0,1.0,1.0,1.0,1.0,12.667,12.692,11.775,12.364,1.0,1.0,1.0,1.0,1.0,1.0,1.0,1.0,1.0,1.0,1.0,1.0,1.0,1.0,1.0,1.0,336.0,528.0,529.5,524.5,303.75,526.0,529.0,524.0,-0.001,2.448,0.0,8.3,0.621,0.211,-0.157,0.045,0.0,-0.017
9072007,830,1.0,1.0,1.0,1.0,100.0,31.395,40.0,40.0,40.0,1.0,1.0,600.878,209.663,0.022,11.911,0.0,80.0,55.0,1.4,997.375,1042.612,1324.12,1.577,56.655,74.923,75.23,74.738,54.045,1.238,1.755,0.333,62.133,49.497,89.947,48.059,0.0,74.184,99.835,85.9,100.441,37.903,60.302,43.498,-10.82,49.406,97.688,72.125,76.125,57.0,58.188,0.0,36.156,72.0,70.0,1000.0,200.0,0.109,206.625,99.438,79.125,-0.052,72.438,75.438,57.469,58.625,0.0,29.906,72.0,70.0,1000.0,200.0,0.042,224.125,98.375,68.063,0.01,72.813,73.125,57.469,58.625,0.0,49.469,72.0,70.0,1000.0,200.0,0.088,325.25,75.5,75.5,0.017,72.5,75.75,57.938,59.688,0.0,39.125,72.0,70.0,1000.0,200.0,0.05,249.5,95.75,67.063,-0.004,1.0,1.0,1.0,1.0,1.0,1.0,1.0,1.0,1.0,1.0,1.0,1.0,1.0,1.0,1.0,1.0,12.662,12.678,11.775,12.354,1.0,1.0,1.0,1.0,1.0,1.0,1.0,1.0,1.0,1.0,1.0,1.0,1.0,1.0,1.0,1.0,336.0,527.0,528.5,524.0,303.75,525.5,528.0,523.5,-0.001,2.975,0.0,9.25,0.601,0.21,-0.153,0.044,0.0,-0.017
9072007,831,1.0,1.0,1.0,1.0,100.0,32.485,40.0,40.0,40.0,1.0,1.0,636.018,214.348,0.022,11.896,0.0,80.0,55.0,1.4,1014.375,1115.69,1330.414,27.218,56.439,75.029,75.23,75.054,53.617,1.394,1.74,0.337,61.975,49.584,89.302,48.143,0.0,74.399,99.761,85.9,100.367,38.196,58.63,43.79,-10.82,49.781,97.5,72.125,75.938,56.906,58.188,0.0,37.406,72.0,70.0,1000.0,200.0,0.101,198.125,98.938,79.0,-0.052,72.438,75.313,57.375,58.625,0.0,29.469,72.0,70.0,1000.0,200.0,0.048,238.25,97.938,68.313,0.01,72.813,72.813,57.281,58.625,0.0,49.969,72.0,70.0,1000.0,200.0,0.095,337.5,75.563,75.438,0.017,72.5,75.813,57.938,59.688,0.0,39.031,72.0,70.0,1000.0,200.0,0.054,256.5,95.438,67.063,-0.004,1.0,1.0,1.0,1.0,1.0,1.0,1.0,1.0,1.0,1.0,1.0,1.0,1.0,1.0,1.0,1.0,12.675,12.697,11.79,12.368,1.0,1.0,1.0,1.0,1.0,1.0,1.0,1.0,1.0,1.0,1.0,1.0,1.0,1.0,1.0,1.0,336.25,527.0,528.0,523.5,303.75,525.0,528.0,523.0,-0.001,3.257,0.0,9.236,0.636,0.214,-0.151,0.043,0.0,-0.017
9072007,832,1.0,1.0,1.0,1.0,100.0,33.451,40.0,40.0,40.0,1.0,1.0,614.934,215.52,0.022,11.866,0.0,80.0,55.0,1.4,1032.125,1132.214,1339.861,38.31,56.439,74.923,75.125,74.738,53.296,1.402,1.719,0.333,62.041,49.634,89.19,48.143,0.0,74.829,99.687,85.687,100.219,38.415,57.69,44.154,-10.82,49.875,97.25,72.438,76.125,56.625,58.063,0.0,37.469,72.0,70.0,1000.0,200.0,0.106,203.75,98.438,78.75,-0.052,72.438,75.313,57.031,58.625,0.0,30.094,72.0,70.0,1000.0,200.0,0.048,240.5,97.688,68.313,0.01,72.813,72.625,57.188,58.625,0.0,49.0,72.0,70.0,1000.0,200.0,0.105,354.5,75.5,75.438,0.017,72.5,75.625,57.813,59.688,0.0,40.219,72.0,70.0,1000.0,200.0,0.053,253.375,95.063,67.188,-0.004,1.0,1.0,1.0,1.0,1.0,1.0,1.0,1.0,1.0,1.0,1.0,1.0,1.0,1.0,1.0,1.0,12.683,12.701,11.795,12.374,1.0,1.0,1.0,1.0,1.0,1.0,1.0,1.0,1.0,1.0,1.0,1.0,1.0,1.0,1.0,1.0,336.25,526.0,528.0,523.0,303.5,524.0,527.5,522.5,-0.001,3.533,0.0,9.45,0.615,0.216,-0.149,0.043,0.0,-0.016
9072007,833,1.0,1.0,1.0,1.0,100.0,33.917,40.0,40.0,40.0,1.0,1.0,625.476,216.691,0.012,11.822,0.0,80.0,55.0,1.4,1063.625,1142.752,1354.044,42.558,55.901,74.923,75.125,74.843,52.868,1.349,1.773,0.337,62.185,49.733,89.162,48.003,0.0,74.722,99.539,85.793,100.145,38.855,57.272,44.518,-10.82,49.844,97.063,72.438,75.938,56.531,57.969,0.0,37.906,72.0,70.0,1000.0,200.0,0.107,205.125,97.938,78.688,-0.052,72.625,75.313,57.031,58.531,0.0,30.016,72.0,70.0,1000.0,200.0,0.05,245.5,97.25,68.375,0.01,72.813,72.438,57.094,58.5,0.0,49.313,72.0,70.0,1000.0,200.0,0.107,360.75,75.5,75.438,0.021,72.5,75.75,57.813,59.594,0.0,40.5,72.0,70.0,1000.0,200.0,0.057,261.75,94.813,67.188,-0.004,1.0,1.0,1.0,1.0,1.0,1.0,1.0,1.0,1.0,1.0,1.0,1.0,1.0,1.0,1.0,1.0,12.659,12.672,11.764,12.349,1.0,1.0,1.0,1.0,1.0,1.0,1.0,1.0,1.0,1.0,1.0,1.0,1.0,1.0,1.0,1.0,335.25,526.0,527.5,522.5,303.5,523.5,527.0,522.0,-0.001,3.635,0.0,9.29,0.625,0.217,-0.145,0.042,0.0,-0.016
9072007,834,1.0,1.0,1.0,1.0,100.0,34.638,40.0,40.0,40.0,1.0,1.0,631.332,214.348,0.012,11.866,0.0,80.0,55.0,1.4,1075.25,1168.417,1369.823,68.253,55.686,75.029,75.125,74.843,52.761,1.356,1.751,0.34,62.37,49.858,89.863,48.059,0.0,74.722,99.465,85.9,100.145,39.221,56.854,44.882,-10.82,49.969,97.0,72.438,75.938,56.438,57.781,0.0,37.938,72.0,70.0,1000.0,200.0,0.107,205.0,97.375,78.563,-0.052,72.625,75.313,56.938,58.531,0.0,30.266,72.0,70.0,1000.0,200.0,0.056,260.75,96.875,68.438,0.01,72.813,72.5,56.906,58.375,0.0,51.094,72.0,70.0,1000.0,200.0,0.106,355.0,75.5,75.5,0.02,72.563,75.625,57.813,59.594,0.0,39.781,72.0,70.0,1000.0,200.0,0.063,272.75,94.438,67.313,-0.004,1.0,1.0,1.0,1.0,1.0,1.0,1.0,1.0,1.0,1.0,1.0,1.0,1.0,1.0,1.0,1.0,12.654,12.675,11.765,12.349,1.0,1.0,1.0,1.0,1.0,1.0,1.0,1.0,1.0,1.0,1.0,1.0,1.0,1.0,1.0,1.0,335.5,525.5,527.0,522.0,303.25,525.0,526.5,521.5,-0.001,3.81,0.0,9.32,0.631,0.214,-0.142,0.041,0.0,-0.016
9072007,835,1.0,1.0,1.0,1.0,100.0,35.245,40.0,40.0,40.0,1.0,1.0,671.157,219.034,0.022,11.941,0.0,80.0,55.0,1.4,1095.875,1206.343,1388.786,65.591,55.686,75.029,75.02,74.843,52.654,1.33,1.751,0.337,62.711,49.936,90.032,48.087,0.0,74.614,99.317,85.581,100.071,35.705,56.75,43.134,-10.82,49.906,97.063,72.5,76.125,56.344,57.688,0.0,37.594,72.0,70.0,1000.0,200.0,0.115,212.375,96.938,78.5,-0.052,72.438,75.313,56.875,58.344,0.0,31.0,72.0,70.0,1000.0,200.0,0.059,262.75,96.563,68.625,0.01,72.875,72.188,56.813,58.313,0.0,50.094,72.0,70.0,1000.0,200.0,0.115,371.75,75.5,75.438,0.02,72.563,75.25,57.625,59.594,0.0,40.313,72.0,70.0,1000.0,200.0,0.064,278.0,94.063,67.375,-0.004,1.0,1.0,1.0,1.0,1.0,1.0,1.0,1.0,1.0,1.0,1.0,1.0,1.0,1.0,1.0,1.0,12.663,12.672,11.775,12.346,1.0,1.0,1.0,1.0,1.0,1.0,1.0,1.0,1.0,1.0,1.0,1.0,1.0,1.0,1.0,1.0,335.5,525.0,527.0,521.5,303.25,523.0,526.0,521.0,-0.001,4.215,0.0,12.321,0.671,0.219,-0.139,0.041,0.0,-0.016
9072007,836,1.0,1.0,1.0,1.0,100.0,35.397,40.0,40.0,40.0,1.0,1.0,667.643,229.575,0.022,11.896,0.0,80.0,55.0,1.4,1129.75,1213.954,1422.05,66.359,55.686,75.029,74.915,74.843,52.44,1.33,1.816,0.351,62.869,50.149,88.713,47.975,0.0,74.722,99.243,85.793,99.924,34.679,56.436,42.042,-10.828,49.781,97.063,72.5,76.25,56.125,57.594,0.0,37.656,72.0,70.0,1000.0,200.0,0.118,214.75,96.375,78.375,-0.052,72.625,75.0,56.75,58.219,0.0,31.391,72.0,70.0,1000.0,200.0,0.06,269.5,96.125,68.625,0.01,72.938,72.188,56.813,58.188,0.0,51.156,72.0,70.0,1000.0,200.0,0.119,381.25,75.5,75.438,0.017,72.563,75.25,57.563,59.531,0.0,40.313,72.0,70.0,1000.0,200.0,0.066,282.25,93.813,67.375,-0.004,1.0,1.0,1.0,1.0,1.0,1.0,1.0,1.0,1.0,1.0,1.0,1.0,1.0,1.0,1.0,1.0,12.673,12.688,11.792,12.361,1.0,1.0,1.0,1.0,1.0,1.0,1.0,1.0,1.0,1.0,1.0,1.0,1.0,1.0,1.0,1.0,335.75,524.5,526.5,521.5,303.25,524.0,525.5,521.0,-0.001,4.026,0.0,12.169,0.668,0.23,-0.136,0.04,0.0,-0.015
9072007,837,1.0,1.0,1.0,1.0,100.0,35.074,40.0,40.0,40.0,1.0,1.0,688.726,220.205,0.022,11.866,0.0,80.0,55.0,1.4,1162.5,1232.256,1414.121,101.926,55.148,75.029,74.915,74.843,51.905,1.394,1.812,0.348,63.013,50.444,88.405,47.947,0.0,74.399,99.243,85.793,99.85,34.459,55.392,41.677,-10.82,50.063,96.813,72.5,75.75,55.813,57.469,0.0,37.531,72.0,70.0,1000.0,200.0,0.117,212.0,96.063,78.188,-0.052,72.625,74.938,56.438,58.031,0.0,31.625,72.0,70.0,1000.0,200.0,0.062,273.5,95.875,68.688,0.01,72.875,72.188,56.563,58.0,0.0,51.563,72.0,70.0,1000.0,200.0,0.125,386.25,75.5,75.5,0.017,72.563,75.125,57.438,59.313,0.0,40.906,72.0,70.0,1000.0,200.0,0.067,284.25,93.625,67.5,-0.004,1.0,1.0,1.0,1.0,1.0,1.0,1.0,1.0,1.0,1.0,1.0,1.0,1.0,1.0,1.0,1.0,12.657,12.665,11.776,12.336,1.0,1.0,1.0,1.0,1.0,1.0,1.0,1.0,1.0,1.0,1.0,1.0,1.0,1.0,1.0,1.0,335.25,524.5,526.0,521.0,303.25,522.0,525.5,520.5,-0.001,4.092,0.0,11.9,0.689,0.22,-0.135,0.04,0.0,-0.015
9072007,838,1.0,1.0,1.0,1.0,100.0,34.411,40.0,40.0,40.0,1.0,1.0,701.611,221.376,0.012,11.911,0.0,80.0,55.0,1.4,1162.5,1230.729,1395.114,102.95,54.932,74.923,74.915,74.738,51.369,1.387,1.816,0.348,63.128,50.513,88.629,47.807,0.0,74.184,99.095,85.793,99.776,34.532,54.765,41.459,-10.828,49.906,96.813,72.5,75.938,55.688,57.156,0.0,37.906,72.0,70.0,1000.0,200.0,0.116,214.125,95.625,78.063,-0.052,72.625,74.813,56.25,57.906,0.0,32.406,72.0,70.0,1000.0,200.0,0.063,275.0,95.563,68.688,0.01,72.875,72.125,56.281,57.906,0.0,52.219,72.0,70.0,1000.0,200.0,0.124,384.75,75.5,75.5,0.017,72.563,75.25,57.344,59.188,0.0,41.844,72.0,70.0,1000.0,200.0,0.068,285.5,93.25,67.625,-0.004,1.0,1.0,1.0,1.0,1.0,1.0,1.0,1.0,1.0,1.0,1.0,1.0,1.0,1.0,1.0,1.0,12.659,12.676,11.783,12.346,1.0,1.0,1.0,1.0,1.0,1.0,1.0,1.0,1.0,1.0,1.0,1.0,1.0,1.0,1.0,1.0,335.5,524.0,526.0,520.5,303.25,522.0,525.5,520.0,-0.001,4.078,0.0,11.463,0.702,0.221,-0.133,0.039,0.0,-0.015
9072007,839,1.0,1.0,1.0,1.0,100.0,33.661,40.0,40.0,40.0,1.0,1.0,716.838,224.89,0.012,11.866,0.0,80.0,55.0,1.4,1162.0,1275.152,1423.637,124.142,54.61,74.923,74.809,74.843,51.262,1.387,1.809,0.34,63.216,50.591,89.387,47.527,0.0,73.97,98.947,85.687,99.702,34.166,54.765,41.24,-10.82,49.906,96.813,72.5,76.25,55.406,57.063,0.0,38.031,72.0,70.0,1000.0,200.0,0.117,214.25,95.188,77.938,-0.052,72.625,74.813,56.125,57.719,0.0,32.656,72.0,70.0,1000.0,200.0,0.064,282.5,95.25,68.875,0.01,72.875,71.813,56.188,57.75,0.0,52.938,72.0,70.0,1000.0,200.0,0.131,396.75,75.5,75.5,0.017,72.563,75.25,57.219,59.156,0.0,41.0,72.0,70.0,1000.0,200.0,0.074,299.25,93.0,67.75,-0.004,1.0,1.0,1.0,1.0,1.0,1.0,1.0,1.0,1.0,1.0,1.0,1.0,1.0,1.0,1.0,1.0,12.65,12.665,11.768,12.336,1.0,1.0,1.0,1.0,1.0,1.0,1.0,1.0,1.0,1.0,1.0,1.0,1.0,1.0,1.0,1.0,335.0,523.5,525.5,520.0,303.5,522.0,525.0,520.0,-0.001,4.075,0.0,11.664,0.717,0.225,-0.13,0.038,0.0,-0.015
9072007,840,1.0,1.0,1.0,1.0,100.0,33.07,40.0,40.0,40.0,1.0,1.0,708.638,221.376,0.022,11.971,0.0,80.0,55.0,1.4,1198.125,1282.84,1431.574,137.393,54.502,74.817,74.704,74.738,51.155,1.356,1.823,0.337,63.347,50.683,89.639,47.527,0.0,73.755,98.947,85.687,99.702,33.58,54.869,40.876,-10.82,49.969,96.938,72.438,76.25,55.406,56.969,0.0,38.313,72.0,70.0,1000.0,200.0,0.117,213.75,94.688,77.875,-0.052,72.625,74.688,55.938,57.625,0.0,33.063,72.0,70.0,1000.0,200.0,0.067,286.25,94.938,69.0,0.01,72.813,71.813,56.094,57.594,0.0,53.063,72.0,70.0,1000.0,200.0,0.139,405.25,75.563,75.75,0.021,72.688,74.875,57.063,59.031,0.0,41.5,72.0,70.0,1000.0,200.0,0.075,300.25,92.688,67.75,-0.004,1.0,1.0,1.0,1.0,1.0,1.0,1.0,1.0,1.0,1.0,1.0,1.0,1.0,1.0,1.0,1.0,12.665,12.684,11.781,12.356,1.0,1.0,1.0,1.0,1.0,1.0,1.0,1.0,1.0,1.0,1.0,1.0,1.0,1.0,1.0,1.0,335.0,523.0,525.5,520.0,303.25,521.5,524.5,519.5,-0.001,4.103,0.0,12.138,0.709,0.221,-0.127,0.038,-0.001,-0.015
9072007,841,1.0,1.0,1.0,1.0,100.0,32.354,40.0,40.0,40.0,1.0,1.0,716.838,223.719,0.012,11.822,0.0,80.0,55.0,1.4,1211.125,1279.764,1434.751,129.596,54.502,75.029,74.809,74.949,51.155,1.353,1.838,0.344,63.649,50.923,89.387,47.639,0.0,73.647,98.873,85.475,99.628,33.14,54.765,40.585,-10.828,49.813,97.063,72.5,75.125,55.281,56.906,0.0,38.156,72.0,70.0,1000.0,200.0,0.118,215.375,94.375,77.875,-0.052,72.625,74.625,55.844,57.406,0.0,32.875,72.0,70.0,1000.0,200.0,0.072,294.25,94.625,69.063,0.01,72.688,71.625,55.969,57.438,0.0,53.188,72.0,70.0,1000.0,200.0,0.135,401.25,75.5,75.5,0.018,72.563,74.625,57.063,58.906,0.0,42.063,72.0,70.0,1000.0,200.0,0.076,303.75,92.563,67.875,-0.004,1.0,1.0,1.0,1.0,1.0,1.0,1.0,1.0,1.0,1.0,1.0,1.0,1.0,1.0,1.0,1.0,12.652,12.667,11.764,12.341,1.0,1.0,1.0,1.0,1.0,1.0,1.0,1.0,1.0,1.0,1.0,1.0,1.0,1.0,1.0,1.0,334.75,523.0,525.5,519.5,303.25,522.0,524.5,519.5,-0.001,4.07,0.0,12.234,0.717,0.224,-0.125,0.037,0.0,-0.014
9072007,842,1.0,1.0,1.0,1.0,100.0,31.411,40.0,40.0,40.0,1.0,1.0,740.264,230.747,0.022,11.822,0.0,80.0,55.0,1.4,1226.375,1315.22,1455.425,140.83,54.287,74.71,74.494,74.632,51.048,1.36,1.87,0.34,63.772,51.014,89.639,47.639,0.0,73.433,98.799,85.475,99.554,32.921,54.451,40.293,-10.82,49.906,96.938,72.688,75.75,55.188,56.75,0.0,38.969,72.0,70.0,1000.0,200.0,0.119,215.625,94.0,77.75,-0.052,72.625,74.313,55.75,57.313,0.0,33.531,72.0,70.0,1000.0,200.0,0.073,295.25,94.313,69.125,0.01,72.688,71.563,55.875,57.344,0.0,52.563,72.0,70.0,1000.0,200.0,0.147,420.25,75.5,75.5,0.017,72.563,74.625,56.906,58.719,0.0,41.656,72.0,70.0,1000.0,200.0,0.082,315.0,92.25,67.875,-0.004,1.0,1.0,1.0,1.0,1.0,1.0,1.0,1.0,1.0,1.0,1.0,1.0,1.0,1.0,1.0,1.0,12.655,12.675,11.77,12.349,1.0,1.0,1.0,1.0,1.0,1.0,1.0,1.0,1.0,1.0,1.0,1.0,1.0,1.0,1.0,1.0,335.0,522.5,525.0,519.5,303.0,521.5,524.5,519.0,-0.001,4.048,0.0,12.114,0.74,0.231,-0.123,0.037,0.0,-0.014
9072007,843,1.0,1.0,1.0,1.0,100.0,30.64,40.0,40.0,40.0,1.0,1.0,736.75,227.233,0.022,11.837,0.0,80.0,55.0,1.4,1236.5,1285.917,1458.609,147.869,54.287,74.71,74.494,74.632,50.941,1.345,1.816,0.337,63.859,51.04,89.695,47.386,0.0,73.433,98.577,85.581,99.48,32.847,54.451,40.293,-10.82,49.781,97.0,72.625,75.75,55.094,56.563,0.0,39.344,72.0,70.0,1000.0,200.0,0.119,216.125,93.313,77.5,-0.052,72.625,74.313,55.625,57.125,0.0,32.625,72.0,70.0,1000.0,200.0,0.073,296.75,94.063,69.125,0.01,72.688,71.563,55.875,57.344,0.0,53.25,72.0,70.0,1000.0,200.0,0.137,405.25,75.5,75.5,0.018,72.563,74.5,56.844,58.719,0.0,43.0,72.0,70.0,1000.0,200.0,0.084,315.25,92.063,68.0,-0.004,1.0,1.0,1.0,1.0,1.0,1.0,1.0,1.0,1.0,1.0,1.0,1.0,1.0,1.0,1.0,1.0,12.647,12.668,11.759,12.343,1.0,1.0,1.0,1.0,1.0,1.0,1.0,1.0,1.0,1.0,1.0,1.0,1.0,1.0,1.0,1.0,335.0,522.5,525.0,519.0,303.0,521.0,524.0,519.0,-0.002,4.08,0.0,12.252,0.737,0.227,-0.12,0.036,0.0,-0.014
9072007,844,1.0,1.0,1.0,1.0,100.0,29.62,40.0,40.0,40.0,1.0,1.0,739.092,231.918,0.022,11.881,0.0,80.0,55.0,1.4,1242.625,1326.046,1466.575,157.96,54.287,74.604,74.389,74.526,50.941,1.383,1.856,0.34,63.997,51.172,90.004,47.302,0.0,73.54,98.651,85.369,99.407,32.774,54.451,40.075,-10.82,49.969,97.0,72.5,75.75,54.906,56.438,0.0,38.719,72.0,70.0,1000.0,200.0,0.127,223.375,93.125,77.375,-0.052,72.438,74.188,55.625,57.0,0.0,33.375,72.0,70.0,1000.0,200.0,0.072,295.5,93.75,69.25,0.01,72.813,71.625,55.625,57.125,0.0,53.156,72.0,70.0,1000.0,200.0,0.147,422.25,75.5,75.5,0.017,72.563,74.438,56.781,58.625,0.0,42.625,72.0,70.0,1000.0,200.0,0.087,319.0,91.875,68.063,-0.004,1.0,1.0,1.0,1.0,1.0,1.0,1.0,1.0,1.0,1.0,1.0,1.0,1.0,1.0,1.0,1.0,12.65,12.684,11.772,12.356,1.0,1.0,1.0,1.0,1.0,1.0,1.0,1.0,1.0,1.0,1.0,1.0,1.0,1.0,1.0,1.0,335.0,522.0,524.5,519.0,303.0,520.5,524.0,519.0,-0.001,4.002,0.0,12.058,0.739,0.232,-0.119,0.036,0.0,-0.014
9072007,845,1.0,1.0,1.0,1.0,100.0,28.853,40.0,40.0,40.0,1.0,1.0,766.032,231.918,0.022,11.837,0.0,80.0,55.0,1.4,1268.25,1333.788,1480.932,168.667,54.071,74.604,74.179,74.421,50.834,1.353,1.881,0.344,64.295,51.243,90.368,47.442,0.0,73.11,98.429,85.369,99.185,32.481,54.451,39.856,-10.828,50.094,97.125,72.438,75.438,54.906,56.344,0.0,39.375,72.0,70.0,1000.0,200.0,0.121,216.75,92.688,77.375,-0.052,72.438,74.188,55.531,57.0,0.0,33.75,72.0,70.0,1000.0,200.0,0.082,310.0,93.5,69.25,0.01,72.813,71.625,55.625,57.125,0.0,53.5,72.0,70.0,1000.0,200.0,0.153,425.75,75.5,75.5,0.017,72.688,74.25,56.656,58.531,0.0,42.969,72.0,70.0,1000.0,200.0,0.088,326.5,91.625,68.063,-0.004,1.0,1.0,1.0,1.0,1.0,1.0,1.0,1.0,1.0,1.0,1.0,1.0,1.0,1.0,1.0,1.0,12.648,12.672,11.767,12.343,1.0,1.0,1.0,1.0,1.0,1.0,1.0,1.0,1.0,1.0,1.0,1.0,1.0,1.0,1.0,1.0,335.0,522.0,524.5,519.0,303.0,521.0,523.5,518.5,-0.001,3.974,0.0,12.136,0.766,0.232,-0.116,0.035,0.0,-0.014
9072007,846,1.0,1.0,1.0,1.0,100.0,27.494,40.0,40.0,40.0,1.0,1.0,777.745,233.089,0.022,11.956,0.0,80.0,55.0,1.4,1290.375,1363.285,1484.126,160.016,54.179,74.498,74.284,74.421,50.941,1.345,1.885,0.34,64.455,51.482,90.396,47.414,0.0,73.11,98.281,85.262,99.037,32.261,54.451,39.638,-10.82,50.031,97.125,72.438,76.125,54.906,56.344,0.0,38.688,72.0,70.0,1000.0,200.0,0.127,223.875,92.188,77.188,-0.052,72.438,74.125,55.531,57.0,0.0,34.625,72.0,70.0,1000.0,200.0,0.075,299.25,93.188,69.5,0.01,72.375,71.563,55.625,57.0,0.0,54.281,72.0,70.0,1000.0,200.0,0.159,435.25,75.5,75.5,0.017,72.688,74.063,56.438,58.438,0.0,43.844,72.0,70.0,1000.0,200.0,0.092,335.0,91.375,68.25,-0.004,1.0,1.0,1.0,1.0,1.0,1.0,1.0,1.0,1.0,1.0,1.0,1.0,1.0,1.0,1.0,1.0,12.655,12.681,11.775,12.354,1.0,1.0,1.0,1.0,1.0,1.0,1.0,1.0,1.0,1.0,1.0,1.0,1.0,1.0,1.0,1.0,335.0,522.0,524.5,519.0,303.0,520.5,523.5,518.0,-0.001,3.975,0.0,12.263,0.778,0.233,-0.114,0.034,0.0,-0.013
9072007,847,1.0,1.0,1.0,1.0,100.0,26.7,40.0,40.0,40.0,1.0,1.0,785.944,235.432,0.022,11.852,0.0,80.0,55.0,1.4,1284.375,1361.729,1493.713,164.196,54.179,74.392,74.389,74.421,51.048,1.353,1.87,0.34,64.574,51.612,90.396,47.218,0.0,72.895,98.429,85.475,99.185,32.334,54.556,39.492,-10.82,49.969,97.25,72.438,76.438,54.781,56.438,0.0,38.344,72.0,70.0,1000.0,200.0,0.129,225.5,92.063,77.313,-0.052,72.438,74.125,55.344,56.938,0.0,33.5,72.0,70.0,1000.0,200.0,0.081,315.5,92.875,69.625,0.01,72.5,71.438,55.625,57.0,0.0,53.281,72.0,70.0,1000.0,200.0,0.152,428.0,75.5,75.5,0.017,72.688,73.625,56.438,58.344,0.0,45.0,72.0,70.0,1000.0,200.0,0.093,333.0,91.063,68.313,-0.004,1.0,1.0,1.0,1.0,1.0,1.0,1.0,1.0,1.0,1.0,1.0,1.0,1.0,1.0,1.0,1.0,12.635,12.676,11.759,12.348,1.0,1.0,1.0,1.0,1.0,1.0,1.0,1.0,1.0,1.0,1.0,1.0,1.0,1.0,1.0,1.0,334.5,521.5,524.0,518.5,303.0,520.5,523.5,518.0,-0.001,3.818,0.0,11.795,0.786,0.235,-0.112,0.034,0.0,-0.013
9072007,848,1.0,1.0,1.0,1.0,100.0,25.972,40.0,40.0,40.0,1.0,1.0,777.745,236.603,0.012,11.807,0.0,80.0,55.0,1.4,1284.375,1355.511,1490.516,155.45,54.179,74.604,74.389,74.632,51.155,1.333,1.888,0.344,64.616,51.666,90.985,47.302,0.0,72.895,98.281,85.475,99.111,32.115,54.869,39.201,-10.82,49.781,97.25,72.438,75.375,54.906,56.344,0.0,39.75,72.0,70.0,1000.0,200.0,0.12,215.875,91.563,76.938,-0.052,72.438,74.063,55.531,56.781,0.0,34.219,72.0,70.0,1000.0,200.0,0.08,314.5,92.563,69.625,0.01,72.5,71.188,55.625,57.0,0.0,54.094,72.0,70.0,1000.0,200.0,0.155,432.5,75.5,75.5,0.012,72.688,73.375,56.438,58.125,0.0,44.344,72.0,70.0,1000.0,200.0,0.101,346.5,90.875,68.438,-0.004,1.0,1.0,1.0,1.0,1.0,1.0,1.0,1.0,1.0,1.0,1.0,1.0,1.0,1.0,1.0,1.0,12.655,12.688,11.775,12.358,1.0,1.0,1.0,1.0,1.0,1.0,1.0,1.0,1.0,1.0,1.0,1.0,1.0,1.0,1.0,1.0,335.0,521.5,524.0,518.5,303.0,519.5,523.0,518.0,-0.001,3.677,0.0,11.633,0.778,0.237,-0.111,0.033,0.0,-0.013
9072007,849,1.0,1.0,1.0,1.0,100.0,26.163,40.0,40.0,40.0,1.0,1.0,792.972,241.288,0.022,11.866,0.0,80.0,55.0,1.4,1312.625,1402.273,1517.729,176.234,54.394,74.392,74.073,74.209,51.583,1.372,1.949,0.329,64.768,51.754,91.546,47.498,0.0,72.788,98.133,85.475,99.037,32.115,55.183,38.982,-10.82,50.25,97.313,72.688,75.125,55.094,56.344,0.0,38.656,72.0,70.0,1000.0,200.0,0.129,224.625,91.25,76.875,-0.052,72.438,74.063,55.625,57.0,0.0,34.0,72.0,70.0,1000.0,200.0,0.083,318.75,92.438,69.688,0.01,72.5,71.313,55.625,57.0,0.0,54.031,72.0,70.0,1000.0,200.0,0.161,436.0,75.563,75.75,0.017,72.688,73.25,56.438,58.344,0.0,44.563,72.0,70.0,1000.0,200.0,0.104,356.5,90.688,68.313,-0.004,1.0,1.0,1.0,1.0,1.0,1.0,1.0,1.0,1.0,1.0,1.0,1.0,1.0,1.0,1.0,1.0,12.662,12.688,11.781,12.358,1.0,1.0,1.0,1.0,1.0,1.0,1.0,1.0,1.0,1.0,1.0,1.0,1.0,1.0,1.0,1.0,335.0,521.5,524.0,518.5,303.0,520.0,523.0,518.0,-0.002,3.532,0.0,11.329,0.793,0.241,-0.109,0.033,-0.0,-0.013
9072007,850,1.0,1.0,1.0,1.0,100.0,26.174,40.0,40.0,40.0,1.0,1.0,803.514,238.946,0.022,11.837,0.0,80.0,55.0,1.4,1350.0,1411.66,1514.523,183.918,54.61,74.286,74.073,74.104,51.798,1.36,1.906,0.34,64.936,51.992,91.602,47.695,0.0,72.573,98.133,85.475,98.889,32.041,55.705,39.055,-10.82,50.344,97.438,72.625,75.75,55.281,56.438,0.0,39.375,72.0,70.0,1000.0,200.0,0.13,225.625,90.875,76.875,-0.052,72.438,74.063,55.625,56.938,0.0,34.281,72.0,70.0,1000.0,200.0,0.085,321.0,92.188,69.75,0.01,72.688,71.188,55.656,57.0,0.0,54.406,72.0,70.0,1000.0,200.0,0.161,438.5,75.5,75.5,0.017,72.688,72.875,56.438,58.125,0.0,45.313,72.0,70.0,1000.0,200.0,0.113,364.75,90.375,68.5,-0.004,1.0,1.0,1.0,1.0,1.0,1.0,1.0,1.0,1.0,1.0,1.0,1.0,1.0,1.0,1.0,1.0,12.662,12.684,11.78,12.356,1.0,1.0,1.0,1.0,1.0,1.0,1.0,1.0,1.0,1.0,1.0,1.0,1.0,1.0,1.0,1.0,334.75,521.0,524.0,518.5,303.0,520.0,522.5,517.5,-0.001,3.508,0.0,11.544,0.804,0.239,-0.106,0.033,0.0,-0.013
9072007,851,1.0,1.0,1.0,1.0,100.0,26.103,40.0,40.0,40.0,1.0,1.0,817.57,242.46,0.022,11.881,0.0,80.0,55.0,1.4,1350.0,1416.358,1530.565,186.401,54.932,74.18,73.968,74.209,52.012,1.36,1.924,0.344,65.055,52.039,91.518,47.779,0.0,72.788,98.133,85.156,98.889,31.822,55.81,38.91,-10.828,50.375,97.5,72.688,75.75,55.281,56.563,0.0,40.0,72.0,70.0,1000.0,200.0,0.129,224.5,90.438,76.75,-0.052,72.438,74.063,55.75,56.938,0.0,34.063,72.0,70.0,1000.0,200.0,0.088,325.25,91.875,69.75,0.01,72.375,71.313,55.875,57.125,0.0,54.75,72.0,70.0,1000.0,200.0,0.172,453.0,75.5,75.5,0.014,72.688,72.875,56.438,58.125,0.0,45.5,72.0,70.0,1000.0,200.0,0.111,362.75,90.188,68.625,-0.004,1.0,1.0,1.0,1.0,1.0,1.0,1.0,1.0,1.0,1.0,1.0,1.0,1.0,1.0,1.0,1.0,12.662,12.694,11.778,12.364,1.0,1.0,1.0,1.0,1.0,1.0,1.0,1.0,1.0,1.0,1.0,1.0,1.0,1.0,1.0,1.0,335.0,521.0,524.0,518.5,303.0,519.5,522.5,517.5,-0.001,3.511,0.0,11.71,0.818,0.242,-0.104,0.032,0.0,-0.013
9072007,852,1.0,1.0,1.0,1.0,100.0,26.141,40.0,40.0,40.0,1.0,1.0,814.056,242.46,0.012,11.792,0.0,80.0,55.0,1.4,1362.875,1421.059,1520.936,181.852,55.04,74.18,73.863,74.104,52.119,1.379,1.964,0.34,65.175,52.035,91.182,48.003,0.0,72.681,97.986,85.156,98.742,31.748,55.81,38.837,-10.82,50.469,97.563,72.688,75.125,55.406,56.563,0.0,40.313,72.0,70.0,1000.0,200.0,0.13,225.5,90.25,76.625,-0.052,72.438,74.063,55.75,56.938,0.0,34.438,72.0,70.0,1000.0,200.0,0.088,324.5,91.688,69.875,0.01,72.5,71.0,55.969,57.125,0.0,54.344,72.0,70.0,1000.0,200.0,0.165,446.5,75.563,75.5,0.017,72.875,72.688,56.438,58.125,0.0,44.938,72.0,70.0,1000.0,200.0,0.118,376.25,90.063,68.625,-0.004,1.0,1.0,1.0,1.0,1.0,1.0,1.0,1.0,1.0,1.0,1.0,1.0,1.0,1.0,1.0,1.0,12.647,12.672,11.76,12.343,1.0,1.0,1.0,1.0,1.0,1.0,1.0,1.0,1.0,1.0,1.0,1.0,1.0,1.0,1.0,1.0,334.5,520.5,524.0,518.0,303.0,520.0,522.5,517.0,-0.001,3.474,0.0,11.624,0.814,0.242,-0.103,0.032,0.0,-0.012
9072007,853,1.0,1.0,1.0,1.0,100.0,25.848,40.0,40.0,40.0,1.0,1.0,839.824,241.288,0.012,11.881,0.0,80.0,55.0,1.4,1381.875,1444.604,1546.639,202.273,54.825,74.074,73.863,74.104,52.119,1.356,1.928,0.34,65.602,52.239,91.097,48.143,0.0,72.251,97.912,85.156,98.742,31.529,55.705,38.764,-10.82,50.844,97.563,72.625,76.375,55.406,56.75,0.0,39.969,72.0,70.0,1000.0,200.0,0.135,231.75,89.813,76.563,-0.052,72.438,74.063,55.844,57.0,0.0,34.813,72.0,70.0,1000.0,200.0,0.089,326.5,91.375,69.875,0.01,72.313,71.188,55.969,57.125,0.0,54.125,72.0,70.0,1000.0,200.0,0.174,459.0,75.5,75.75,0.017,73.0,72.688,56.438,58.125,0.0,46.406,72.0,70.0,1000.0,200.0,0.122,381.0,89.688,68.813,-0.004,1.0,1.0,1.0,1.0,1.0,1.0,1.0,1.0,1.0,1.0,1.0,1.0,1.0,1.0,1.0,1.0,12.659,12.684,11.772,12.356,1.0,1.0,1.0,1.0,1.0,1.0,1.0,1.0,1.0,1.0,1.0,1.0,1.0,1.0,1.0,1.0,334.75,520.5,523.5,518.0,303.0,519.5,522.0,517.0,-0.001,3.556,0.0,11.954,0.84,0.241,-0.1,0.031,-0.001,-0.012
9072007,854,1.0,1.0,1.0,1.0,100.0,26.29,40.0,40.0,40.0,1.0,1.0,845.681,249.488,0.012,11.837,0.0,80.0,55.0,1.4,1405.375,1447.749,1554.689,192.061,55.04,74.074,74.073,73.998,52.333,1.364,1.953,0.348,65.624,52.444,91.041,47.947,0.0,72.251,97.69,85.05,98.594,31.529,55.705,38.691,-10.82,50.813,97.688,72.625,76.438,55.5,56.75,0.0,40.281,72.0,70.0,1000.0,200.0,0.135,228.375,89.563,76.563,-0.052,72.313,74.063,55.844,57.0,0.0,35.438,72.0,70.0,1000.0,200.0,0.089,326.75,91.188,70.063,0.01,72.5,71.0,55.969,57.125,0.0,53.875,72.0,70.0,1000.0,200.0,0.173,457.0,75.438,75.75,0.017,73.0,72.438,56.438,58.125,0.0,47.5,72.0,70.0,1000.0,200.0,0.128,391.75,89.563,68.813,-0.004,1.0,1.0,1.0,1.0,1.0,1.0,1.0,1.0,1.0,1.0,1.0,1.0,1.0,1.0,1.0,1.0,12.668,12.692,11.778,12.366,1.0,1.0,1.0,1.0,1.0,1.0,1.0,1.0,1.0,1.0,1.0,1.0,1.0,1.0,1.0,1.0,335.0,520.5,523.5,518.0,303.0,519.0,522.5,516.5,-0.001,3.507,0.0,11.789,0.846,0.249,-0.098,0.031,-0.001,-0.012
9072007,855,1.0,1.0,1.0,1.0,100.0,26.885,40.0,40.0,40.0,1.0,1.0,840.996,245.974,0.012,11.866,0.0,80.0,55.0,1.4,1405.375,1454.042,1562.747,198.192,55.255,74.074,73.968,73.998,52.44,1.383,1.989,0.34,65.692,52.546,91.294,48.171,0.0,72.466,97.69,85.156,98.52,31.382,55.81,38.691,-10.828,51.031,97.625,72.5,76.125,55.688,56.75,0.0,39.656,72.0,70.0,1000.0,200.0,0.141,235.25,89.125,76.375,-0.052,72.438,73.813,55.938,57.125,0.0,35.063,72.0,70.0,1000.0,200.0,0.096,334.5,91.0,70.25,0.01,72.5,71.188,56.094,57.219,0.0,54.781,72.0,70.0,1000.0,200.0,0.173,452.25,75.563,75.5,0.017,73.0,72.688,56.438,58.0,0.0,47.281,72.0,70.0,1000.0,200.0,0.141,410.75,89.25,68.938,-0.004,1.0,1.0,1.0,1.0,1.0,1.0,1.0,1.0,1.0,1.0,1.0,1.0,1.0,1.0,1.0,1.0,12.657,12.684,11.768,12.36,1.0,1.0,1.0,1.0,1.0,1.0,1.0,1.0,1.0,1.0,1.0,1.0,1.0,1.0,1.0,1.0,334.5,520.5,523.5,518.0,303.0,519.5,522.0,516.0,-0.001,3.55,0.0,12.061,0.841,0.246,-0.097,0.03,0.0,-0.012
9072007,856,1.0,1.0,1.0,1.0,100.0,26.676,40.0,40.0,40.0,1.0,1.0,866.764,251.83,0.012,11.822,0.0,80.0,55.0,1.4,1426.375,1476.108,1569.199,202.224,55.148,74.286,74.179,74.209,52.333,1.341,2.043,0.34,65.858,52.651,91.041,48.255,0.0,72.251,97.616,85.05,98.52,31.309,55.914,38.691,-10.828,51.188,97.688,72.5,75.813,55.688,56.906,0.0,40.563,72.0,70.0,1000.0,200.0,0.132,227.25,88.938,76.25,-0.052,72.438,73.75,55.938,57.0,0.0,34.813,72.0,70.0,1000.0,200.0,0.097,343.25,90.688,70.25,0.01,72.313,71.188,56.094,57.219,0.0,54.688,72.0,70.0,1000.0,200.0,0.176,460.5,75.5,75.75,0.017,73.0,72.438,56.438,58.0,0.0,48.625,72.0,70.0,1000.0,200.0,0.14,415.5,89.188,68.938,-0.004,1.0,1.0,1.0,1.0,1.0,1.0,1.0,1.0,1.0,1.0,1.0,1.0,1.0,1.0,1.0,1.0,12.663,12.689,11.77,12.358,1.0,1.0,1.0,1.0,1.0,1.0,1.0,1.0,1.0,1.0,1.0,1.0,1.0,1.0,1.0,1.0,334.75,520.0,523.5,518.0,303.0,519.0,522.0,516.5,-0.001,3.547,0.0,12.137,0.867,0.252,-0.096,0.03,-0.001,-0.012
9072007,857,1.0,1.0,1.0,1.0,100.0,26.877,40.0,40.0,40.0,1.0,1.0,881.991,250.659,0.012,11.911,0.0,80.0,55.0,1.4,1447.0,1552.216,1595.064,226.688,55.255,74.074,73.863,73.892,52.44,1.402,1.993,0.337,65.883,52.699,91.041,48.423,0.0,72.251,97.542,84.944,98.372,31.309,55.81,38.618,-10.82,51.5,97.688,72.625,75.25,55.813,56.906,0.0,39.656,72.0,70.0,1000.0,200.0,0.142,235.625,88.5,76.125,-0.052,72.438,73.75,55.938,57.125,0.0,35.969,72.0,70.0,1000.0,200.0,0.104,349.5,90.625,70.313,0.01,72.375,71.313,56.094,57.219,0.0,54.313,72.0,70.0,1000.0,200.0,0.176,458.5,75.5,75.75,0.017,73.0,72.688,56.656,58.0,0.0,48.531,72.0,70.0,1000.0,200.0,0.148,422.75,89.0,68.938,-0.004,1.0,1.0,1.0,1.0,1.0,1.0,1.0,1.0,1.0,1.0,1.0,1.0,1.0,1.0,1.0,1.0,12.648,12.668,11.759,12.338,1.0,1.0,1.0,1.0,1.0,1.0,1.0,1.0,1.0,1.0,1.0,1.0,1.0,1.0,1.0,1.0,334.25,520.5,523.5,518.0,303.0,519.0,522.0,516.0,-0.001,3.553,0.0,12.107,0.882,0.251,-0.094,0.03,-0.001,-0.012
9072007,858,1.0,1.0,1.0,1.0,100.0,27.401,40.0,40.0,40.0,1.0,1.0,878.477,254.173,0.022,11.822,0.0,80.0,55.0,1.4,1463.625,1545.847,1606.408,225.016,55.255,73.968,73.863,74.104,52.44,1.402,2.072,0.348,65.918,52.768,91.182,48.479,0.0,72.251,97.468,85.05,98.299,31.309,55.914,38.618,-10.82,51.594,97.688,72.5,75.625,55.813,56.969,0.0,39.406,72.0,70.0,1000.0,200.0,0.146,238.875,88.375,76.063,-0.052,72.438,73.75,56.125,57.0,0.0,36.094,72.0,70.0,1000.0,200.0,0.099,344.25,90.438,70.375,0.01,72.375,71.188,56.188,57.344,0.0,54.531,72.0,70.0,1000.0,200.0,0.182,466.5,75.5,75.75,0.017,73.0,71.813,56.656,58.0,0.0,48.5,72.0,70.0,1000.0,200.0,0.156,434.0,88.875,69.0,-0.004,1.0,1.0,1.0,1.0,1.0,1.0,1.0,1.0,1.0,1.0,1.0,1.0,1.0,1.0,1.0,1.0,12.66,12.691,11.785,12.361,1.0,1.0,1.0,1.0,1.0,1.0,1.0,1.0,1.0,1.0,1.0,1.0,1.0,1.0,1.0,1.0,335.0,520.0,523.5,518.0,303.0,519.5,522.0,516.0,-0.001,3.512,0.0,12.017,0.878,0.254,-0.093,0.029,-0.001,-0.012
9072007,859,1.0,1.0,1.0,1.0,100.0,27.779,40.0,40.0,40.0,1.0,1.0,893.704,256.515,0.012,11.896,0.0,80.0,55.0,1.4,1486.5,1539.483,1603.165,222.405,55.255,73.968,73.863,73.998,52.44,1.413,2.075,0.333,65.926,52.742,90.985,48.592,0.0,72.144,97.394,84.944,98.299,31.236,55.914,38.618,-10.828,51.594,97.75,72.625,76.125,55.906,56.969,0.0,39.25,72.0,70.0,1000.0,200.0,0.146,239.75,87.813,76.063,-0.052,72.438,73.813,56.125,57.125,0.0,36.938,72.0,70.0,1000.0,200.0,0.098,343.25,90.125,70.375,0.01,72.313,71.188,56.188,57.344,0.0,55.594,72.0,70.0,1000.0,200.0,0.184,468.75,75.563,75.75,0.017,73.0,71.75,56.656,58.0,0.0,49.969,72.0,70.0,1000.0,200.0,0.16,438.25,88.563,69.125,-0.004,1.0,1.0,1.0,1.0,1.0,1.0,1.0,1.0,1.0,1.0,1.0,1.0,1.0,1.0,1.0,1.0,12.66,12.672,11.772,12.346,1.0,1.0,1.0,1.0,1.0,1.0,1.0,1.0,1.0,1.0,1.0,1.0,1.0,1.0,1.0,1.0,334.75,520.0,523.5,518.0,303.0,519.5,522.0,516.0,-0.001,3.558,0.0,12.213,0.894,0.257,-0.089,0.029,-0.0,-0.011
9072007,900,1.0,1.0,1.0,1.0,100.0,28.421,40.0,40.0,40.0,1.0,1.0,891.362,256.515,0.022,11.881,0.0,80.0,55.0,1.4,1486.5,1547.438,1608.031,224.052,55.578,74.18,74.073,74.104,52.761,1.383,2.075,0.333,65.947,52.757,91.041,48.648,0.0,72.251,97.246,84.944,98.151,31.162,55.914,38.618,-10.82,51.625,97.688,72.5,76.125,55.906,57.063,0.0,40.688,72.0,70.0,1000.0,200.0,0.135,229.0,87.625,75.938,-0.052,72.438,73.75,56.125,57.125,0.0,35.875,72.0,70.0,1000.0,200.0,0.104,358.5,89.875,70.438,0.01,72.375,71.313,56.281,57.344,0.0,54.25,72.0,70.0,1000.0,200.0,0.184,469.5,75.563,75.75,0.019,73.063,71.75,56.656,58.0,0.0,49.313,72.0,70.0,1000.0,200.0,0.169,450.5,88.438,69.25,-0.004,1.0,1.0,1.0,1.0,1.0,1.0,1.0,1.0,1.0,1.0,1.0,1.0,1.0,1.0,1.0,1.0,12.667,12.684,11.781,12.356,1.0,1.0,1.0,1.0,1.0,1.0,1.0,1.0,1.0,1.0,1.0,1.0,1.0,1.0,1.0,1.0,335.0,520.0,523.0,518.0,303.0,518.5,522.0,516.0,-0.002,3.579,0.0,12.32,0.891,0.257,-0.089,0.028,-0.001,-0.011
9072007,901,1.0,1.0,1.0,1.0,100.0,29.564,40.0,40.0,40.0,1.0,1.0,917.13,258.858,0.022,11.896,0.0,80.0,55.0,1.4,1510.75,1579.336,1629.151,234.639,55.363,73.968,73.758,73.892,52.654,1.375,2.09,0.333,65.972,52.768,91.097,48.788,0.0,72.144,97.172,84.944,98.077,31.162,55.81,38.618,-10.82,51.75,97.688,72.5,75.75,55.906,57.063,0.0,39.719,72.0,70.0,1000.0,200.0,0.145,237.625,87.313,75.75,-0.052,72.438,73.75,56.25,57.125,0.0,35.813,72.0,70.0,1000.0,200.0,0.108,362.5,89.813,70.438,0.01,72.313,71.438,56.188,57.438,0.0,54.813,72.0,70.0,1000.0,200.0,0.193,482.0,75.563,75.813,0.017,73.063,71.563,56.656,58.0,0.0,51.313,72.0,70.0,1000.0,200.0,0.17,451.25,88.125,69.25,-0.004,1.0,1.0,1.0,1.0,1.0,1.0,1.0,1.0,1.0,1.0,1.0,1.0,1.0,1.0,1.0,1.0,12.672,12.691,11.783,12.363,1.0,1.0,1.0,1.0,1.0,1.0,1.0,1.0,1.0,1.0,1.0,1.0,1.0,1.0,1.0,1.0,335.0,519.5,523.0,518.5,303.0,519.0,522.0,515.5,-0.002,3.599,0.0,12.336,0.917,0.259,-0.088,0.028,-0.001,-0.011
9072007,902,1.0,1.0,1.0,1.0,100.0,30.079,40.0,40.0,40.0,1.0,1.0,919.473,251.83,0.022,11.837,0.0,80.0,55.0,1.4,1520.0,1585.73,1630.779,237.12,55.578,73.862,73.758,73.892,52.761,1.379,2.097,0.333,66.001,52.774,90.929,48.984,0.0,72.144,97.098,84.837,98.003,31.016,56.018,38.545,-10.82,51.813,97.75,72.5,75.438,55.906,57.063,0.0,39.594,72.0,70.0,1000.0,200.0,0.146,239.0,87.125,75.625,-0.052,72.438,73.625,56.25,57.313,0.0,35.906,72.0,70.0,1000.0,200.0,0.11,365.25,89.5,70.438,0.01,72.188,71.188,56.281,57.438,0.0,55.375,72.0,70.0,1000.0,200.0,0.183,468.75,75.563,75.75,0.021,73.0,71.563,56.656,58.0,0.0,50.594,72.0,70.0,1000.0,200.0,0.18,465.75,88.0,69.25,-0.004,1.0,1.0,1.0,1.0,1.0,1.0,1.0,1.0,1.0,1.0,1.0,1.0,1.0,1.0,1.0,1.0,12.672,12.696,11.792,12.366,1.0,1.0,1.0,1.0,1.0,1.0,1.0,1.0,1.0,1.0,1.0,1.0,1.0,1.0,1.0,1.0,335.25,519.5,523.0,518.5,303.0,519.0,522.0,515.5,-0.002,3.565,0.0,12.395,0.919,0.252,-0.087,0.028,-0.001,-0.011
9072007,903,1.0,1.0,1.0,1.0,100.0,30.673,40.0,40.0,40.0,1.0,1.0,920.644,260.029,0.012,11.807,0.0,80.0,55.0,1.4,1520.0,1590.528,1629.151,238.275,55.686,73.862,73.653,73.998,52.868,1.387,2.083,0.34,66.037,52.805,91.041,49.068,0.0,72.144,97.024,84.837,97.929,31.016,56.018,38.545,-10.82,51.969,97.625,72.625,75.625,55.906,57.156,0.0,40.094,72.0,70.0,1000.0,200.0,0.146,238.625,86.75,75.625,-0.052,72.313,73.625,56.25,57.313,0.0,36.438,72.0,70.0,1000.0,200.0,0.11,365.0,89.25,70.688,0.01,72.313,71.438,56.281,57.438,0.0,55.0,72.0,70.0,1000.0,200.0,0.185,469.5,75.563,75.75,0.017,72.875,71.563,56.781,58.0,0.0,50.375,72.0,70.0,1000.0,200.0,0.183,468.75,87.938,69.375,-0.004,1.0,1.0,1.0,1.0,1.0,1.0,1.0,1.0,1.0,1.0,1.0,1.0,1.0,1.0,1.0,1.0,12.678,12.701,11.805,12.371,1.0,1.0,1.0,1.0,1.0,1.0,1.0,1.0,1.0,1.0,1.0,1.0,1.0,1.0,1.0,1.0,335.5,519.5,523.0,518.5,302.75,519.0,522.0,516.0,-0.001,3.556,0.0,12.364,0.921,0.26,-0.084,0.027,-0.0,-0.011
9072007,904,1.0,1.0,1.0,1.0,100.0,31.205,40.0,40.0,40.0,1.0,1.0,925.33,249.488,0.012,11.837,0.0,80.0,55.0,1.4,1542.25,1585.73,1621.02,241.194,55.578,73.862,73.758,73.787,52.868,1.372,2.079,0.337,66.053,52.85,90.957,49.068,0.0,71.929,97.024,84.837,97.855,31.016,55.81,38.545,-10.82,52.063,97.688,72.688,75.938,56.125,57.156,0.0,40.625,72.0,70.0,1000.0,200.0,0.146,238.5,86.563,75.563,-0.052,72.438,73.625,56.344,57.313,0.0,36.906,72.0,70.0,1000.0,200.0,0.105,358.5,89.188,70.688,0.01,72.375,71.313,56.5,57.594,0.0,55.156,72.0,70.0,1000.0,200.0,0.19,474.0,75.563,75.75,0.017,72.875,71.25,56.656,58.0,0.0,52.75,72.0,70.0,1000.0,200.0,0.183,468.5,87.75,69.375,-0.004,1.0,1.0,1.0,1.0,1.0,1.0,1.0,1.0,1.0,1.0,1.0,1.0,1.0,1.0,1.0,1.0,12.668,12.692,11.787,12.363,1.0,1.0,1.0,1.0,1.0,1.0,1.0,1.0,1.0,1.0,1.0,1.0,1.0,1.0,1.0,1.0,335.0,519.5,523.0,518.5,302.75,519.5,522.0,516.0,-0.001,3.594,0.0,12.395,0.925,0.249,-0.083,0.027,-0.0,-0.011
9072007,905,1.0,1.0,1.0,1.0,100.0,31.827,40.0,40.0,40.0,1.0,1.0,933.529,256.515,0.012,11.822,0.0,80.0,55.0,1.4,1546.125,1595.329,1642.181,242.906,55.578,73.862,73.653,73.787,52.868,1.391,2.101,0.337,66.172,52.944,91.069,49.124,0.0,72.036,96.95,84.731,97.855,31.089,56.018,38.618,-10.82,52.25,97.688,72.688,76.25,56.125,57.156,0.0,41.875,72.0,70.0,1000.0,200.0,0.146,238.75,86.125,75.5,-0.052,72.438,73.625,56.344,57.313,0.0,36.875,72.0,70.0,1000.0,200.0,0.113,369.0,88.875,70.75,0.01,72.313,71.625,56.5,57.594,0.0,55.969,72.0,70.0,1000.0,200.0,0.192,480.5,75.813,75.75,0.017,72.688,71.563,56.781,58.0,0.0,52.719,72.0,70.0,1000.0,200.0,0.18,464.5,87.5,69.5,-0.004,1.0,1.0,1.0,1.0,1.0,1.0,1.0,1.0,1.0,1.0,1.0,1.0,1.0,1.0,1.0,1.0,12.665,12.683,11.778,12.356,1.0,1.0,1.0,1.0,1.0,1.0,1.0,1.0,1.0,1.0,1.0,1.0,1.0,1.0,1.0,1.0,335.0,519.5,523.0,519.0,303.0,518.5,522.0,516.0,-0.001,3.57,0.0,12.379,0.934,0.257,-0.081,0.026,0.0,-0.01
9072007,906,1.0,1.0,1.0,1.0,100.0,32.414,40.0,40.0,40.0,1.0,1.0,948.756,260.029,0.022,11.762,0.0,80.0,55.0,1.4,1565.75,1620.978,1645.442,252.357,55.578,73.862,73.653,73.787,52.975,1.383,2.097,0.34,66.337,53.03,91.153,49.124,0.0,71.929,96.876,84.625,97.708,30.942,56.018,38.545,-10.82,52.313,97.625,72.688,76.438,56.125,57.156,0.0,40.938,72.0,70.0,1000.0,200.0,0.153,242.875,85.938,75.5,-0.052,72.438,73.625,56.344,57.406,0.0,37.469,72.0,70.0,1000.0,200.0,0.113,369.25,88.75,70.75,0.01,72.313,71.188,56.5,57.594,0.0,56.0,72.0,70.0,1000.0,200.0,0.191,478.5,75.563,75.75,0.017,72.688,71.438,56.781,58.0,0.0,51.375,72.0,70.0,1000.0,200.0,0.194,483.25,87.438,69.5,-0.004,1.0,1.0,1.0,1.0,1.0,1.0,1.0,1.0,1.0,1.0,1.0,1.0,1.0,1.0,1.0,1.0,12.659,12.688,11.783,12.36,1.0,1.0,1.0,1.0,1.0,1.0,1.0,1.0,1.0,1.0,1.0,1.0,1.0,1.0,1.0,1.0,335.0,519.5,523.0,519.0,302.75,519.0,522.0,516.0,-0.001,3.566,0.0,12.438,0.949,0.26,-0.079,0.026,-0.0,-0.01
9072007,907,1.0,1.0,1.0,1.0,100.0,33.423,40.0,40.0,40.0,1.0,1.0,919.473,260.029,0.022,11.896,0.0,80.0,55.0,1.4,1577.25,1617.768,1645.442,254.255,55.686,73.756,73.653,73.681,52.975,1.356,2.111,0.333,66.401,53.089,91.069,49.18,0.0,71.929,96.728,84.731,97.708,30.942,56.018,38.545,-10.82,52.438,97.625,72.625,75.938,56.125,57.375,0.0,41.75,72.0,70.0,1000.0,200.0,0.146,240.5,85.563,75.313,-0.052,72.313,73.75,56.344,57.406,0.0,37.75,72.0,70.0,1000.0,200.0,0.114,374.0,88.625,70.875,0.01,72.313,71.313,56.563,57.594,0.0,55.969,72.0,70.0,1000.0,200.0,0.201,487.0,75.563,75.75,0.017,72.688,71.125,56.781,58.0,0.0,52.188,72.0,70.0,1000.0,200.0,0.195,482.75,87.25,69.563,-0.004,1.0,1.0,1.0,1.0,1.0,1.0,1.0,1.0,1.0,1.0,1.0,1.0,1.0,1.0,1.0,1.0,12.652,12.665,11.768,12.34,1.0,1.0,1.0,1.0,1.0,1.0,1.0,1.0,1.0,1.0,1.0,1.0,1.0,1.0,1.0,1.0,334.5,519.5,523.0,519.0,302.75,519.0,522.0,516.0,-0.002,3.607,0.0,12.58,0.919,0.26,-0.078,0.026,-0.0,-0.01
9072007,908,1.0,1.0,1.0,1.0,100.0,34.242,40.0,40.0,40.0,1.0,1.0,944.07,264.715,0.012,11.971,0.0,80.0,55.0,1.4,1596.0,1657.979,1666.678,261.149,55.686,73.756,73.548,73.787,52.975,1.356,2.119,0.322,66.62,53.231,90.873,49.404,0.0,71.929,96.654,84.625,97.56,30.942,56.018,38.691,-10.82,52.594,97.625,72.625,75.438,56.344,57.375,0.0,40.844,72.0,70.0,1000.0,200.0,0.156,247.5,85.438,75.125,-0.052,72.438,73.5,56.438,57.406,0.0,37.438,72.0,70.0,1000.0,200.0,0.119,380.5,88.375,71.0,0.01,72.313,71.313,56.563,57.594,0.0,55.969,72.0,70.0,1000.0,200.0,0.205,491.5,75.563,75.813,0.018,72.688,71.25,56.781,58.0,0.0,53.438,72.0,70.0,1000.0,200.0,0.194,482.25,87.125,69.688,-0.004,1.0,1.0,1.0,1.0,1.0,1.0,1.0,1.0,1.0,1.0,1.0,1.0,1.0,1.0,1.0,1.0,12.665,12.673,11.768,12.346,1.0,1.0,1.0,1.0,1.0,1.0,1.0,1.0,1.0,1.0,1.0,1.0,1.0,1.0,1.0,1.0,334.5,519.5,523.0,519.5,302.75,520.0,522.0,516.0,-0.001,3.699,0.0,12.902,0.944,0.265,-0.078,0.025,-0.001,-0.01
9072007,909,1.0,1.0,1.0,1.0,100.0,35.008,40.0,40.0,40.0,1.0,1.0,975.695,274.085,0.022,11.956,0.0,80.0,55.0,1.4,1596.0,1661.203,1676.503,262.453,55.901,73.756,73.443,73.681,53.082,1.383,2.111,0.348,66.709,53.274,90.536,49.545,0.0,72.144,96.58,84.625,97.412,30.942,55.601,39.128,-10.82,52.594,97.75,72.688,75.375,56.125,57.156,0.0,40.469,72.0,70.0,1000.0,200.0,0.157,248.125,85.188,75.063,-0.052,72.438,73.375,56.344,57.406,0.0,36.875,72.0,70.0,1000.0,200.0,0.125,386.0,88.188,71.0,0.01,72.188,71.438,56.563,57.75,0.0,56.469,72.0,70.0,1000.0,200.0,0.194,480.5,75.563,75.813,0.017,72.688,71.063,56.781,58.0,0.0,53.188,72.0,70.0,1000.0,200.0,0.205,493.25,86.813,69.688,-0.004,1.0,1.0,1.0,1.0,1.0,1.0,1.0,1.0,1.0,1.0,1.0,1.0,1.0,1.0,1.0,1.0,12.665,12.686,11.783,12.358,1.0,1.0,1.0,1.0,1.0,1.0,1.0,1.0,1.0,1.0,1.0,1.0,1.0,1.0,1.0,1.0,335.0,519.5,523.5,519.5,303.0,519.5,522.0,516.0,-0.002,3.969,0.0,13.613,0.976,0.274,-0.077,0.025,-0.001,-0.01
9072007,910,1.0,1.0,1.0,1.0,100.0,35.503,40.0,40.0,40.0,1.0,1.0,1001.464,265.886,0.022,11.956,0.0,80.0,55.0,1.4,1596.375,1688.657,1679.781,261.817,55.578,73.756,73.548,73.681,52.654,1.36,2.162,0.344,66.918,53.365,90.284,49.488,0.0,72.036,96.58,84.519,97.412,31.016,54.974,39.128,-10.82,52.688,97.563,72.938,76.375,56.125,57.156,0.0,41.219,72.0,70.0,1000.0,200.0,0.156,246.75,84.813,75.063,-0.052,72.313,73.5,56.344,57.406,0.0,38.063,72.0,70.0,1000.0,200.0,0.122,383.25,88.0,71.063,0.01,72.313,71.313,56.5,57.594,0.0,55.906,72.0,70.0,1000.0,200.0,0.208,500.0,75.563,75.75,0.017,72.563,71.063,56.781,58.0,0.0,53.563,72.0,70.0,1000.0,200.0,0.208,500.25,86.75,69.813,-0.004,1.0,1.0,1.0,1.0,1.0,1.0,1.0,1.0,1.0,1.0,1.0,1.0,1.0,1.0,1.0,1.0,12.678,12.686,11.775,12.36,1.0,1.0,1.0,1.0,1.0,1.0,1.0,1.0,1.0,1.0,1.0,1.0,1.0,1.0,1.0,1.0,335.0,519.5,523.0,519.5,303.0,520.0,522.0,516.0,-0.002,4.048,0.0,13.489,1.001,0.266,-0.074,0.025,-0.0,-0.01
9072007,911,1.0,1.0,1.0,1.0,100.0,35.861,40.0,40.0,40.0,1.0,1.0,973.353,264.715,0.012,11.866,0.0,80.0,55.0,1.4,1623.875,1661.203,1674.864,255.799,55.471,73.65,73.548,73.681,52.547,1.372,2.162,0.337,66.896,53.506,89.919,49.46,0.0,71.929,96.432,84.625,97.338,31.089,54.974,39.419,-10.828,52.469,97.563,72.688,76.375,56.0,57.156,0.0,41.875,72.0,70.0,1000.0,200.0,0.159,249.625,84.688,75.063,-0.052,72.438,73.188,56.25,57.313,0.0,37.781,72.0,70.0,1000.0,200.0,0.126,388.25,87.813,71.063,0.01,72.188,71.188,56.5,57.594,0.0,55.656,72.0,70.0,1000.0,200.0,0.196,485.25,75.563,75.813,0.019,72.5,71.063,56.656,58.0,0.0,54.25,72.0,70.0,1000.0,200.0,0.205,494.0,86.625,69.813,-0.004,1.0,1.0,1.0,1.0,1.0,1.0,1.0,1.0,1.0,1.0,1.0,1.0,1.0,1.0,1.0,1.0,12.688,12.697,11.797,12.368,1.0,1.0,1.0,1.0,1.0,1.0,1.0,1.0,1.0,1.0,1.0,1.0,1.0,1.0,1.0,1.0,335.5,519.5,523.0,519.5,302.75,520.0,522.5,516.0,-0.001,4.138,0.0,13.747,0.973,0.265,-0.073,0.024,-0.001,-0.01
9072007,912,1.0,1.0,1.0,1.0,100.0,36.154,40.0,40.0,40.0,1.0,1.0,972.182,265.886,0.012,11.762,0.0,80.0,55.0,1.4,1623.25,1662.816,1678.141,262.623,55.363,73.65,73.548,73.575,52.333,1.383,2.176,0.344,66.991,53.578,89.947,49.32,0.0,71.714,96.432,84.519,97.338,31.162,54.556,39.565,-10.82,52.5,97.5,72.938,75.625,55.906,57.063,0.0,41.844,72.0,70.0,1000.0,200.0,0.159,249.125,84.25,74.938,-0.052,72.313,73.375,56.25,57.313,0.0,37.219,72.0,70.0,1000.0,200.0,0.126,389.25,87.688,71.25,0.01,72.313,71.0,56.281,57.438,0.0,55.219,72.0,70.0,1000.0,200.0,0.198,488.5,75.563,75.813,0.017,72.5,70.938,56.656,57.938,0.0,54.031,72.0,70.0,1000.0,200.0,0.202,490.5,86.563,70.0,-0.004,1.0,1.0,1.0,1.0,1.0,1.0,1.0,1.0,1.0,1.0,1.0,1.0,1.0,1.0,1.0,1.0,12.688,12.701,11.793,12.373,1.0,1.0,1.0,1.0,1.0,1.0,1.0,1.0,1.0,1.0,1.0,1.0,1.0,1.0,1.0,1.0,335.25,520.0,523.0,520.0,303.0,519.5,522.5,516.0,-0.001,4.225,0.0,13.746,0.972,0.266,-0.071,0.024,-0.001,-0.01
9072007,913,1.0,1.0,1.0,1.0,100.0,35.943,40.0,40.0,40.0,1.0,1.0,971.01,269.4,0.022,11.881,0.0,80.0,55.0,1.4,1623.25,1678.958,1681.42,259.264,55.148,73.65,73.443,73.575,52.226,1.372,2.151,0.34,67.007,53.604,90.088,49.348,0.0,71.821,96.21,84.412,97.043,31.455,54.556,39.638,-10.828,52.531,97.438,72.688,75.75,55.906,56.969,0.0,42.688,72.0,70.0,1000.0,200.0,0.16,251.625,84.125,74.875,-0.052,72.313,73.5,56.125,57.125,0.0,37.938,72.0,70.0,1000.0,200.0,0.12,381.75,87.438,71.25,0.01,72.063,71.438,56.188,57.438,0.0,55.063,72.0,70.0,1000.0,200.0,0.2,487.75,75.563,75.813,0.019,72.375,70.938,56.656,57.938,0.0,53.063,72.0,70.0,1000.0,200.0,0.211,504.0,86.313,70.0,-0.004,1.0,1.0,1.0,1.0,1.0,1.0,1.0,1.0,1.0,1.0,1.0,1.0,1.0,1.0,1.0,1.0,12.687,12.697,11.79,12.371,1.0,1.0,1.0,1.0,1.0,1.0,1.0,1.0,1.0,1.0,1.0,1.0,1.0,1.0,1.0,1.0,335.25,520.0,523.0,520.0,303.0,519.5,522.5,516.0,-0.002,4.209,0.0,13.52,0.971,0.269,-0.07,0.024,-0.001,-0.01
9072007,914,1.0,1.0,1.0,1.0,100.0,36.572,40.0,40.0,40.0,1.0,1.0,983.895,270.571,0.012,11.852,0.0,80.0,55.0,1.4,1629.25,1682.19,1694.552,264.287,55.363,73.543,73.443,73.47,52.333,1.368,2.151,0.337,67.141,53.7,90.424,49.208,0.0,71.821,96.21,84.519,97.117,31.382,54.556,39.638,-10.82,52.438,97.438,72.688,75.938,55.813,56.969,0.0,42.156,72.0,70.0,1000.0,200.0,0.162,251.25,84.0,74.875,-0.052,72.313,73.188,55.938,57.0,0.0,37.938,72.0,70.0,1000.0,200.0,0.126,389.25,87.375,71.375,0.01,72.188,71.188,56.188,57.344,0.0,56.344,72.0,70.0,1000.0,200.0,0.199,487.75,75.563,75.813,0.019,72.375,70.875,56.438,57.938,0.0,54.063,72.0,70.0,1000.0,200.0,0.213,506.0,86.125,70.125,-0.004,1.0,1.0,1.0,1.0,1.0,1.0,1.0,1.0,1.0,1.0,1.0,1.0,1.0,1.0,1.0,1.0,12.695,12.711,11.8,12.381,1.0,1.0,1.0,1.0,1.0,1.0,1.0,1.0,1.0,1.0,1.0,1.0,1.0,1.0,1.0,1.0,335.75,520.0,523.0,520.0,303.0,519.5,522.5,516.0,-0.001,4.222,0.0,13.608,0.984,0.271,-0.069,0.023,-0.001,-0.009
9072007,915,1.0,1.0,1.0,1.0,100.0,36.079,40.0,40.0,40.0,1.0,1.0,976.867,270.571,0.012,11.881,0.0,80.0,55.0,1.4,1640.25,1708.085,1689.625,281.367,55.04,73.543,73.443,73.575,52.333,1.364,2.166,0.337,67.195,53.762,90.508,49.068,0.0,71.821,96.136,84.306,97.117,31.529,54.556,39.711,-10.82,52.594,97.375,72.688,75.938,55.813,56.969,0.0,42.281,72.0,70.0,1000.0,200.0,0.165,255.0,83.75,74.75,-0.052,72.438,73.063,55.938,57.0,0.0,39.5,72.0,70.0,1000.0,200.0,0.126,388.5,87.188,71.375,0.01,72.063,71.188,56.188,57.344,0.0,55.969,72.0,70.0,1000.0,200.0,0.207,498.5,75.563,75.813,0.02,72.5,70.875,56.438,57.875,0.0,54.438,72.0,70.0,1000.0,200.0,0.216,507.75,86.063,70.125,-0.004,1.0,1.0,1.0,1.0,1.0,1.0,1.0,1.0,1.0,1.0,1.0,1.0,1.0,1.0,1.0,1.0,12.688,12.706,11.79,12.382,1.0,1.0,1.0,1.0,1.0,1.0,1.0,1.0,1.0,1.0,1.0,1.0,1.0,1.0,1.0,1.0,335.5,520.0,523.0,520.0,303.0,519.5,522.5,516.0,-0.001,4.222,0.0,13.518,0.977,0.271,-0.068,0.023,-0.001,-0.009
9072007,916,1.0,1.0,1.0,1.0,100.0,36.535,40.0,40.0,40.0,1.0,1.0,975.695,269.4,0.012,11.866,0.0,80.0,55.0,1.4,1660.5,1690.275,1694.552,272.334,55.148,73.543,73.337,73.47,52.226,1.391,2.176,0.333,67.303,53.843,90.452,49.18,0.0,71.714,96.062,84.412,97.043,31.675,54.66,40.002,-10.828,52.5,97.5,72.938,75.75,55.813,56.969,0.0,41.719,72.0,70.0,1000.0,200.0,0.172,259.25,83.5,74.75,-0.052,72.313,73.188,55.938,57.0,0.0,39.438,72.0,70.0,1000.0,200.0,0.126,387.5,87.063,71.375,0.01,72.188,71.313,56.188,57.219,0.0,56.813,72.0,70.0,1000.0,200.0,0.2,488.75,75.563,75.813,0.019,72.5,70.688,56.438,57.875,0.0,55.313,72.0,70.0,1000.0,200.0,0.216,508.75,85.938,70.125,-0.004,1.0,1.0,1.0,1.0,1.0,1.0,1.0,1.0,1.0,1.0,1.0,1.0,1.0,1.0,1.0,1.0,12.683,12.686,11.78,12.361,1.0,1.0,1.0,1.0,1.0,1.0,1.0,1.0,1.0,1.0,1.0,1.0,1.0,1.0,1.0,1.0,335.0,520.5,523.0,520.5,303.0,519.5,522.5,516.0,-0.001,4.299,0.0,13.74,0.976,0.269,-0.066,0.023,-0.001,-0.009
9072007,917,1.0,1.0,1.0,1.0,100.0,36.874,40.0,40.0,40.0,1.0,1.0,1008.492,270.571,0.012,11.717,0.0,80.0,55.0,1.4,1663.5,1712.948,1714.301,275.974,55.04,73.543,73.232,73.681,52.226,1.364,2.202,0.333,67.483,53.948,90.452,49.32,0.0,71.606,96.062,84.306,96.969,31.748,54.451,40.075,-10.82,52.563,97.375,72.688,75.75,55.688,56.906,0.0,41.719,72.0,70.0,1000.0,200.0,0.171,259.25,83.188,74.75,-0.052,72.313,73.063,55.844,57.0,0.0,38.375,72.0,70.0,1000.0,200.0,0.136,398.5,86.875,71.5,0.01,72.188,71.0,56.094,57.344,0.0,54.906,72.0,70.0,1000.0,200.0,0.196,486.5,75.563,75.813,0.016,72.563,70.563,56.344,57.875,0.0,54.563,72.0,70.0,1000.0,200.0,0.226,521.0,85.625,70.188,-0.004,1.0,1.0,1.0,1.0,1.0,1.0,1.0,1.0,1.0,1.0,1.0,1.0,1.0,1.0,1.0,1.0,12.647,12.673,11.764,12.348,1.0,1.0,1.0,1.0,1.0,1.0,1.0,1.0,1.0,1.0,1.0,1.0,1.0,1.0,1.0,1.0,334.5,520.5,523.5,520.5,303.0,519.0,522.5,516.5,-0.001,4.298,0.0,13.567,1.008,0.271,-0.064,0.022,-0.001,-0.009
9072007,918,1.0,1.0,1.0,1.0,100.0,36.502,40.0,40.0,40.0,1.0,1.0,1010.835,278.77,0.012,11.837,0.0,80.0,55.0,1.4,1663.5,1724.305,1724.199,274.306,55.255,73.65,73.548,73.47,52.226,1.349,2.187,0.34,67.574,53.979,90.508,49.264,0.0,71.821,95.988,84.306,96.895,31.748,54.347,40.075,-10.82,52.469,97.5,72.625,75.75,55.688,56.906,0.0,41.719,72.0,70.0,1000.0,200.0,0.171,258.75,83.063,74.563,-0.052,72.313,73.063,55.938,56.938,0.0,38.344,72.0,70.0,1000.0,200.0,0.135,404.0,86.75,71.5,0.01,72.063,71.188,56.094,57.219,0.0,56.313,72.0,70.0,1000.0,200.0,0.197,486.0,75.563,75.813,0.019,72.5,70.563,56.344,57.75,0.0,54.844,72.0,70.0,1000.0,200.0,0.228,522.5,85.625,70.188,-0.004,1.0,1.0,1.0,1.0,1.0,1.0,1.0,1.0,1.0,1.0,1.0,1.0,1.0,1.0,1.0,1.0,12.657,12.678,11.775,12.351,1.0,1.0,1.0,1.0,1.0,1.0,1.0,1.0,1.0,1.0,1.0,1.0,1.0,1.0,1.0,1.0,335.0,520.5,523.0,521.0,302.75,518.5,522.5,516.0,-0.001,4.362,0.0,13.706,1.011,0.279,-0.065,0.022,-0.001,-0.009
9072007,919,1.0,1.0,1.0,1.0,100.0,36.618,40.0,40.0,40.0,1.0,1.0,1013.177,270.571,0.022,11.852,0.0,80.0,55.0,1.4,1672.75,1701.605,1704.419,273.761,55.04,73.65,73.443,73.575,52.119,1.402,2.166,0.344,67.61,54.088,90.48,49.152,0.0,71.606,95.914,84.412,96.821,31.822,54.556,40.148,-10.82,52.406,97.5,72.625,75.75,55.688,56.906,0.0,42.125,72.0,70.0,1000.0,200.0,0.167,254.625,82.938,74.5,-0.052,72.25,73.0,55.938,56.938,0.0,39.438,72.0,70.0,1000.0,200.0,0.129,391.5,86.563,71.563,0.01,72.188,71.0,56.094,57.219,0.0,55.344,72.0,70.0,1000.0,200.0,0.196,482.5,75.563,75.813,0.021,72.5,70.438,56.344,57.75,0.0,54.844,72.0,70.0,1000.0,200.0,0.232,528.0,85.438,70.375,-0.004,1.0,1.0,1.0,1.0,1.0,1.0,1.0,1.0,1.0,1.0,1.0,1.0,1.0,1.0,1.0,1.0,12.66,12.675,11.768,12.349,1.0,1.0,1.0,1.0,1.0,1.0,1.0,1.0,1.0,1.0,1.0,1.0,1.0,1.0,1.0,1.0,334.5,520.5,523.0,521.0,303.0,519.5,523.0,516.5,-0.002,4.341,0.0,13.721,1.013,0.271,-0.064,0.022,-0.001,-0.009
9072007,920,1.0,1.0,1.0,1.0,100.0,37.168,40.0,40.0,40.0,1.0,1.0,1026.062,272.914,0.012,11.807,0.0,80.0,55.0,1.4,1672.625,1724.305,1714.301,283.589,55.04,73.543,73.232,73.47,52.226,1.372,2.205,0.337,67.755,54.207,90.677,49.18,0.0,71.499,95.766,84.306,96.747,32.041,54.451,40.221,-10.82,52.469,97.438,72.938,75.625,55.688,56.906,0.0,42.5,72.0,70.0,1000.0,200.0,0.171,259.0,82.625,74.375,-0.052,72.25,73.0,55.938,56.938,0.0,37.938,72.0,70.0,1000.0,200.0,0.137,404.75,86.5,71.563,0.01,71.875,70.938,55.969,57.344,0.0,55.906,72.0,70.0,1000.0,200.0,0.201,489.75,75.563,75.813,0.021,72.563,70.25,56.344,57.563,0.0,56.406,72.0,70.0,1000.0,200.0,0.229,523.0,85.375,70.375,-0.004,1.0,1.0,1.0,1.0,1.0,1.0,1.0,1.0,1.0,1.0,1.0,1.0,1.0,1.0,1.0,1.0,12.693,12.698,11.792,12.371,1.0,1.0,1.0,1.0,1.0,1.0,1.0,1.0,1.0,1.0,1.0,1.0,1.0,1.0,1.0,1.0,335.5,521.0,523.5,521.0,302.75,520.0,522.5,516.5,-0.001,4.31,0.0,13.429,1.026,0.273,-0.063,0.022,-0.001,-0.009
9072007,921,1.0,1.0,1.0,1.0,100.0,36.817,40.0,40.0,40.0,1.0,1.0,1031.918,272.914,0.022,11.837,0.0,80.0,55.0,1.4,1666.75,1732.426,1725.85,276.249,55.04,73.437,73.232,73.364,52.119,1.364,2.187,0.337,67.755,54.15,90.565,49.124,0.0,71.499,95.692,84.2,96.674,32.041,54.347,40.293,-10.82,52.438,97.438,72.688,75.625,55.688,56.906,0.0,42.75,72.0,70.0,1000.0,200.0,0.171,258.75,82.375,74.375,-0.052,72.313,72.5,55.844,56.938,0.0,38.438,72.0,70.0,1000.0,200.0,0.136,404.25,86.375,71.688,0.01,71.875,71.313,56.094,57.219,0.0,55.125,72.0,70.0,1000.0,200.0,0.187,473.5,75.563,75.813,0.021,72.375,70.375,56.219,57.75,0.0,55.688,72.0,70.0,1000.0,200.0,0.244,541.5,85.125,70.375,-0.004,1.0,1.0,1.0,1.0,1.0,1.0,1.0,1.0,1.0,1.0,1.0,1.0,1.0,1.0,1.0,1.0,12.687,12.698,11.793,12.369,1.0,1.0,1.0,1.0,1.0,1.0,1.0,1.0,1.0,1.0,1.0,1.0,1.0,1.0,1.0,1.0,335.25,520.5,523.0,521.0,302.75,519.0,523.0,516.5,-0.002,4.379,0.0,13.581,1.032,0.273,-0.061,0.021,-0.001,-0.009
9072007,922,1.0,1.0,1.0,1.0,100.0,36.942,40.0,40.0,40.0,1.0,1.0,1027.233,276.428,0.012,11.762,0.0,80.0,55.0,1.4,1666.75,1734.051,1730.806,271.449,55.04,73.331,73.022,73.364,52.119,1.364,2.227,0.337,67.824,54.233,90.452,49.292,0.0,71.499,95.692,84.2,96.6,32.041,54.556,40.439,-10.82,52.313,97.5,72.938,75.438,55.688,56.75,0.0,43.75,72.0,70.0,1000.0,200.0,0.173,259.25,82.188,74.375,-0.052,72.438,71.875,55.938,56.938,0.0,39.594,72.0,70.0,1000.0,200.0,0.139,410.0,86.188,71.688,0.01,71.875,71.188,56.094,57.219,0.0,54.5,72.0,70.0,1000.0,200.0,0.197,486.5,75.813,75.813,0.021,72.375,70.25,56.219,57.75,0.0,56.844,72.0,70.0,1000.0,200.0,0.235,533.5,84.938,70.375,-0.004,1.0,1.0,1.0,1.0,1.0,1.0,1.0,1.0,1.0,1.0,1.0,1.0,1.0,1.0,1.0,1.0,12.695,12.7,11.793,12.371,1.0,1.0,1.0,1.0,1.0,1.0,1.0,1.0,1.0,1.0,1.0,1.0,1.0,1.0,1.0,1.0,335.5,521.0,523.5,521.0,302.75,519.5,523.0,516.5,-0.001,4.387,0.0,13.734,1.027,0.276,-0.059,0.021,0.0,-0.008
9072007,923,1.0,1.0,1.0,1.0,100.0,37.045,40.0,40.0,40.0,1.0,1.0,1042.46,276.428,0.012,11.852,0.0,80.0,55.0,1.4,1693.0,1740.553,1730.806,286.319,55.04,73.543,73.127,73.47,52.119,1.375,2.234,0.326,67.942,54.294,90.508,49.46,0.0,71.499,95.618,84.306,96.526,32.041,54.451,40.439,-10.82,52.344,97.438,72.688,75.438,55.688,56.75,0.0,43.125,72.0,70.0,1000.0,200.0,0.183,268.25,82.0,74.313,-0.052,72.625,71.75,55.844,56.938,0.0,39.188,72.0,70.0,1000.0,200.0,0.145,417.0,85.875,71.875,0.01,71.75,71.0,56.094,57.219,0.0,55.844,72.0,70.0,1000.0,200.0,0.198,487.0,75.813,75.813,0.021,72.375,70.063,56.219,57.563,0.0,57.031,72.0,70.0,1000.0,200.0,0.234,531.5,84.938,70.375,-0.004,1.0,1.0,1.0,1.0,1.0,1.0,1.0,1.0,1.0,1.0,1.0,1.0,1.0,1.0,1.0,1.0,12.681,12.697,11.793,12.366,1.0,1.0,1.0,1.0,1.0,1.0,1.0,1.0,1.0,1.0,1.0,1.0,1.0,1.0,1.0,1.0,335.5,521.0,523.5,521.5,303.0,520.0,522.5,517.0,-0.001,4.441,0.0,13.839,1.042,0.276,-0.058,0.02,0.0,-0.008
9072007,924,1.0,1.0,1.0,1.0,100.0,36.88,40.0,40.0,40.0,1.0,1.0,1060.029,279.941,0.022,11.747,0.0,80.0,55.0,1.4,1706.75,1769.868,1742.386,294.258,54.932,73.331,72.917,73.259,52.119,1.345,2.245,0.337,68.208,54.476,90.508,49.573,0.0,71.392,95.544,84.2,96.452,32.115,54.451,40.512,-10.82,52.531,97.375,72.625,75.375,55.688,56.75,0.0,42.656,72.0,70.0,1000.0,200.0,0.184,268.25,81.813,74.125,-0.052,72.625,71.688,55.844,56.781,0.0,40.438,72.0,70.0,1000.0,200.0,0.151,427.0,85.875,71.875,0.01,72.063,70.813,55.969,57.125,0.0,55.063,72.0,70.0,1000.0,200.0,0.194,482.0,75.563,75.813,0.021,72.063,70.0,56.219,57.563,0.0,55.906,72.0,70.0,1000.0,200.0,0.246,543.0,84.875,70.375,-0.004,1.0,1.0,1.0,1.0,1.0,1.0,1.0,1.0,1.0,1.0,1.0,1.0,1.0,1.0,1.0,1.0,12.668,12.684,11.784,12.358,1.0,1.0,1.0,1.0,1.0,1.0,1.0,1.0,1.0,1.0,1.0,1.0,1.0,1.0,1.0,1.0,335.25,521.0,523.5,521.5,303.0,519.5,523.0,517.0,-0.002,4.416,0.0,13.715,1.06,0.28,-0.058,0.02,-0.001,-0.008
9072007,925,1.0,1.0,1.0,1.0,100.0,37.64,40.0,40.0,40.0,1.0,1.0,1062.372,278.77,0.012,11.747,0.0,80.0,55.0,1.4,1728.5,1755.2,1749.013,292.604,55.255,73.225,72.812,73.153,52.226,1.375,2.259,0.337,68.256,54.59,90.593,49.629,0.0,71.606,95.47,84.2,96.452,32.188,54.451,40.512,-10.828,52.594,97.375,72.938,75.625,55.688,56.75,0.0,43.938,72.0,70.0,1000.0,200.0,0.175,261.25,81.563,73.938,-0.052,72.688,71.313,55.844,56.688,0.0,40.281,72.0,70.0,1000.0,200.0,0.157,434.5,85.813,72.063,0.01,72.063,71.188,55.969,57.219,0.0,55.875,72.0,70.0,1000.0,200.0,0.204,493.25,75.563,75.813,0.021,72.313,70.063,56.219,57.563,0.0,57.063,72.0,70.0,1000.0,200.0,0.235,532.0,84.75,70.688,-0.004,1.0,1.0,1.0,1.0,1.0,1.0,1.0,1.0,1.0,1.0,1.0,1.0,1.0,1.0,1.0,1.0,12.675,12.697,11.795,12.369,1.0,1.0,1.0,1.0,1.0,1.0,1.0,1.0,1.0,1.0,1.0,1.0,1.0,1.0,1.0,1.0,335.5,521.0,523.5,522.0,302.75,519.5,523.0,517.0,-0.001,4.392,0.0,13.595,1.062,0.279,-0.058,0.02,-0.001,-0.008
9072007,926,1.0,1.0,1.0,1.0,100.0,37.769,40.0,40.0,40.0,1.0,1.0,1072.914,278.77,0.012,11.807,0.0,80.0,55.0,1.4,1728.5,1779.659,1742.386,297.746,55.255,73.225,72.812,73.153,52.226,1.379,2.256,0.337,68.385,54.66,90.649,49.769,0.0,71.392,95.322,84.2,96.304,32.188,54.451,40.512,-10.828,52.719,97.438,72.938,75.75,55.688,56.75,0.0,43.875,72.0,70.0,1000.0,200.0,0.185,269.5,81.375,73.938,-0.052,72.625,71.25,55.844,56.781,0.0,41.375,72.0,70.0,1000.0,200.0,0.158,435.0,85.688,72.0,0.01,72.188,71.0,56.094,57.344,0.0,55.813,72.0,70.0,1000.0,200.0,0.208,496.0,75.563,75.813,0.021,72.063,70.063,56.219,57.563,0.0,56.219,72.0,70.0,1000.0,200.0,0.233,527.0,84.625,70.688,-0.004,1.0,1.0,1.0,1.0,1.0,1.0,1.0,1.0,1.0,1.0,1.0,1.0,1.0,1.0,1.0,1.0,12.652,12.668,11.76,12.343,1.0,1.0,1.0,1.0,1.0,1.0,1.0,1.0,1.0,1.0,1.0,1.0,1.0,1.0,1.0,1.0,334.5,521.5,523.5,522.0,302.75,520.5,523.0,517.0,-0.001,4.415,0.0,13.665,1.073,0.279,-0.056,0.02,-0.001,-0.008
9072007,927,1.0,1.0,1.0,1.0,100.0,37.714,40.0,40.0,40.0,1.0,1.0,1081.113,279.941,0.022,11.747,0.0,80.0,55.0,1.4,1721.75,1778.027,1742.386,295.1,55.148,73.119,72.812,73.047,52.119,1.379,2.266,0.329,68.548,54.703,90.48,49.657,0.0,71.392,95.396,83.988,96.378,32.408,54.347,40.876,-10.82,52.813,97.438,72.688,75.25,55.688,56.75,0.0,44.25,72.0,70.0,1000.0,200.0,0.186,269.75,81.25,73.875,-0.052,72.625,71.313,55.844,56.781,0.0,40.844,72.0,70.0,1000.0,200.0,0.166,448.5,85.563,72.0,0.01,72.063,71.438,56.094,57.219,0.0,56.188,72.0,70.0,1000.0,200.0,0.201,489.25,75.563,75.938,0.021,72.0,70.25,56.219,57.563,0.0,55.625,72.0,70.0,1000.0,200.0,0.233,527.0,84.438,70.688,-0.004,1.0,1.0,1.0,1.0,1.0,1.0,1.0,1.0,1.0,1.0,1.0,1.0,1.0,1.0,1.0,1.0,12.654,12.668,11.765,12.344,1.0,1.0,1.0,1.0,1.0,1.0,1.0,1.0,1.0,1.0,1.0,1.0,1.0,1.0,1.0,1.0,334.75,521.5,523.5,522.5,302.75,520.0,523.0,517.5,-0.002,4.534,0.0,13.829,1.081,0.28,-0.056,0.02,-0.001,-0.008
9072007,928,1.0,1.0,1.0,1.0,100.0,37.65,40.0,40.0,40.0,1.0,1.0,1086.969,283.455,0.012,11.807,0.0,80.0,55.0,1.4,1728.25,1786.192,1762.288,295.886,55.04,73.119,72.812,73.047,52.119,1.345,2.227,0.333,68.514,54.785,90.368,49.685,0.0,71.392,95.322,84.094,96.23,32.261,54.138,40.803,-10.82,52.813,97.5,72.938,75.063,55.688,56.563,0.0,44.688,72.0,70.0,1000.0,200.0,0.187,269.5,81.0,73.875,-0.052,72.438,71.25,55.844,56.781,0.0,41.469,72.0,70.0,1000.0,200.0,0.158,440.25,85.375,72.063,0.01,72.063,70.938,56.094,57.125,0.0,56.188,72.0,70.0,1000.0,200.0,0.208,497.0,75.563,75.813,0.018,72.063,70.375,56.219,57.563,0.0,55.531,72.0,70.0,1000.0,200.0,0.232,529.5,84.375,70.688,-0.004,1.0,1.0,1.0,1.0,1.0,1.0,1.0,1.0,1.0,1.0,1.0,1.0,1.0,1.0,1.0,1.0,12.672,12.688,11.785,12.361,1.0,1.0,1.0,1.0,1.0,1.0,1.0,1.0,1.0,1.0,1.0,1.0,1.0,1.0,1.0,1.0,335.25,521.5,524.0,522.5,302.75,520.5,523.0,517.0,-0.001,4.61,0.0,14.022,1.087,0.283,-0.054,0.019,-0.001,-0.008
9072007,929,1.0,1.0,1.0,1.0,100.0,37.792,40.0,40.0,40.0,1.0,1.0,1055.344,283.455,0.022,11.747,0.0,80.0,55.0,1.4,1737.25,1774.762,1755.647,289.379,55.04,73.013,72.707,73.047,52.119,1.394,2.274,0.34,68.568,54.893,90.284,49.713,0.0,71.392,95.174,84.094,96.157,32.334,54.242,40.803,-10.828,52.781,97.563,72.688,75.25,55.813,56.75,0.0,44.313,72.0,70.0,1000.0,200.0,0.188,272.0,80.75,73.75,-0.052,72.125,71.313,55.844,56.781,0.0,41.031,72.0,70.0,1000.0,200.0,0.158,434.25,85.25,72.063,0.01,72.313,70.938,56.094,57.219,0.0,56.75,72.0,70.0,1000.0,200.0,0.205,495.75,75.813,75.813,0.021,72.063,70.25,56.219,57.563,0.0,56.094,72.0,70.0,1000.0,200.0,0.229,523.0,84.313,70.813,-0.004,1.0,1.0,1.0,1.0,1.0,1.0,1.0,1.0,1.0,1.0,1.0,1.0,1.0,1.0,1.0,1.0,12.681,12.688,11.781,12.361,1.0,1.0,1.0,1.0,1.0,1.0,1.0,1.0,1.0,1.0,1.0,1.0,1.0,1.0,1.0,1.0,335.25,521.5,524.0,522.0,302.75,520.0,523.0,517.0,-0.002,4.541,0.0,13.831,1.055,0.283,-0.053,0.019,0.0,-0.008
9072007,930,1.0,1.0,1.0,1.0,100.0,37.823,40.0,40.0,40.0,1.0,1.0,1075.256,288.141,0.012,11.777,0.0,80.0,55.0,1.4,1719.25,1778.027,1739.075,292.771,55.04,73.225,72.917,73.047,52.012,1.364,2.281,0.344,68.619,54.856,90.256,49.741,0.0,71.392,95.174,84.094,96.157,32.334,54.138,40.803,-10.82,52.906,97.5,72.688,75.375,55.688,56.75,0.0,44.656,72.0,70.0,1000.0,200.0,0.188,271.25,80.688,73.875,-0.052,72.25,71.25,55.844,56.688,0.0,41.813,72.0,70.0,1000.0,200.0,0.155,432.0,85.188,72.063,0.01,72.063,70.813,55.969,57.125,0.0,56.656,72.0,70.0,1000.0,200.0,0.204,493.75,75.563,75.813,0.017,72.0,70.375,56.125,57.438,0.0,55.375,72.0,70.0,1000.0,200.0,0.234,532.0,84.0,70.938,-0.004,1.0,1.0,1.0,1.0,1.0,1.0,1.0,1.0,1.0,1.0,1.0,1.0,1.0,1.0,1.0,1.0,12.692,12.689,11.785,12.364,1.0,1.0,1.0,1.0,1.0,1.0,1.0,1.0,1.0,1.0,1.0,1.0,1.0,1.0,1.0,1.0,335.5,522.0,524.0,522.0,302.75,520.5,523.0,517.5,-0.001,4.574,0.0,13.867,1.075,0.288,-0.052,0.019,-0.001,-0.008
9072007,931,1.0,1.0,1.0,1.0,100.0,37.694,40.0,40.0,40.0,1.0,1.0,1097.511,288.141,0.022,11.673,0.0,80.0,55.0,1.4,1727.75,1810.727,1768.938,298.114,54.932,73.013,72.601,73.047,52.012,1.372,2.274,0.333,68.787,54.892,90.48,49.825,0.0,71.499,95.1,83.988,96.009,32.481,54.138,40.949,-10.82,52.969,97.5,72.625,75.125,55.688,56.75,0.0,44.531,72.0,70.0,1000.0,200.0,0.197,278.75,80.438,73.688,-0.052,72.25,71.313,55.75,56.688,0.0,41.0,72.0,70.0,1000.0,200.0,0.168,446.25,85.0,72.188,0.01,71.875,70.938,55.969,57.125,0.0,55.375,72.0,70.0,1000.0,200.0,0.201,491.75,75.563,75.938,0.021,72.063,70.063,56.219,57.563,0.0,55.75,72.0,70.0,1000.0,200.0,0.235,532.5,84.0,70.813,-0.004,1.0,1.0,1.0,1.0,1.0,1.0,1.0,1.0,1.0,1.0,1.0,1.0,1.0,1.0,1.0,1.0,12.68,12.692,11.789,12.364,1.0,1.0,1.0,1.0,1.0,1.0,1.0,1.0,1.0,1.0,1.0,1.0,1.0,1.0,1.0,1.0,335.25,521.5,524.0,522.5,302.75,520.5,523.0,517.5,-0.002,4.564,0.0,13.742,1.098,0.288,-0.051,0.019,-0.001,-0.008
9072007,932,1.0,1.0,1.0,1.0,100.0,38.002,40.0,40.0,40.0,1.0,1.0,1088.141,286.969,0.012,11.747,0.0,80.0,55.0,1.4,1727.75,1778.027,1753.988,294.923,55.04,73.013,72.601,73.047,52.119,1.394,2.288,0.351,68.72,55.026,90.34,49.881,0.0,71.392,94.952,83.988,95.935,32.554,54.138,41.022,-10.82,52.844,97.5,72.688,75.063,55.688,56.563,0.0,43.688,72.0,70.0,1000.0,200.0,0.207,284.5,80.375,73.563,-0.052,72.25,71.25,55.844,56.688,0.0,40.438,72.0,70.0,1000.0,200.0,0.163,442.0,85.0,72.188,0.01,71.875,71.0,55.969,57.125,0.0,55.75,72.0,70.0,1000.0,200.0,0.197,484.75,75.563,75.938,0.019,72.063,70.0,56.219,57.563,0.0,56.594,72.0,70.0,1000.0,200.0,0.231,526.0,83.875,70.938,-0.004,1.0,1.0,1.0,1.0,1.0,1.0,1.0,1.0,1.0,1.0,1.0,1.0,1.0,1.0,1.0,1.0,12.676,12.681,11.778,12.355,1.0,1.0,1.0,1.0,1.0,1.0,1.0,1.0,1.0,1.0,1.0,1.0,1.0,1.0,1.0,1.0,335.0,522.0,524.0,522.5,302.75,520.0,523.0,517.5,-0.001,4.609,0.0,13.829,1.088,0.287,-0.052,0.019,-0.001,-0.008
9072007,933,1.0,1.0,1.0,1.0,100.0,37.824,40.0,40.0,40.0,1.0,1.0,1081.113,284.627,0.012,11.852,0.0,80.0,55.0,1.4,1741.75,1779.659,1757.307,289.933,54.932,73.013,72.707,72.942,52.012,1.391,2.288,0.333,68.773,54.999,90.368,49.909,0.0,71.499,94.878,83.881,95.935,32.554,54.242,41.022,-10.82,52.875,97.563,72.938,75.375,55.688,56.563,0.0,44.75,72.0,70.0,1000.0,200.0,0.193,273.75,80.188,73.688,-0.052,72.125,71.313,55.844,56.688,0.0,40.5,72.0,70.0,1000.0,200.0,0.163,441.5,84.75,72.313,0.01,72.063,70.625,56.094,57.219,0.0,55.375,72.0,70.0,1000.0,200.0,0.193,479.0,75.563,75.813,0.024,72.313,70.063,56.125,57.563,0.0,56.188,72.0,70.0,1000.0,200.0,0.251,550.0,83.813,70.938,-0.004,1.0,1.0,1.0,1.0,1.0,1.0,1.0,1.0,1.0,1.0,1.0,1.0,1.0,1.0,1.0,1.0,12.652,12.665,11.765,12.341,1.0,1.0,1.0,1.0,1.0,1.0,1.0,1.0,1.0,1.0,1.0,1.0,1.0,1.0,1.0,1.0,334.75,522.0,524.0,523.0,303.0,520.5,523.0,517.5,-0.001,4.628,0.0,13.952,1.081,0.285,-0.049,0.018,-0.001,-0.008
9072007,934,1.0,1.0,1.0,1.0,100.0,38.067,40.0,40.0,40.0,1.0,1.0,1092.826,285.798,0.012,11.777,0.0,80.0,55.0,1.4,1738.0,1795.999,1763.95,297.512,54.932,73.013,72.707,72.942,52.012,1.375,2.292,0.337,68.824,55.062,90.312,49.713,0.0,71.499,94.952,83.881,95.787,32.481,54.138,41.095,-10.82,53.0,97.438,72.688,75.75,55.5,56.563,0.0,44.344,72.0,70.0,1000.0,200.0,0.2,280.0,80.0,73.563,-0.052,72.25,71.125,55.844,56.688,0.0,40.594,72.0,70.0,1000.0,200.0,0.162,439.75,84.688,72.313,0.01,71.75,71.0,55.969,57.125,0.0,54.594,72.0,70.0,1000.0,200.0,0.2,490.0,75.563,75.813,0.018,72.313,70.063,56.125,57.438,0.0,57.344,72.0,70.0,1000.0,200.0,0.242,541.5,83.688,71.0,-0.004,1.0,1.0,1.0,1.0,1.0,1.0,1.0,1.0,1.0,1.0,1.0,1.0,1.0,1.0,1.0,1.0,12.654,12.668,11.767,12.344,1.0,1.0,1.0,1.0,1.0,1.0,1.0,1.0,1.0,1.0,1.0,1.0,1.0,1.0,1.0,1.0,334.75,522.0,524.0,523.0,302.75,520.0,523.0,517.5,-0.001,4.684,0.0,14.103,1.093,0.286,-0.049,0.018,-0.001,-0.007
9072007,935,1.0,1.0,1.0,1.0,100.0,38.111,40.0,40.0,40.0,1.0,1.0,1084.627,288.141,0.022,11.792,0.0,80.0,55.0,1.4,1750.25,1797.634,1765.612,297.533,54.932,73.013,72.707,72.942,52.119,1.364,2.266,0.34,68.858,55.075,90.452,49.629,0.0,71.606,94.804,83.881,95.787,32.701,54.242,41.24,-10.82,53.031,97.5,72.625,75.375,55.5,56.563,0.0,44.188,72.0,70.0,1000.0,200.0,0.203,281.25,79.938,73.563,-0.052,72.25,71.125,55.75,56.688,0.0,41.688,72.0,70.0,1000.0,200.0,0.161,439.25,84.563,72.313,0.01,72.063,70.938,55.969,57.125,0.0,54.906,72.0,70.0,1000.0,200.0,0.192,478.25,75.563,75.938,0.023,72.063,70.25,56.125,57.438,0.0,56.063,72.0,70.0,1000.0,200.0,0.255,553.0,83.625,71.0,-0.004,1.0,1.0,1.0,1.0,1.0,1.0,1.0,1.0,1.0,1.0,1.0,1.0,1.0,1.0,1.0,1.0,12.654,12.672,11.776,12.346,1.0,1.0,1.0,1.0,1.0,1.0,1.0,1.0,1.0,1.0,1.0,1.0,1.0,1.0,1.0,1.0,335.0,522.0,524.0,523.0,303.0,521.0,523.0,518.0,-0.002,4.674,0.0,13.998,1.085,0.288,-0.048,0.018,-0.001,-0.007
9072007,936,1.0,1.0,1.0,1.0,100.0,38.187,40.0,40.0,40.0,1.0,1.0,1077.599,284.627,0.022,11.762,0.0,80.0,55.0,1.4,1747.25,1781.292,1772.265,289.452,55.04,72.907,72.707,72.942,52.012,1.402,2.284,0.344,68.875,55.125,90.284,49.741,0.0,71.499,94.804,83.881,95.713,32.701,54.138,41.168,-10.82,52.906,97.563,72.625,75.375,55.5,56.563,0.0,43.75,72.0,70.0,1000.0,200.0,0.205,284.0,79.563,73.375,-0.052,72.25,71.125,55.75,56.688,0.0,41.813,72.0,70.0,1000.0,200.0,0.163,442.75,84.5,72.5,0.01,71.875,70.938,55.969,57.125,0.0,55.5,72.0,70.0,1000.0,200.0,0.192,480.5,75.813,75.938,0.023,72.0,70.25,56.125,57.438,0.0,56.5,72.0,70.0,1000.0,200.0,0.237,531.5,83.375,71.188,-0.004,1.0,1.0,1.0,1.0,1.0,1.0,1.0,1.0,1.0,1.0,1.0,1.0,1.0,1.0,1.0,1.0,12.659,12.668,11.773,12.341,1.0,1.0,1.0,1.0,1.0,1.0,1.0,1.0,1.0,1.0,1.0,1.0,1.0,1.0,1.0,1.0,334.75,522.5,524.0,523.5,302.75,521.0,523.0,518.0,-0.002,4.646,0.0,13.844,1.078,0.285,-0.047,0.018,-0.0,-0.007
9072007,937,1.0,1.0,1.0,1.0,100.0,38.738,40.0,40.0,40.0,1.0,1.0,1063.543,279.941,0.012,11.777,0.0,80.0,55.0,1.4,1742.5,1782.925,1768.938,285.443,54.932,73.225,72.917,73.153,52.012,1.391,2.277,0.34,68.877,55.096,90.284,49.685,0.0,71.606,94.657,83.881,95.639,32.774,54.242,41.313,-10.82,52.875,97.5,72.5,75.25,55.5,56.563,0.0,45.125,72.0,70.0,1000.0,200.0,0.194,274.75,79.5,73.25,-0.052,72.25,71.125,55.75,56.5,0.0,42.375,72.0,70.0,1000.0,200.0,0.163,442.5,84.375,72.563,0.01,72.063,70.938,55.969,57.125,0.0,55.406,72.0,70.0,1000.0,200.0,0.192,481.0,75.563,75.938,0.019,72.0,70.0,56.125,57.438,0.0,54.938,72.0,70.0,1000.0,200.0,0.246,543.0,83.25,71.188,-0.004,1.0,1.0,1.0,1.0,1.0,1.0,1.0,1.0,1.0,1.0,1.0,1.0,1.0,1.0,1.0,1.0,12.667,12.681,11.773,12.354,1.0,1.0,1.0,1.0,1.0,1.0,1.0,1.0,1.0,1.0,1.0,1.0,1.0,1.0,1.0,1.0,335.0,522.5,524.0,523.5,302.75,520.5,523.0,518.0,-0.001,4.684,0.0,13.979,1.064,0.28,-0.047,0.017,-0.001,-0.007
9072007,938,1.0,1.0,1.0,1.0,100.0,38.007,40.0,40.0,40.0,1.0,1.0,1122.109,286.969,0.012,11.717,0.0,80.0,55.0,1.4,1742.5,1823.837,1772.265,299.546,54.932,73.119,72.812,73.153,52.012,1.36,2.288,0.344,69.016,55.097,90.508,49.713,0.0,71.606,94.583,83.881,95.639,32.774,54.033,41.313,-10.82,52.969,97.375,72.625,75.063,55.688,56.563,0.0,44.156,72.0,70.0,1000.0,200.0,0.202,281.0,79.5,73.25,-0.052,72.313,71.25,55.75,56.5,0.0,41.156,72.0,70.0,1000.0,200.0,0.172,456.5,84.188,72.563,0.01,72.063,71.188,55.875,57.125,0.0,55.875,72.0,70.0,1000.0,200.0,0.201,489.5,75.563,75.938,0.021,72.063,70.0,56.125,57.438,0.0,55.875,72.0,70.0,1000.0,200.0,0.239,536.0,83.25,71.25,-0.004,1.0,1.0,1.0,1.0,1.0,1.0,1.0,1.0,1.0,1.0,1.0,1.0,1.0,1.0,1.0,1.0,12.654,12.675,11.768,12.346,1.0,1.0,1.0,1.0,1.0,1.0,1.0,1.0,1.0,1.0,1.0,1.0,1.0,1.0,1.0,1.0,334.5,522.5,524.0,523.5,302.75,521.5,523.0,518.0,-0.001,4.706,0.0,13.908,1.122,0.287,-0.047,0.017,-0.001,-0.007
9072007,939,1.0,1.0,1.0,1.0,100.0,38.231,40.0,40.0,40.0,1.0,1.0,1122.109,291.654,0.012,11.792,0.0,80.0,55.0,1.4,1763.25,1840.247,1797.281,303.284,55.148,72.907,72.601,72.942,52.119,1.353,2.306,0.329,69.187,55.205,90.565,49.797,0.0,71.821,94.509,83.775,95.492,32.847,54.242,41.386,-10.82,53.063,97.5,72.625,75.125,55.5,56.563,0.0,44.719,72.0,70.0,1000.0,200.0,0.201,280.25,79.313,73.25,-0.052,72.25,71.0,55.75,56.688,0.0,41.469,72.0,70.0,1000.0,200.0,0.178,460.25,84.063,72.563,0.01,72.063,71.438,55.969,57.125,0.0,55.5,72.0,70.0,1000.0,200.0,0.208,500.75,75.813,75.938,0.021,71.938,69.875,56.125,57.438,0.0,55.375,72.0,70.0,1000.0,200.0,0.241,537.5,83.063,71.25,-0.004,1.0,1.0,1.0,1.0,1.0,1.0,1.0,1.0,1.0,1.0,1.0,1.0,1.0,1.0,1.0,1.0,12.655,12.663,11.768,12.34,1.0,1.0,1.0,1.0,1.0,1.0,1.0,1.0,1.0,1.0,1.0,1.0,1.0,1.0,1.0,1.0,334.5,522.5,524.5,523.5,303.0,521.5,523.5,518.0,-0.001,4.706,0.0,13.997,1.122,0.292,-0.046,0.017,-0.0,-0.007
9072007,940,1.0,1.0,1.0,1.0,100.0,38.288,40.0,40.0,40.0,1.0,1.0,1104.539,288.141,0.012,11.852,0.0,80.0,55.0,1.4,1768.5,1809.09,1785.593,296.093,55.04,73.225,72.707,73.153,52.012,1.394,2.302,0.329,69.12,55.295,90.396,49.741,0.0,71.606,94.509,83.669,95.492,32.994,54.242,41.532,-10.828,53.0,97.5,72.5,75.125,55.5,56.563,0.0,44.719,72.0,70.0,1000.0,200.0,0.204,282.5,79.188,73.125,-0.052,72.25,70.938,55.75,56.688,0.0,41.781,72.0,70.0,1000.0,200.0,0.17,451.25,83.938,72.563,0.01,71.875,71.188,55.969,57.125,0.0,56.438,72.0,70.0,1000.0,200.0,0.2,488.5,75.813,75.938,0.021,72.0,70.0,56.125,57.438,0.0,56.219,72.0,70.0,1000.0,200.0,0.239,536.0,83.063,71.25,-0.004,1.0,1.0,1.0,1.0,1.0,1.0,1.0,1.0,1.0,1.0,1.0,1.0,1.0,1.0,1.0,1.0,12.663,12.675,11.778,12.348,1.0,1.0,1.0,1.0,1.0,1.0,1.0,1.0,1.0,1.0,1.0,1.0,1.0,1.0,1.0,1.0,335.0,523.0,524.0,523.5,302.75,520.5,523.5,518.0,-0.001,4.762,0.0,14.066,1.105,0.288,-0.046,0.017,-0.0,-0.007
9072007,941,1.0,1.0,1.0,1.0,100.0,38.789,40.0,40.0,40.0,1.0,1.0,1109.224,292.826,0.022,11.777,0.0,80.0,55.0,1.4,1763.0,1815.641,1787.261,291.129,55.255,72.907,72.601,72.942,52.119,1.372,2.295,0.362,69.195,55.397,90.452,49.853,0.0,71.821,94.361,83.669,95.418,32.921,54.242,41.459,-10.82,52.938,97.5,72.5,75.063,55.5,56.563,0.0,45.094,72.0,70.0,1000.0,200.0,0.204,282.25,78.938,73.125,-0.052,72.125,71.0,55.75,56.688,0.0,42.25,72.0,70.0,1000.0,200.0,0.168,449.5,83.875,72.688,0.01,71.875,71.313,55.969,57.125,0.0,55.469,72.0,70.0,1000.0,200.0,0.211,503.75,75.563,75.938,0.019,71.938,70.0,56.125,57.438,0.0,56.156,72.0,70.0,1000.0,200.0,0.232,526.5,83.0,71.25,-0.004,1.0,1.0,1.0,1.0,1.0,1.0,1.0,1.0,1.0,1.0,1.0,1.0,1.0,1.0,1.0,1.0,12.676,12.676,11.772,12.348,1.0,1.0,1.0,1.0,1.0,1.0,1.0,1.0,1.0,1.0,1.0,1.0,1.0,1.0,1.0,1.0,335.0,523.0,524.5,523.5,302.75,522.0,523.5,518.5,-0.002,4.716,0.0,13.977,1.109,0.293,-0.044,0.016,-0.001,-0.007
9072007,942,1.0,1.0,1.0,1.0,100.0,38.405,40.0,40.0,40.0,1.0,1.0,1097.511,289.312,0.022,11.852,0.0,80.0,55.0,1.4,1763.0,1797.634,1770.601,295.711,55.04,73.013,72.601,72.942,52.012,1.372,2.288,0.348,69.186,55.349,90.34,49.965,0.0,71.714,94.213,83.669,95.196,32.994,54.242,41.532,-10.82,52.875,97.5,72.5,75.063,55.5,56.563,0.0,45.125,72.0,70.0,1000.0,200.0,0.204,282.5,78.813,73.063,-0.052,72.25,71.125,55.75,56.5,0.0,43.156,72.0,70.0,1000.0,200.0,0.169,450.75,83.875,72.688,0.01,72.063,71.0,55.969,57.125,0.0,56.281,72.0,70.0,1000.0,200.0,0.199,493.25,75.813,75.938,0.021,72.0,69.875,56.125,57.438,0.0,55.875,72.0,70.0,1000.0,200.0,0.234,528.0,82.813,71.375,-0.004,1.0,1.0,1.0,1.0,1.0,1.0,1.0,1.0,1.0,1.0,1.0,1.0,1.0,1.0,1.0,1.0,12.683,12.684,11.78,12.358,1.0,1.0,1.0,1.0,1.0,1.0,1.0,1.0,1.0,1.0,1.0,1.0,1.0,1.0,1.0,1.0,335.25,523.0,524.5,523.5,302.75,521.0,523.5,518.5,-0.002,4.762,0.0,14.066,1.098,0.289,-0.044,0.016,-0.0,-0.007
9072007,943,1.0,1.0,1.0,1.0,100.0,38.449,40.0,40.0,40.0,1.0,1.0,1136.164,290.483,0.012,11.807,0.0,80.0,55.0,1.4,1755.25,1828.757,1788.93,304.584,55.04,72.907,72.496,72.836,52.119,1.383,2.313,0.333,69.276,55.406,90.621,49.909,0.0,71.714,94.287,83.669,95.344,33.14,54.138,41.532,-10.82,53.0,97.438,72.625,75.125,55.688,56.75,0.0,46.188,72.0,70.0,1000.0,200.0,0.203,281.5,78.688,73.063,-0.052,72.125,71.0,55.75,56.781,0.0,42.438,72.0,70.0,1000.0,200.0,0.172,453.5,83.75,72.875,0.01,72.063,71.188,55.969,57.125,0.0,55.781,72.0,70.0,1000.0,200.0,0.21,503.0,75.563,75.938,0.021,72.0,69.875,56.219,57.438,0.0,54.969,72.0,70.0,1000.0,200.0,0.24,535.0,82.688,71.375,-0.004,1.0,1.0,1.0,1.0,1.0,1.0,1.0,1.0,1.0,1.0,1.0,1.0,1.0,1.0,1.0,1.0,12.68,12.692,11.787,12.361,1.0,1.0,1.0,1.0,1.0,1.0,1.0,1.0,1.0,1.0,1.0,1.0,1.0,1.0,1.0,1.0,335.5,523.0,524.5,523.5,302.75,521.5,523.5,518.5,-0.001,4.719,0.0,13.772,1.136,0.29,-0.043,0.016,-0.001,-0.007
9072007,944,1.0,1.0,1.0,1.0,100.0,38.522,40.0,40.0,40.0,1.0,1.0,1092.826,286.969,0.022,11.762,0.0,80.0,55.0,1.4,1767.5,1800.906,1785.593,293.274,55.04,72.801,72.496,72.836,52.012,1.387,2.302,0.348,69.243,55.416,90.284,49.881,0.0,71.606,93.991,83.669,95.196,33.14,54.347,41.677,-10.82,52.969,97.5,72.438,75.438,55.5,56.563,0.0,44.969,72.0,70.0,1000.0,200.0,0.213,287.5,78.625,72.938,-0.052,72.125,71.0,55.844,56.5,0.0,42.813,72.0,70.0,1000.0,200.0,0.171,452.5,83.563,72.75,0.01,72.188,70.938,55.969,57.125,0.0,55.438,72.0,70.0,1000.0,200.0,0.198,488.25,75.813,75.938,0.021,71.938,69.875,56.219,57.438,0.0,56.344,72.0,70.0,1000.0,200.0,0.229,525.0,82.563,71.375,-0.004,1.0,1.0,1.0,1.0,1.0,1.0,1.0,1.0,1.0,1.0,1.0,1.0,1.0,1.0,1.0,1.0,12.683,12.691,11.79,12.369,1.0,1.0,1.0,1.0,1.0,1.0,1.0,1.0,1.0,1.0,1.0,1.0,1.0,1.0,1.0,1.0,335.5,523.5,524.5,523.5,302.75,522.0,523.5,518.5,-0.003,4.735,0.0,13.957,1.093,0.287,-0.043,0.016,-0.0,-0.007
9072007,945,1.0,1.0,1.0,1.0,100.0,38.533,40.0,40.0,40.0,1.0,1.0,1145.535,296.34,0.012,11.822,0.0,80.0,55.0,1.4,1760.25,1841.89,1800.624,307.3,55.04,72.907,72.496,72.836,52.012,1.356,2.32,0.34,69.409,55.502,90.508,49.965,0.0,71.714,94.139,83.563,95.196,33.214,54.242,41.677,-10.82,53.094,97.5,72.625,75.063,55.688,56.563,0.0,46.094,72.0,70.0,1000.0,200.0,0.204,282.5,78.375,72.938,-0.052,72.125,71.0,55.625,56.688,0.0,41.531,72.0,70.0,1000.0,200.0,0.18,464.0,83.5,72.75,0.01,72.188,70.938,55.969,57.125,0.0,55.563,72.0,70.0,1000.0,200.0,0.211,504.0,75.563,75.938,0.021,72.0,69.875,56.125,57.438,0.0,55.25,72.0,70.0,1000.0,200.0,0.241,538.0,82.563,71.5,-0.004,1.0,1.0,1.0,1.0,1.0,1.0,1.0,1.0,1.0,1.0,1.0,1.0,1.0,1.0,1.0,1.0,12.654,12.673,11.773,12.346,1.0,1.0,1.0,1.0,1.0,1.0,1.0,1.0,1.0,1.0,1.0,1.0,1.0,1.0,1.0,1.0,335.0,523.5,524.5,523.5,302.75,522.0,523.5,518.5,-0.001,4.758,0.0,13.906,1.146,0.296,-0.041,0.016,-0.001,-0.006
9072007,946,1.0,1.0,1.0,1.0,100.0,38.61,40.0,40.0,40.0,1.0,1.0,1137.335,290.483,0.022,11.777,0.0,80.0,55.0,1.4,1764.75,1823.837,1802.296,296.306,55.04,72.801,72.496,72.836,52.119,1.391,2.31,0.337,69.359,55.467,90.312,50.077,0.0,71.714,94.065,83.563,95.049,33.287,54.242,41.75,-10.82,53.031,97.5,72.688,75.25,55.688,56.563,0.0,45.531,72.0,70.0,1000.0,200.0,0.217,290.75,78.188,72.938,-0.052,72.25,71.125,55.844,56.5,0.0,41.75,72.0,70.0,1000.0,200.0,0.183,469.0,83.375,72.75,0.01,72.188,70.938,55.969,57.125,0.0,55.906,72.0,70.0,1000.0,200.0,0.195,484.5,75.563,75.938,0.021,72.0,70.063,56.125,57.438,0.0,56.25,72.0,70.0,1000.0,200.0,0.23,523.5,82.5,71.5,-0.004,1.0,1.0,1.0,1.0,1.0,1.0,1.0,1.0,1.0,1.0,1.0,1.0,1.0,1.0,1.0,1.0,12.642,12.65,11.752,12.327,1.0,1.0,1.0,1.0,1.0,1.0,1.0,1.0,1.0,1.0,1.0,1.0,1.0,1.0,1.0,1.0,334.25,523.5,524.5,523.5,303.0,522.0,523.5,519.0,-0.002,4.756,0.0,13.853,1.137,0.29,-0.04,0.016,-0.001,-0.006
9072007,947,1.0,1.0,1.0,1.0,100.0,38.729,40.0,40.0,40.0,1.0,1.0,1143.192,290.483,0.022,11.807,0.0,80.0,55.0,1.4,1764.75,1851.75,1795.609,309.595,55.04,72.907,72.601,72.836,52.119,1.364,2.299,0.351,69.525,55.488,90.565,49.937,0.0,71.606,93.991,83.456,95.049,33.287,54.138,41.75,-10.82,53.188,97.438,72.625,75.25,55.5,56.563,0.0,45.938,72.0,70.0,1000.0,200.0,0.216,290.5,78.063,72.938,-0.052,72.125,71.125,55.75,56.5,0.0,41.563,72.0,70.0,1000.0,200.0,0.181,466.0,83.25,72.875,0.01,71.875,71.0,55.969,57.125,0.0,56.125,72.0,70.0,1000.0,200.0,0.206,495.25,75.563,75.813,0.021,72.063,70.063,56.219,57.438,0.0,56.0,72.0,70.0,1000.0,200.0,0.24,536.0,82.375,71.5,-0.004,1.0,1.0,1.0,1.0,1.0,1.0,1.0,1.0,1.0,1.0,1.0,1.0,1.0,1.0,1.0,1.0,12.654,12.675,11.776,12.343,1.0,1.0,1.0,1.0,1.0,1.0,1.0,1.0,1.0,1.0,1.0,1.0,1.0,1.0,1.0,1.0,334.75,523.0,525.0,523.5,302.75,522.0,523.5,518.5,-0.002,4.792,0.0,13.888,1.143,0.29,-0.039,0.015,-0.001,-0.006
9072007,948,1.0,1.0,1.0,1.0,100.0,38.913,40.0,40.0,40.0,1.0,1.0,1118.594,296.34,0.012,11.747,0.0,80.0,55.0,1.4,1783.25,1828.757,1790.599,305.502,55.04,72.801,72.496,72.836,52.012,1.383,2.335,0.34,69.461,55.571,90.396,49.937,0.0,71.714,93.991,83.563,94.975,33.433,54.347,41.969,-10.828,53.25,97.5,72.688,74.875,55.688,56.563,0.0,45.688,72.0,70.0,1000.0,200.0,0.219,292.5,78.063,72.75,-0.052,72.0,70.938,55.844,56.688,0.0,42.844,72.0,70.0,1000.0,200.0,0.17,451.5,83.25,72.875,0.01,72.188,71.0,55.969,57.125,0.0,56.156,72.0,70.0,1000.0,200.0,0.204,496.0,75.813,75.938,0.021,72.0,70.063,56.125,57.438,0.0,55.031,72.0,70.0,1000.0,200.0,0.245,542.5,82.188,71.5,-0.004,1.0,1.0,1.0,1.0,1.0,1.0,1.0,1.0,1.0,1.0,1.0,1.0,1.0,1.0,1.0,1.0,12.654,12.665,11.765,12.338,1.0,1.0,1.0,1.0,1.0,1.0,1.0,1.0,1.0,1.0,1.0,1.0,1.0,1.0,1.0,1.0,334.5,523.5,524.5,523.5,302.75,523.5,523.5,518.5,-0.001,4.795,0.0,13.936,1.119,0.296,-0.04,0.015,-0.0,-0.006
9072007,949,1.0,1.0,1.0,1.0,100.0,39.046,40.0,40.0,40.0,1.0,1.0,1143.192,292.826,0.022,11.747,0.0,80.0,55.0,1.4,1779.5,1838.605,1803.969,301.442,55.04,73.013,72.707,72.942,52.119,1.379,2.299,0.348,69.505,55.561,90.368,50.049,0.0,71.821,93.843,83.35,94.901,33.433,54.138,42.042,-10.82,53.125,97.563,72.625,75.125,55.688,56.563,0.0,46.063,72.0,70.0,1000.0,200.0,0.217,291.25,77.75,72.688,-0.052,72.0,70.938,55.75,56.5,0.0,42.0,72.0,70.0,1000.0,200.0,0.182,464.5,83.125,72.875,0.01,72.063,71.313,55.969,57.125,0.0,56.656,72.0,70.0,1000.0,200.0,0.204,494.0,75.563,75.938,0.02,72.0,70.063,56.125,57.438,0.0,56.219,72.0,70.0,1000.0,200.0,0.237,535.0,82.125,71.563,-0.004,1.0,1.0,1.0,1.0,1.0,1.0,1.0,1.0,1.0,1.0,1.0,1.0,1.0,1.0,1.0,1.0,12.65,12.665,11.759,12.338,1.0,1.0,1.0,1.0,1.0,1.0,1.0,1.0,1.0,1.0,1.0,1.0,1.0,1.0,1.0,1.0,334.5,524.0,524.5,523.5,302.75,523.0,523.5,519.0,-0.002,4.884,0.0,14.055,1.143,0.293,-0.038,0.015,-0.001,-0.006
9072007,950,1.0,1.0,1.0,1.0,100.0,39.419,40.0,40.0,40.0,1.0,1.0,1136.164,295.168,0.012,11.717,0.0,80.0,55.0,1.4,1786.5,1817.28,1788.93,297.342,55.255,73.119,72.601,72.836,52.226,1.387,2.328,0.355,69.512,55.621,90.2,50.105,0.0,71.929,93.769,83.35,94.753,33.58,54.138,42.187,-10.82,52.938,97.563,72.625,74.875,55.5,56.563,0.0,45.656,72.0,70.0,1000.0,200.0,0.221,294.0,77.688,72.688,-0.052,72.0,71.0,55.75,56.688,0.0,42.625,72.0,70.0,1000.0,200.0,0.177,461.25,82.938,73.063,0.01,71.75,71.188,55.969,57.219,0.0,55.031,72.0,70.0,1000.0,200.0,0.205,495.0,75.813,75.938,0.019,72.063,70.063,56.219,57.438,0.0,56.188,72.0,70.0,1000.0,200.0,0.235,529.0,82.125,71.563,-0.004,1.0,1.0,1.0,1.0,1.0,1.0,1.0,1.0,1.0,1.0,1.0,1.0,1.0,1.0,1.0,1.0,12.66,12.67,11.768,12.346,1.0,1.0,1.0,1.0,1.0,1.0,1.0,1.0,1.0,1.0,1.0,1.0,1.0,1.0,1.0,1.0,334.75,523.5,525.0,523.5,302.75,523.0,523.5,519.0,-0.001,4.906,0.0,14.016,1.136,0.295,-0.038,0.014,-0.0,-0.006
9072007,951,1.0,1.0,1.0,1.0,100.0,39.326,40.0,40.0,40.0,1.0,1.0,1137.335,291.654,0.022,11.807,0.0,80.0,55.0,1.4,1786.5,1832.039,1793.939,302.363,54.932,72.907,72.601,72.73,51.905,1.394,2.331,0.344,69.509,55.607,90.172,49.853,0.0,71.714,93.843,83.456,94.827,33.58,54.033,42.187,-10.82,53.0,97.438,72.5,75.438,55.688,56.563,0.0,45.781,72.0,70.0,1000.0,200.0,0.221,293.5,77.625,72.688,-0.052,72.125,71.125,55.75,56.5,0.0,41.75,72.0,70.0,1000.0,200.0,0.177,460.5,82.938,73.063,0.01,71.875,70.938,55.875,57.125,0.0,55.188,72.0,70.0,1000.0,200.0,0.195,484.0,75.813,75.813,0.021,72.063,70.063,56.125,57.438,0.0,55.313,72.0,70.0,1000.0,200.0,0.245,542.5,82.0,71.563,-0.004,1.0,1.0,1.0,1.0,1.0,1.0,1.0,1.0,1.0,1.0,1.0,1.0,1.0,1.0,1.0,1.0,12.654,12.672,11.768,12.346,1.0,1.0,1.0,1.0,1.0,1.0,1.0,1.0,1.0,1.0,1.0,1.0,1.0,1.0,1.0,1.0,334.75,524.0,525.0,523.5,302.75,523.5,523.5,519.0,-0.002,4.969,0.0,14.123,1.137,0.292,-0.038,0.014,0.0,-0.006
9072007,952,1.0,1.0,1.0,1.0,100.0,39.389,40.0,40.0,40.0,1.0,1.0,1138.507,291.654,0.022,11.837,0.0,80.0,55.0,1.4,1778.25,1836.963,1798.951,305.365,55.255,72.907,72.601,72.836,52.119,1.375,2.32,0.351,69.592,55.62,90.34,49.825,0.0,72.036,93.621,83.456,94.753,33.653,54.138,42.187,-10.82,53.031,97.5,72.5,75.438,55.5,56.563,0.0,46.25,72.0,70.0,1000.0,200.0,0.218,292.5,77.625,72.563,-0.052,72.25,71.125,55.75,56.5,0.0,43.531,72.0,70.0,1000.0,200.0,0.176,459.75,82.75,73.063,0.01,71.75,71.188,55.969,57.219,0.0,55.188,72.0,70.0,1000.0,200.0,0.201,487.75,75.813,75.938,0.017,72.063,70.0,56.125,57.438,0.0,55.313,72.0,70.0,1000.0,200.0,0.245,542.0,81.875,71.75,-0.004,1.0,1.0,1.0,1.0,1.0,1.0,1.0,1.0,1.0,1.0,1.0,1.0,1.0,1.0,1.0,1.0,12.66,12.675,11.775,12.349,1.0,1.0,1.0,1.0,1.0,1.0,1.0,1.0,1.0,1.0,1.0,1.0,1.0,1.0,1.0,1.0,335.0,524.0,525.0,524.0,302.75,524.0,523.5,519.0,-0.002,4.931,0.0,14.039,1.139,0.292,-0.038,0.014,-0.0,-0.006
9072007,953,1.0,1.0,1.0,1.0,100.0,39.663,40.0,40.0,40.0,1.0,1.0,1116.252,291.654,0.012,11.822,0.0,80.0,55.0,1.4,1783.75,1812.365,1787.261,293.692,55.148,73.119,72.812,73.047,52.012,1.402,2.31,0.351,69.548,55.641,90.06,49.769,0.0,71.929,93.695,83.35,94.753,33.8,54.138,42.333,-10.828,52.813,97.5,72.5,74.875,55.5,56.563,0.0,46.094,72.0,70.0,1000.0,200.0,0.223,295.0,77.5,72.563,-0.052,72.0,71.0,55.75,56.5,0.0,43.813,72.0,70.0,1000.0,200.0,0.178,463.25,82.75,73.125,0.01,71.875,71.0,55.969,57.125,0.0,55.719,72.0,70.0,1000.0,200.0,0.195,483.0,75.813,75.938,0.02,72.063,70.25,56.125,57.438,0.0,56.188,72.0,70.0,1000.0,200.0,0.235,529.5,81.813,71.75,-0.004,1.0,1.0,1.0,1.0,1.0,1.0,1.0,1.0,1.0,1.0,1.0,1.0,1.0,1.0,1.0,1.0,12.652,12.665,11.768,12.34,1.0,1.0,1.0,1.0,1.0,1.0,1.0,1.0,1.0,1.0,1.0,1.0,1.0,1.0,1.0,1.0,334.5,524.0,524.5,524.0,302.75,523.5,524.0,519.0,-0.001,4.96,0.0,14.019,1.116,0.292,-0.038,0.014,-0.0,-0.006
9072007,954,1.0,1.0,1.0,1.0,100.0,39.121,40.0,40.0,40.0,1.0,1.0,1140.849,292.826,0.012,11.747,0.0,80.0,55.0,1.4,1790.5,1845.176,1798.951,306.91,54.932,72.907,72.496,72.73,52.012,1.387,2.331,0.344,69.639,55.639,90.34,49.909,0.0,71.606,93.547,83.244,94.679,33.873,53.929,42.333,-10.82,52.875,97.438,72.5,74.688,55.5,56.438,0.0,46.813,72.0,70.0,1000.0,200.0,0.218,292.75,77.438,72.5,-0.052,72.125,71.0,55.75,56.5,0.0,43.406,72.0,70.0,1000.0,200.0,0.179,461.75,82.625,73.125,0.01,72.063,70.938,55.875,57.125,0.0,55.469,72.0,70.0,1000.0,200.0,0.208,497.0,75.813,75.938,0.02,72.0,69.875,56.125,57.344,0.0,55.188,72.0,70.0,1000.0,200.0,0.242,539.5,81.563,71.875,-0.004,1.0,1.0,1.0,1.0,1.0,1.0,1.0,1.0,1.0,1.0,1.0,1.0,1.0,1.0,1.0,1.0,12.642,12.659,11.757,12.333,1.0,1.0,1.0,1.0,1.0,1.0,1.0,1.0,1.0,1.0,1.0,1.0,1.0,1.0,1.0,1.0,334.5,524.0,525.0,524.0,302.75,524.5,524.0,519.0,-0.001,4.955,0.0,13.81,1.141,0.293,-0.038,0.014,-0.0,-0.006
9072007,955,1.0,1.0,1.0,1.0,100.0,39.132,40.0,40.0,40.0,1.0,1.0,1142.021,296.34,0.022,11.747,0.0,80.0,55.0,1.4,1790.5,1835.322,1817.371,303.212,54.932,72.907,72.601,72.73,52.012,1.387,2.356,0.344,69.589,55.674,90.312,49.797,0.0,71.606,93.473,83.244,94.605,33.873,54.033,42.406,-10.82,52.938,97.438,72.5,75.063,55.5,56.563,0.0,46.781,72.0,70.0,1000.0,200.0,0.221,293.25,77.188,72.5,-0.052,72.125,70.938,55.625,56.5,0.0,42.906,72.0,70.0,1000.0,200.0,0.178,460.75,82.625,73.125,0.01,71.875,70.813,55.969,57.125,0.0,56.688,72.0,70.0,1000.0,200.0,0.201,490.0,75.813,75.938,0.018,72.0,69.875,56.125,57.344,0.0,55.875,72.0,70.0,1000.0,200.0,0.242,539.5,81.563,71.875,-0.004,1.0,1.0,1.0,1.0,1.0,1.0,1.0,1.0,1.0,1.0,1.0,1.0,1.0,1.0,1.0,1.0,12.663,12.675,11.765,12.348,1.0,1.0,1.0,1.0,1.0,1.0,1.0,1.0,1.0,1.0,1.0,1.0,1.0,1.0,1.0,1.0,334.75,524.0,525.0,524.0,302.75,524.5,524.0,519.0,-0.002,4.972,0.0,13.929,1.142,0.296,-0.036,0.014,-0.0,-0.006
9072007,956,1.0,1.0,1.0,1.0,100.0,39.853,40.0,40.0,40.0,1.0,1.0,1153.734,295.168,0.022,11.852,0.0,80.0,55.0,1.4,1787.25,1843.532,1814.017,306.288,55.255,72.801,72.601,72.836,52.226,1.394,2.335,0.34,69.619,55.702,90.368,49.825,0.0,71.929,93.325,83.244,94.458,33.946,54.033,42.479,-10.828,53.063,97.438,72.5,75.125,55.5,56.438,0.0,46.25,72.0,70.0,1000.0,200.0,0.23,300.5,77.125,72.5,-0.052,72.125,70.938,55.75,56.5,0.0,42.625,72.0,70.0,1000.0,200.0,0.189,474.75,82.563,73.25,0.01,72.063,70.813,55.969,57.125,0.0,55.906,72.0,70.0,1000.0,200.0,0.196,483.5,75.813,75.938,0.022,72.0,70.0,56.125,57.344,0.0,56.531,72.0,70.0,1000.0,200.0,0.235,529.5,81.5,71.875,-0.004,1.0,1.0,1.0,1.0,1.0,1.0,1.0,1.0,1.0,1.0,1.0,1.0,1.0,1.0,1.0,1.0,12.668,12.673,11.768,12.348,1.0,1.0,1.0,1.0,1.0,1.0,1.0,1.0,1.0,1.0,1.0,1.0,1.0,1.0,1.0,1.0,334.75,524.0,525.0,524.0,302.75,524.0,524.0,519.0,-0.002,5.035,0.0,14.054,1.154,0.295,-0.035,0.014,-0.0,-0.006
9072007,957,1.0,1.0,1.0,1.0,100.0,39.485,40.0,40.0,40.0,1.0,1.0,1151.391,296.34,0.012,11.807,0.0,80.0,55.0,1.4,1792.0,1841.89,1812.342,306.187,55.04,72.907,72.601,72.836,52.012,1.391,2.338,0.348,69.676,55.72,90.536,49.741,0.0,71.714,93.399,83.138,94.458,34.02,54.242,42.551,-10.82,53.063,97.438,72.5,75.063,55.688,56.563,0.0,45.906,72.0,70.0,1000.0,200.0,0.233,300.0,77.0,72.5,-0.052,72.125,70.938,55.844,56.5,0.0,42.906,72.0,70.0,1000.0,200.0,0.184,469.25,82.375,73.25,0.01,72.063,71.188,55.969,57.125,0.0,55.531,72.0,70.0,1000.0,200.0,0.207,498.0,75.813,75.938,0.021,72.0,70.0,56.125,57.344,0.0,55.906,72.0,70.0,1000.0,200.0,0.235,529.5,81.375,71.875,-0.004,1.0,1.0,1.0,1.0,1.0,1.0,1.0,1.0,1.0,1.0,1.0,1.0,1.0,1.0,1.0,1.0,12.667,12.678,11.767,12.349,1.0,1.0,1.0,1.0,1.0,1.0,1.0,1.0,1.0,1.0,1.0,1.0,1.0,1.0,1.0,1.0,334.75,524.0,525.5,524.0,302.75,524.5,524.0,519.0,-0.001,4.981,0.0,13.997,1.151,0.296,-0.034,0.013,-0.0,-0.006
9072007,958,1.0,1.0,1.0,1.0,100.0,39.587,40.0,40.0,40.0,1.0,1.0,1166.618,296.34,0.022,11.822,0.0,80.0,55.0,1.4,1788.25,1836.963,1795.609,302.238,55.04,72.907,72.601,72.836,52.012,1.375,2.335,0.337,69.681,55.724,90.34,49.769,0.0,71.606,93.325,83.138,94.384,34.166,54.138,42.624,-10.82,52.969,97.438,72.438,75.438,55.688,56.563,0.0,46.938,72.0,70.0,1000.0,200.0,0.223,294.5,76.875,72.5,-0.052,72.0,70.938,55.75,56.5,0.0,42.063,72.0,70.0,1000.0,200.0,0.184,468.25,82.25,73.375,0.01,71.875,71.188,55.969,57.125,0.0,55.344,72.0,70.0,1000.0,200.0,0.197,488.0,75.813,76.0,0.022,71.938,69.875,56.125,57.344,0.0,55.375,72.0,70.0,1000.0,200.0,0.243,539.5,81.375,71.875,-0.004,1.0,1.0,1.0,1.0,1.0,1.0,1.0,1.0,1.0,1.0,1.0,1.0,1.0,1.0,1.0,1.0,12.67,12.681,11.768,12.354,1.0,1.0,1.0,1.0,1.0,1.0,1.0,1.0,1.0,1.0,1.0,1.0,1.0,1.0,1.0,1.0,335.0,524.0,525.0,524.0,302.75,525.5,524.0,519.0,-0.002,5.007,0.0,13.894,1.167,0.296,-0.033,0.013,-0.001,-0.006
9072007,959,1.0,1.0,1.0,1.0,100.0,40.098,40.0,40.0,40.0,1.0,1.0,1146.706,296.34,0.012,11.762,0.0,80.0,55.0,1.4,1789.0,1848.463,1814.017,307.335,55.148,72.907,72.496,72.836,52.119,1.368,2.349,0.34,69.714,55.75,90.256,49.741,0.0,71.714,93.251,83.244,94.31,34.239,54.138,42.77,-10.828,52.938,97.5,72.313,74.875,55.5,56.563,0.0,45.906,72.0,70.0,1000.0,200.0,0.232,301.75,76.75,72.375,-0.052,72.0,70.938,55.75,56.5,0.0,42.719,72.0,70.0,1000.0,200.0,0.184,468.5,82.25,73.25,0.01,71.875,71.0,55.969,57.125,0.0,55.938,72.0,70.0,1000.0,200.0,0.201,492.5,75.813,75.938,0.019,72.0,69.875,56.125,57.438,0.0,56.063,72.0,70.0,1000.0,200.0,0.238,534.5,81.313,71.938,-0.004,1.0,1.0,1.0,1.0,1.0,1.0,1.0,1.0,1.0,1.0,1.0,1.0,1.0,1.0,1.0,1.0,12.665,12.681,11.773,12.352,1.0,1.0,1.0,1.0,1.0,1.0,1.0,1.0,1.0,1.0,1.0,1.0,1.0,1.0,1.0,1.0,335.0,524.0,525.5,524.0,303.0,525.0,523.5,519.5,-0.001,5.043,0.0,13.942,1.147,0.296,-0.033,0.013,-0.0,-0.005
9072007,1000,1.0,1.0,1.0,1.0,100.0,40.005,40.0,40.0,40.0,1.0,1.0,1146.706,293.997,0.022,11.822,0.0,80.0,55.0,1.4,1789.0,1836.963,1808.991,301.014,55.148,72.907,72.496,72.836,52.012,1.406,2.349,0.34,69.724,55.778,90.256,49.825,0.0,71.714,93.251,83.032,94.31,34.166,54.242,42.77,-10.82,52.844,97.563,72.313,74.688,55.5,56.563,0.0,46.781,72.0,70.0,1000.0,200.0,0.224,295.0,76.563,72.375,-0.052,72.125,70.938,55.75,56.5,0.0,42.094,72.0,70.0,1000.0,200.0,0.183,468.0,82.188,73.375,0.01,72.063,71.313,55.969,57.125,0.0,55.375,72.0,70.0,1000.0,200.0,0.195,487.25,75.563,75.938,0.025,72.0,69.875,56.125,57.438,0.0,55.406,72.0,70.0,1000.0,200.0,0.246,542.5,81.188,71.938,-0.004,1.0,1.0,1.0,1.0,1.0,1.0,1.0,1.0,1.0,1.0,1.0,1.0,1.0,1.0,1.0,1.0,12.684,12.691,11.789,12.364,1.0,1.0,1.0,1.0,1.0,1.0,1.0,1.0,1.0,1.0,1.0,1.0,1.0,1.0,1.0,1.0,335.25,524.0,525.0,524.5,303.0,525.5,524.0,519.0,-0.002,5.067,0.0,14.134,1.147,0.294,-0.032,0.013,-0.001,-0.005
9072007,1001,1.0,1.0,1.0,1.0,100.0,39.837,40.0,40.0,40.0,1.0,1.0,1159.59,295.168,0.012,11.703,0.0,80.0,55.0,1.4,1792.5,1859.974,1810.666,309.099,55.04,72.801,72.496,72.836,52.012,1.383,2.371,0.337,69.79,55.809,90.172,49.881,0.0,71.606,93.177,83.138,94.088,34.239,53.929,42.697,-10.82,52.813,97.563,72.313,74.875,55.5,56.438,0.0,46.625,72.0,70.0,1000.0,200.0,0.227,299.25,76.5,72.188,-0.052,72.125,71.0,55.75,56.5,0.0,42.688,72.0,70.0,1000.0,200.0,0.184,470.75,82.063,73.375,0.01,71.875,71.313,55.969,57.125,0.0,56.094,72.0,70.0,1000.0,200.0,0.202,491.75,75.813,75.938,0.021,72.0,70.0,56.125,57.438,0.0,55.375,72.0,70.0,1000.0,200.0,0.245,542.0,81.188,71.938,-0.004,1.0,1.0,1.0,1.0,1.0,1.0,1.0,1.0,1.0,1.0,1.0,1.0,1.0,1.0,1.0,1.0,12.667,12.678,11.765,12.349,1.0,1.0,1.0,1.0,1.0,1.0,1.0,1.0,1.0,1.0,1.0,1.0,1.0,1.0,1.0,1.0,334.75,524.0,525.5,524.5,302.75,525.0,524.0,519.0,-0.001,5.027,0.0,13.754,1.16,0.295,-0.033,0.013,-0.0,-0.005
9072007,1002,1.0,1.0,1.0,1.0,100.0,40.371,40.0,40.0,40.0,1.0,1.0,1145.535,296.34,0.012,11.822,0.0,80.0,55.0,1.4,1808.5,1835.322,1807.316,304.043,55.255,72.907,72.496,72.73,52.012,1.406,2.349,0.34,69.787,55.852,90.172,49.909,0.0,71.714,93.029,83.138,94.162,34.313,54.138,42.843,-10.82,52.781,97.563,72.313,75.063,55.5,56.438,0.0,46.0,72.0,70.0,1000.0,200.0,0.235,301.5,76.5,72.188,-0.052,72.125,71.0,55.75,56.5,0.0,42.094,72.0,70.0,1000.0,200.0,0.188,475.5,82.063,73.5,0.01,72.063,71.0,55.969,57.125,0.0,55.531,72.0,70.0,1000.0,200.0,0.195,486.5,75.813,76.0,0.023,72.0,69.875,56.125,57.438,0.0,56.188,72.0,70.0,1000.0,200.0,0.237,530.5,81.0,72.063,-0.004,1.0,1.0,1.0,1.0,1.0,1.0,1.0,1.0,1.0,1.0,1.0,1.0,1.0,1.0,1.0,1.0,12.675,12.681,11.773,12.352,1.0,1.0,1.0,1.0,1.0,1.0,1.0,1.0,1.0,1.0,1.0,1.0,1.0,1.0,1.0,1.0,335.0,524.5,525.5,524.5,303.0,525.5,524.0,519.0,-0.001,5.087,0.0,14.012,1.146,0.296,-0.033,0.013,-0.001,-0.005
9072007,1003,1.0,1.0,1.0,1.0,100.0,39.999,40.0,40.0,40.0,1.0,1.0,1147.877,295.168,0.012,11.762,0.0,80.0,55.0,1.4,1796.5,1825.477,1798.951,303.48,54.932,72.801,72.496,72.836,52.012,1.41,2.328,0.344,69.795,55.843,90.2,49.853,0.0,71.499,92.881,83.032,94.088,34.386,54.033,42.916,-10.82,52.813,97.438,72.125,74.875,55.5,56.563,0.0,46.438,72.0,70.0,1000.0,200.0,0.225,296.0,76.313,72.063,-0.052,72.125,70.625,55.75,56.5,0.0,41.781,72.0,70.0,1000.0,200.0,0.19,477.25,81.938,73.5,0.01,71.875,70.813,55.969,57.125,0.0,55.438,72.0,70.0,1000.0,200.0,0.193,484.75,75.813,76.0,0.018,72.0,69.875,56.125,57.438,0.0,55.625,72.0,70.0,1000.0,200.0,0.236,530.5,81.0,71.938,-0.004,1.0,1.0,1.0,1.0,1.0,1.0,1.0,1.0,1.0,1.0,1.0,1.0,1.0,1.0,1.0,1.0,12.67,12.675,11.772,12.344,1.0,1.0,1.0,1.0,1.0,1.0,1.0,1.0,1.0,1.0,1.0,1.0,1.0,1.0,1.0,1.0,334.75,524.5,525.5,524.5,302.75,526.0,524.0,519.5,-0.001,5.107,0.0,13.94,1.148,0.295,-0.032,0.012,-0.0,-0.005
9072007,1004,1.0,1.0,1.0,1.0,100.0,39.778,40.0,40.0,40.0,1.0,1.0,1152.562,293.997,0.012,11.777,0.0,80.0,55.0,1.4,1779.5,1850.106,1810.666,306.714,55.04,72.801,72.496,72.73,51.905,1.391,2.364,0.344,69.781,55.811,90.2,49.797,0.0,71.392,92.955,83.032,94.088,34.532,54.138,42.916,-10.82,52.75,97.438,72.313,75.25,55.5,56.438,0.0,47.0,72.0,70.0,1000.0,200.0,0.223,297.25,76.313,72.188,-0.052,71.875,70.75,55.75,56.5,0.0,42.188,72.0,70.0,1000.0,200.0,0.186,467.25,81.938,73.5,0.01,72.188,70.938,55.969,57.125,0.0,54.875,72.0,70.0,1000.0,200.0,0.206,498.0,75.813,75.938,0.021,72.0,70.0,56.125,57.438,0.0,56.469,72.0,70.0,1000.0,200.0,0.231,525.5,80.938,72.063,-0.004,1.0,1.0,1.0,1.0,1.0,1.0,1.0,1.0,1.0,1.0,1.0,1.0,1.0,1.0,1.0,1.0,12.659,12.668,11.765,12.34,1.0,1.0,1.0,1.0,1.0,1.0,1.0,1.0,1.0,1.0,1.0,1.0,1.0,1.0,1.0,1.0,334.5,524.0,525.5,524.5,302.75,525.5,524.0,519.0,-0.001,5.036,0.0,13.718,1.153,0.294,-0.031,0.012,-0.0,-0.005
9072007,1005,1.0,1.0,1.0,1.0,100.0,40.008,40.0,40.0,40.0,1.0,1.0,1151.391,299.854,0.022,11.807,0.0,80.0,55.0,1.4,1779.5,1845.176,1817.371,308.457,55.04,72.801,72.496,72.73,52.012,1.391,2.356,0.351,69.885,55.827,90.312,49.769,0.0,71.392,92.881,82.925,93.941,34.459,54.138,42.988,-10.828,52.688,97.438,72.313,75.063,55.406,56.438,0.0,45.906,72.0,70.0,1000.0,200.0,0.235,304.25,75.938,72.063,-0.052,71.875,70.938,55.75,56.5,0.0,42.75,72.0,70.0,1000.0,200.0,0.173,454.75,81.75,73.5,0.01,72.313,71.0,55.969,57.125,0.0,55.875,72.0,70.0,1000.0,200.0,0.213,505.5,75.813,75.938,0.021,71.938,69.813,56.125,57.344,0.0,54.781,72.0,70.0,1000.0,200.0,0.243,537.0,80.813,72.125,-0.004,1.0,1.0,1.0,1.0,1.0,1.0,1.0,1.0,1.0,1.0,1.0,1.0,1.0,1.0,1.0,1.0,12.64,12.648,11.74,12.32,1.0,1.0,1.0,1.0,1.0,1.0,1.0,1.0,1.0,1.0,1.0,1.0,1.0,1.0,1.0,1.0,333.75,524.5,525.5,524.5,302.75,525.0,524.0,519.0,-0.002,5.117,0.0,13.992,1.151,0.3,-0.029,0.012,-0.0,-0.005
9072007,1006,1.0,1.0,1.0,1.0,100.0,40.007,40.0,40.0,40.0,1.0,1.0,1149.048,293.997,0.022,11.762,0.0,80.0,55.0,1.4,1796.5,1828.757,1797.281,300.081,55.04,72.695,72.286,72.73,52.012,1.417,2.335,0.351,69.82,55.857,90.144,49.965,0.0,71.392,92.881,83.032,93.941,34.532,54.033,42.988,-10.82,52.719,97.5,72.313,74.563,55.5,56.438,0.0,47.25,72.0,70.0,1000.0,200.0,0.227,297.5,75.938,72.063,-0.052,72.0,70.75,55.75,56.5,0.0,42.969,72.0,70.0,1000.0,200.0,0.172,454.0,81.688,73.5,0.01,72.188,71.0,55.875,57.0,0.0,57.219,72.0,70.0,1000.0,200.0,0.214,506.0,75.813,75.938,0.025,71.813,69.875,56.125,57.438,0.0,55.344,72.0,70.0,1000.0,200.0,0.231,526.0,80.813,72.125,-0.004,1.0,1.0,1.0,1.0,1.0,1.0,1.0,1.0,1.0,1.0,1.0,1.0,1.0,1.0,1.0,1.0,12.638,12.65,11.739,12.323,1.0,1.0,1.0,1.0,1.0,1.0,1.0,1.0,1.0,1.0,1.0,1.0,1.0,1.0,1.0,1.0,333.75,524.5,525.5,524.5,302.75,526.0,524.0,519.5,-0.002,5.1,0.0,13.819,1.149,0.294,-0.029,0.012,-0.0,-0.005
9072007,1007,1.0,1.0,1.0,1.0,100.0,39.825,40.0,40.0,40.0,1.0,1.0,1138.507,297.511,0.012,11.762,0.0,80.0,55.0,1.4,1784.75,1830.398,1797.281,306.195,55.04,72.801,72.286,72.73,52.012,1.402,2.346,0.348,69.847,55.887,90.144,49.965,0.0,71.284,92.733,82.925,93.867,34.532,54.138,43.061,-10.82,52.75,97.438,72.313,74.563,55.5,56.438,0.0,45.938,72.0,70.0,1000.0,200.0,0.238,305.0,75.875,71.938,-0.052,71.875,70.938,55.75,56.5,0.0,42.063,72.0,70.0,1000.0,200.0,0.178,460.0,81.688,73.688,0.01,72.063,71.313,55.969,57.125,0.0,56.531,72.0,70.0,1000.0,200.0,0.206,498.0,75.938,76.0,0.021,71.938,69.875,56.125,57.438,0.0,56.094,72.0,70.0,1000.0,200.0,0.23,525.5,80.75,72.125,-0.004,1.0,1.0,1.0,1.0,1.0,1.0,1.0,1.0,1.0,1.0,1.0,1.0,1.0,1.0,1.0,1.0,12.642,12.651,11.745,12.32,1.0,1.0,1.0,1.0,1.0,1.0,1.0,1.0,1.0,1.0,1.0,1.0,1.0,1.0,1.0,1.0,334.0,524.5,525.5,524.5,303.0,526.5,524.0,519.5,-0.001,5.117,0.0,13.938,1.139,0.298,-0.03,0.012,-0.0,-0.005
9072007,1008,1.0,1.0,1.0,1.0,100.0,39.829,40.0,40.0,40.0,1.0,1.0,1149.048,305.71,0.012,11.703,0.0,80.0,55.0,1.4,1786.0,1840.247,1822.405,303.941,54.932,72.801,72.391,72.73,52.012,1.402,2.346,0.37,69.843,55.875,90.284,49.965,0.0,71.284,92.807,82.925,93.867,34.532,54.138,43.134,-10.82,52.844,97.375,72.313,74.688,55.406,56.438,0.0,46.281,72.0,70.0,1000.0,200.0,0.237,304.75,75.75,71.938,-0.052,72.0,71.0,55.75,56.5,0.0,42.906,72.0,70.0,1000.0,200.0,0.17,452.75,81.563,73.688,0.01,72.063,71.188,55.875,57.0,0.0,55.625,72.0,70.0,1000.0,200.0,0.212,504.5,75.813,76.0,0.023,71.813,70.0,56.125,57.344,0.0,56.188,72.0,70.0,1000.0,200.0,0.229,524.5,80.625,72.063,-0.004,1.0,1.0,1.0,1.0,1.0,1.0,1.0,1.0,1.0,1.0,1.0,1.0,1.0,1.0,1.0,1.0,12.655,12.665,11.752,12.338,1.0,1.0,1.0,1.0,1.0,1.0,1.0,1.0,1.0,1.0,1.0,1.0,1.0,1.0,1.0,1.0,334.25,524.5,525.5,524.0,303.0,525.0,524.0,519.5,-0.001,5.135,0.0,13.987,1.149,0.306,-0.029,0.011,-0.001,-0.005
9072007,1009,1.0,1.0,1.0,1.0,100.0,39.791,40.0,40.0,40.0,1.0,1.0,1165.447,298.682,0.012,11.762,0.0,80.0,55.0,1.4,1787.0,1855.039,1820.726,304.687,54.932,72.907,72.707,72.942,52.012,1.383,2.356,0.337,69.861,55.874,90.228,49.909,0.0,71.392,92.659,82.819,93.793,34.606,54.033,43.134,-10.828,52.875,97.375,72.313,75.625,55.5,56.438,0.0,46.0,72.0,70.0,1000.0,200.0,0.237,304.5,75.75,71.938,-0.052,72.0,71.125,55.75,56.5,0.0,42.094,72.0,70.0,1000.0,200.0,0.185,468.25,81.563,73.688,0.01,72.063,70.938,55.875,57.0,0.0,56.031,72.0,70.0,1000.0,200.0,0.208,500.5,75.813,76.0,0.017,71.813,70.0,56.125,57.344,0.0,56.469,72.0,70.0,1000.0,200.0,0.228,522.5,80.625,72.125,-0.004,1.0,1.0,1.0,1.0,1.0,1.0,1.0,1.0,1.0,1.0,1.0,1.0,1.0,1.0,1.0,1.0,12.652,12.668,11.747,12.343,1.0,1.0,1.0,1.0,1.0,1.0,1.0,1.0,1.0,1.0,1.0,1.0,1.0,1.0,1.0,1.0,334.0,524.5,526.0,524.5,302.75,525.0,524.0,519.5,-0.001,5.163,0.0,13.936,1.165,0.299,-0.029,0.011,-0.0,-0.005
9072007,1010,1.0,1.0,1.0,1.0,100.0,40.29,40.0,40.0,40.0,1.0,1.0,1157.248,295.168,0.012,11.807,0.0,80.0,55.0,1.4,1796.5,1832.039,1805.643,298.135,55.04,72.907,72.812,72.942,51.905,1.406,2.328,0.337,69.844,55.883,90.144,49.713,0.0,71.392,92.585,82.713,93.719,34.606,54.033,43.134,-10.82,52.875,97.5,72.313,75.75,55.5,56.344,0.0,45.75,72.0,70.0,1000.0,200.0,0.239,306.25,75.688,71.875,-0.052,72.0,70.938,55.75,56.5,0.0,42.969,72.0,70.0,1000.0,200.0,0.179,462.25,81.563,73.688,0.01,71.875,71.0,55.969,57.125,0.0,55.813,72.0,70.0,1000.0,200.0,0.201,491.5,75.813,75.938,0.02,72.0,70.0,56.125,57.344,0.0,55.438,72.0,70.0,1000.0,200.0,0.233,527.0,80.438,72.313,-0.004,1.0,1.0,1.0,1.0,1.0,1.0,1.0,1.0,1.0,1.0,1.0,1.0,1.0,1.0,1.0,1.0,12.652,12.675,11.752,12.349,1.0,1.0,1.0,1.0,1.0,1.0,1.0,1.0,1.0,1.0,1.0,1.0,1.0,1.0,1.0,1.0,334.25,524.5,526.0,524.0,302.75,527.5,524.0,519.5,-0.001,5.183,0.0,13.989,1.157,0.295,-0.029,0.011,-0.0,-0.005
9072007,1011,1.0,1.0,1.0,1.0,100.0,40.108,40.0,40.0,40.0,1.0,1.0,1160.761,301.025,0.022,11.747,0.0,80.0,55.0,1.4,1796.5,1861.62,1830.804,304.223,55.04,72.695,72.391,72.73,52.012,1.391,2.353,0.348,69.847,55.875,90.2,49.769,0.0,71.284,92.511,82.713,93.645,34.606,54.138,43.134,-10.82,52.844,97.375,72.125,74.75,55.5,56.438,0.0,46.906,72.0,70.0,1000.0,200.0,0.228,300.5,75.563,71.875,-0.052,72.125,70.938,55.625,56.406,0.0,42.688,72.0,70.0,1000.0,200.0,0.191,477.0,81.188,73.75,0.01,72.063,71.0,55.875,57.125,0.0,55.313,72.0,70.0,1000.0,200.0,0.203,493.0,75.813,76.0,0.019,71.938,69.875,56.125,57.344,0.0,55.875,72.0,70.0,1000.0,200.0,0.229,523.0,80.438,72.313,-0.004,1.0,1.0,1.0,1.0,1.0,1.0,1.0,1.0,1.0,1.0,1.0,1.0,1.0,1.0,1.0,1.0,12.655,12.659,11.742,12.335,1.0,1.0,1.0,1.0,1.0,1.0,1.0,1.0,1.0,1.0,1.0,1.0,1.0,1.0,1.0,1.0,333.75,524.5,526.0,524.0,302.75,527.5,524.0,519.5,-0.003,5.129,0.0,13.918,1.161,0.301,-0.028,0.011,-0.001,-0.005
9072007,1012,1.0,1.0,1.0,1.0,100.0,40.676,40.0,40.0,40.0,1.0,1.0,1185.359,299.854,0.022,11.822,0.0,80.0,55.0,1.4,1794.0,1864.912,1822.405,311.236,55.255,72.907,72.601,72.836,52.119,1.372,2.371,0.344,69.99,55.894,90.312,49.993,0.0,71.606,92.437,82.713,93.571,34.606,54.138,43.134,-10.82,52.906,97.375,72.125,74.563,55.5,56.438,0.0,46.125,72.0,70.0,1000.0,200.0,0.234,302.5,75.375,71.875,-0.052,72.0,70.938,55.75,56.5,0.0,42.313,72.0,70.0,1000.0,200.0,0.184,469.5,81.375,73.75,0.01,72.188,71.188,55.875,57.125,0.0,55.719,72.0,70.0,1000.0,200.0,0.213,508.25,75.813,76.0,0.021,72.0,69.875,56.125,57.438,0.0,55.5,72.0,70.0,1000.0,200.0,0.234,531.5,80.375,72.313,-0.004,1.0,1.0,1.0,1.0,1.0,1.0,1.0,1.0,1.0,1.0,1.0,1.0,1.0,1.0,1.0,1.0,12.657,12.668,11.762,12.343,1.0,1.0,1.0,1.0,1.0,1.0,1.0,1.0,1.0,1.0,1.0,1.0,1.0,1.0,1.0,1.0,334.5,524.5,526.0,524.0,302.75,526.0,524.0,519.5,-0.003,5.162,0.0,14.007,1.185,0.3,-0.027,0.011,-0.001,-0.005
9072007,1013,1.0,1.0,1.0,1.0,100.0,40.052,40.0,40.0,40.0,1.0,1.0,1161.933,296.34,0.012,11.747,0.0,80.0,55.0,1.4,1810.75,1863.266,1817.371,313.433,54.932,72.695,72.391,72.73,52.012,1.379,2.371,0.355,69.986,55.96,90.256,49.993,0.0,71.177,92.363,82.819,93.497,34.679,54.033,43.207,-10.82,52.844,97.5,72.125,74.563,55.5,56.438,0.0,45.938,72.0,70.0,1000.0,200.0,0.235,303.0,75.375,71.875,-0.052,71.875,71.0,55.75,56.5,0.0,42.219,72.0,70.0,1000.0,200.0,0.183,468.5,81.375,73.875,0.01,72.063,71.0,55.875,57.0,0.0,56.25,72.0,70.0,1000.0,200.0,0.221,512.0,75.813,75.938,0.019,71.938,70.0,56.125,57.344,0.0,56.25,72.0,70.0,1000.0,200.0,0.229,523.5,80.375,72.313,-0.004,1.0,1.0,1.0,1.0,1.0,1.0,1.0,1.0,1.0,1.0,1.0,1.0,1.0,1.0,1.0,1.0,12.652,12.665,11.755,12.343,1.0,1.0,1.0,1.0,1.0,1.0,1.0,1.0,1.0,1.0,1.0,1.0,1.0,1.0,1.0,1.0,334.5,524.5,526.0,524.0,302.75,526.0,524.0,519.5,-0.001,5.176,0.0,13.918,1.162,0.296,-0.027,0.011,-0.0,-0.005
9072007,1014,1.0,1.0,1.0,1.0,100.0,40.351,40.0,40.0,40.0,1.0,1.0,1157.248,298.682,0.022,11.762,0.0,80.0,55.0,1.4,1802.0,1843.532,1812.342,302.448,55.04,72.589,72.391,72.519,52.012,1.387,2.364,0.344,69.946,55.959,90.088,49.909,0.0,71.177,92.437,82.713,93.497,34.679,54.033,43.207,-10.82,52.813,97.438,72.125,75.063,55.5,56.344,0.0,47.313,72.0,70.0,1000.0,200.0,0.227,297.0,75.313,71.75,-0.052,72.0,71.125,55.625,56.5,0.0,42.5,72.0,70.0,1000.0,200.0,0.185,471.25,81.188,73.875,0.01,72.188,70.938,55.875,57.0,0.0,57.188,72.0,70.0,1000.0,200.0,0.212,505.25,75.813,76.125,0.022,72.0,69.875,56.125,57.344,0.0,55.75,72.0,70.0,1000.0,200.0,0.229,524.0,80.188,72.313,-0.004,1.0,1.0,1.0,1.0,1.0,1.0,1.0,1.0,1.0,1.0,1.0,1.0,1.0,1.0,1.0,1.0,12.645,12.659,11.754,12.333,1.0,1.0,1.0,1.0,1.0,1.0,1.0,1.0,1.0,1.0,1.0,1.0,1.0,1.0,1.0,1.0,334.25,524.5,526.0,524.0,302.75,526.0,524.0,519.5,-0.002,5.183,0.0,13.936,1.157,0.299,-0.027,0.011,-0.001,-0.005
9072007,1015,1.0,1.0,1.0,1.0,100.0,40.372,40.0,40.0,40.0,1.0,1.0,1165.447,296.34,0.012,11.792,0.0,80.0,55.0,1.4,1802.25,1835.322,1815.694,305.874,55.04,72.695,72.496,72.625,52.012,1.41,2.356,0.355,69.953,55.961,90.284,49.881,0.0,71.069,92.289,82.819,93.497,34.752,53.929,43.207,-10.82,52.938,97.438,72.125,74.75,55.406,56.438,0.0,46.625,72.0,70.0,1000.0,200.0,0.235,304.5,75.188,71.75,-0.052,71.875,71.0,55.75,56.5,0.0,42.875,72.0,70.0,1000.0,200.0,0.179,461.25,81.063,73.875,0.01,72.063,71.188,55.969,57.0,0.0,56.25,72.0,70.0,1000.0,200.0,0.215,506.75,75.813,76.0,0.021,71.938,70.0,56.125,57.344,0.0,55.781,72.0,70.0,1000.0,200.0,0.229,523.0,80.188,72.438,-0.004,1.0,1.0,1.0,1.0,1.0,1.0,1.0,1.0,1.0,1.0,1.0,1.0,1.0,1.0,1.0,1.0,12.652,12.668,11.754,12.343,1.0,1.0,1.0,1.0,1.0,1.0,1.0,1.0,1.0,1.0,1.0,1.0,1.0,1.0,1.0,1.0,334.25,524.5,526.0,524.0,302.75,525.0,524.0,519.5,-0.002,5.199,0.0,13.851,1.165,0.296,-0.026,0.01,-0.001,-0.005
9072007,1016,1.0,1.0,1.0,1.0,100.0,40.415,40.0,40.0,40.0,1.0,1.0,1170.132,299.854,0.012,11.747,0.0,80.0,55.0,1.4,1802.25,1858.329,1815.694,311.336,55.04,72.695,72.391,72.73,52.119,1.402,2.364,0.34,69.977,55.968,90.284,49.853,0.0,71.392,92.289,82.713,93.276,34.606,54.138,43.207,-10.828,52.969,97.313,72.313,75.063,55.5,56.438,0.0,46.188,72.0,70.0,1000.0,200.0,0.236,304.0,75.188,71.75,-0.052,72.0,70.938,55.75,56.5,0.0,42.625,72.0,70.0,1000.0,200.0,0.181,462.5,81.063,73.875,0.01,72.063,71.313,55.969,57.125,0.0,56.813,72.0,70.0,1000.0,200.0,0.211,504.0,75.813,76.0,0.021,72.063,70.0,56.125,57.438,0.0,55.375,72.0,70.0,1000.0,200.0,0.238,535.5,80.188,72.438,-0.004,1.0,1.0,1.0,1.0,1.0,1.0,1.0,1.0,1.0,1.0,1.0,1.0,1.0,1.0,1.0,1.0,12.643,12.656,11.751,12.333,1.0,1.0,1.0,1.0,1.0,1.0,1.0,1.0,1.0,1.0,1.0,1.0,1.0,1.0,1.0,1.0,334.25,524.5,526.0,524.0,302.75,526.0,524.0,519.5,-0.001,5.173,0.0,14.037,1.17,0.3,-0.026,0.01,-0.001,-0.005
9072007,1017,1.0,1.0,1.0,1.0,100.0,40.479,40.0,40.0,40.0,1.0,1.0,1191.215,305.71,0.022,11.807,0.0,80.0,55.0,1.4,1802.25,1876.442,1834.168,314.568,55.04,72.589,72.496,72.625,52.012,1.387,2.36,0.362,70.082,55.972,90.396,49.797,0.0,71.392,92.141,82.713,93.276,34.752,54.033,43.28,-10.82,52.969,97.375,72.125,75.375,55.5,56.438,0.0,46.25,72.0,70.0,1000.0,200.0,0.235,303.25,75.063,71.75,-0.052,72.0,70.938,55.75,56.5,0.0,42.375,72.0,70.0,1000.0,200.0,0.182,463.25,81.063,73.875,0.01,72.188,70.813,55.969,57.0,0.0,56.344,72.0,70.0,1000.0,200.0,0.222,517.0,75.813,76.0,0.02,72.063,70.0,56.125,57.438,0.0,55.688,72.0,70.0,1000.0,200.0,0.236,534.0,80.188,72.438,-0.004,1.0,1.0,1.0,1.0,1.0,1.0,1.0,1.0,1.0,1.0,1.0,1.0,1.0,1.0,1.0,1.0,12.637,12.655,11.742,12.331,1.0,1.0,1.0,1.0,1.0,1.0,1.0,1.0,1.0,1.0,1.0,1.0,1.0,1.0,1.0,1.0,333.75,524.5,526.0,524.0,303.0,525.5,524.0,519.5,-0.003,5.222,0.0,13.989,1.191,0.306,-0.025,0.01,-0.001,-0.005
9072007,1018,1.0,1.0,1.0,1.0,100.0,40.598,40.0,40.0,40.0,1.0,1.0,1166.618,297.511,0.012,11.732,0.0,80.0,55.0,1.4,1817.0,1861.62,1819.048,315.024,55.04,72.695,72.496,72.625,52.012,1.387,2.367,0.344,70.011,56.01,90.312,49.741,0.0,71.392,92.141,82.607,93.276,34.825,54.033,43.353,-10.82,53.063,97.438,72.313,74.875,55.5,56.438,0.0,46.75,72.0,70.0,1000.0,200.0,0.237,303.5,75.063,71.563,-0.052,72.0,71.125,55.75,56.406,0.0,42.688,72.0,70.0,1000.0,200.0,0.172,451.5,81.0,73.938,0.01,71.875,71.0,55.875,57.0,0.0,55.469,72.0,70.0,1000.0,200.0,0.214,505.5,75.813,76.0,0.02,72.313,70.0,56.125,57.344,0.0,55.656,72.0,70.0,1000.0,200.0,0.248,548.5,80.063,72.5,-0.004,1.0,1.0,1.0,1.0,1.0,1.0,1.0,1.0,1.0,1.0,1.0,1.0,1.0,1.0,1.0,1.0,12.642,12.662,11.749,12.336,1.0,1.0,1.0,1.0,1.0,1.0,1.0,1.0,1.0,1.0,1.0,1.0,1.0,1.0,1.0,1.0,334.0,525.0,526.0,524.0,302.75,528.0,524.0,519.5,-0.001,5.209,0.0,13.9,1.167,0.298,-0.027,0.01,-0.001,-0.004
9072007,1019,1.0,1.0,1.0,1.0,100.0,40.429,40.0,40.0,40.0,1.0,1.0,1159.59,302.196,0.012,11.762,0.0,80.0,55.0,1.4,1802.5,1841.89,1815.694,308.791,55.04,72.801,72.496,72.625,52.012,1.402,2.346,0.348,70.014,56.011,90.172,49.937,0.0,71.392,91.993,82.607,93.202,34.752,54.033,43.425,-10.82,52.969,97.438,72.313,74.688,55.5,56.438,0.0,47.0,72.0,70.0,1000.0,200.0,0.236,303.75,75.063,71.563,-0.052,72.0,71.25,55.75,56.5,0.0,42.844,72.0,70.0,1000.0,200.0,0.169,448.75,80.875,73.938,0.01,72.063,71.0,55.969,57.125,0.0,56.375,72.0,70.0,1000.0,200.0,0.216,508.0,75.813,76.0,0.023,72.313,70.0,56.063,57.344,0.0,57.094,72.0,70.0,1000.0,200.0,0.243,539.5,80.063,72.438,-0.004,1.0,1.0,1.0,1.0,1.0,1.0,1.0,1.0,1.0,1.0,1.0,1.0,1.0,1.0,1.0,1.0,12.637,12.653,11.734,12.328,1.0,1.0,1.0,1.0,1.0,1.0,1.0,1.0,1.0,1.0,1.0,1.0,1.0,1.0,1.0,1.0,333.75,524.5,526.0,524.0,302.75,526.5,524.0,519.5,-0.002,5.291,0.0,14.172,1.16,0.302,-0.027,0.01,-0.001,-0.004
9072007,1020,1.0,1.0,1.0,1.0,100.0,40.715,40.0,40.0,40.0,1.0,1.0,1183.016,298.682,0.012,11.792,0.0,80.0,55.0,1.4,1802.5,1894.585,1844.27,312.646,55.04,72.801,72.391,72.73,52.012,1.368,2.364,0.34,70.152,56.121,90.368,49.825,0.0,71.392,92.067,82.607,93.202,34.899,53.929,43.425,-10.82,52.938,97.438,72.313,74.563,55.5,56.438,0.0,47.719,72.0,70.0,1000.0,200.0,0.232,301.5,74.75,71.438,-0.052,72.0,71.25,55.75,56.5,0.0,42.344,72.0,70.0,1000.0,200.0,0.176,461.5,80.875,73.938,0.01,72.188,70.813,55.969,57.0,0.0,56.5,72.0,70.0,1000.0,200.0,0.223,514.0,75.563,76.0,0.021,72.375,70.063,56.125,57.344,0.0,56.219,72.0,70.0,1000.0,200.0,0.253,551.5,79.813,72.5,-0.004,1.0,1.0,1.0,1.0,1.0,1.0,1.0,1.0,1.0,1.0,1.0,1.0,1.0,1.0,1.0,1.0,12.627,12.65,11.73,12.325,1.0,1.0,1.0,1.0,1.0,1.0,1.0,1.0,1.0,1.0,1.0,1.0,1.0,1.0,1.0,1.0,333.75,525.0,526.0,524.0,302.75,526.5,524.0,519.5,-0.001,5.283,0.0,13.967,1.183,0.299,-0.025,0.01,-0.001,-0.004
9072007,1021,1.0,1.0,1.0,1.0,100.0,40.841,40.0,40.0,40.0,1.0,1.0,1197.072,302.196,0.022,11.837,0.0,80.0,55.0,1.4,1828.0,1896.237,1842.585,315.098,55.04,72.801,72.496,72.73,52.012,1.364,2.392,0.351,70.233,56.107,90.2,49.769,0.0,71.284,91.919,82.607,92.98,34.972,54.033,43.498,-10.82,52.938,97.313,72.313,74.875,55.5,56.563,0.0,47.781,72.0,70.0,1000.0,200.0,0.231,300.25,74.75,71.563,-0.052,72.125,71.125,55.75,56.5,0.0,41.719,72.0,70.0,1000.0,200.0,0.181,464.75,80.75,73.938,0.01,72.313,71.313,55.875,57.0,0.0,56.406,72.0,70.0,1000.0,200.0,0.223,519.0,75.813,76.0,0.018,72.375,70.063,56.125,57.344,0.0,57.75,72.0,70.0,1000.0,200.0,0.256,555.5,79.75,72.5,-0.004,1.0,1.0,1.0,1.0,1.0,1.0,1.0,1.0,1.0,1.0,1.0,1.0,1.0,1.0,1.0,1.0,12.632,12.658,11.734,12.335,1.0,1.0,1.0,1.0,1.0,1.0,1.0,1.0,1.0,1.0,1.0,1.0,1.0,1.0,1.0,1.0,333.75,525.0,526.0,524.5,303.0,526.0,524.0,519.0,-0.003,5.295,0.0,14.02,1.197,0.302,-0.024,0.01,-0.0,-0.004
9072007,1022,1.0,1.0,1.0,1.0,100.0,41.385,40.0,40.0,40.0,1.0,1.0,1190.044,299.854,0.012,11.822,0.0,80.0,55.0,1.4,1832.5,1876.442,1840.9,317.961,55.255,72.695,72.496,72.73,52.119,1.391,2.36,0.329,70.231,56.197,90.312,49.825,0.0,71.499,91.919,82.5,93.054,34.972,54.033,43.571,-10.82,52.938,97.438,72.125,74.75,55.5,56.438,0.0,48.156,72.0,70.0,1000.0,200.0,0.236,303.25,74.688,71.438,-0.052,72.25,70.938,55.75,56.5,0.0,42.406,72.0,70.0,1000.0,200.0,0.181,466.25,80.625,73.938,0.01,72.063,71.0,55.969,57.125,0.0,57.5,72.0,70.0,1000.0,200.0,0.214,506.0,75.813,76.0,0.021,72.5,70.063,56.125,57.344,0.0,58.594,72.0,70.0,1000.0,200.0,0.256,556.5,79.75,72.5,-0.004,1.0,1.0,1.0,1.0,1.0,1.0,1.0,1.0,1.0,1.0,1.0,1.0,1.0,1.0,1.0,1.0,12.612,12.632,11.716,12.306,1.0,1.0,1.0,1.0,1.0,1.0,1.0,1.0,1.0,1.0,1.0,1.0,1.0,1.0,1.0,1.0,333.0,525.0,526.0,524.5,303.0,527.5,524.0,519.0,-0.001,5.333,0.0,14.122,1.19,0.3,-0.025,0.01,-0.001,-0.004
9072007,1023,1.0,1.0,1.0,1.0,100.0,41.589,40.0,40.0,40.0,1.0,1.0,1212.299,301.025,0.012,11.792,0.0,80.0,55.0,1.4,1851.75,1922.685,1852.703,325.912,55.255,73.013,72.812,72.942,52.119,1.337,2.389,0.34,70.562,56.325,90.34,49.685,0.0,71.714,91.771,82.5,92.98,34.899,54.033,43.571,-10.82,53.0,97.438,72.313,75.438,55.5,56.438,0.0,47.656,72.0,70.0,1000.0,200.0,0.243,308.5,74.563,71.438,-0.052,72.25,70.938,55.844,56.5,0.0,42.906,72.0,70.0,1000.0,200.0,0.184,471.75,80.625,74.063,0.01,72.188,71.313,55.969,57.0,0.0,56.781,72.0,70.0,1000.0,200.0,0.228,525.0,75.813,76.0,0.021,72.563,70.25,56.125,57.438,0.0,59.125,72.0,70.0,1000.0,200.0,0.266,563.5,79.625,72.625,-0.004,1.0,1.0,1.0,1.0,1.0,1.0,1.0,1.0,1.0,1.0,1.0,1.0,1.0,1.0,1.0,1.0,12.622,12.635,11.718,12.31,1.0,1.0,1.0,1.0,1.0,1.0,1.0,1.0,1.0,1.0,1.0,1.0,1.0,1.0,1.0,1.0,333.25,525.0,526.0,524.0,302.75,526.5,524.0,519.0,-0.002,5.344,0.0,14.206,1.212,0.301,-0.024,0.01,-0.001,-0.004
9072007,1024,1.0,1.0,1.0,1.0,100.0,41.565,40.0,40.0,40.0,1.0,1.0,1185.359,303.368,0.012,11.777,0.0,80.0,55.0,1.4,1851.75,1909.453,1847.641,319.704,55.363,73.013,72.707,73.047,52.119,1.372,2.389,0.351,70.583,56.496,90.284,49.769,0.0,71.499,91.771,82.394,92.98,34.972,54.138,43.862,-10.82,52.969,97.438,72.125,75.063,55.5,56.563,0.0,47.375,72.0,70.0,1000.0,200.0,0.241,306.0,74.5,71.438,-0.052,72.125,70.938,55.844,56.5,0.0,43.625,72.0,70.0,1000.0,200.0,0.18,463.5,80.625,74.063,0.01,72.188,71.313,55.969,57.125,0.0,57.188,72.0,70.0,1000.0,200.0,0.22,512.5,75.813,76.0,0.021,72.688,70.25,56.125,57.344,0.0,59.0,72.0,70.0,1000.0,200.0,0.281,581.5,79.625,72.5,-0.004,1.0,1.0,1.0,1.0,1.0,1.0,1.0,1.0,1.0,1.0,1.0,1.0,1.0,1.0,1.0,1.0,12.63,12.647,11.726,12.32,1.0,1.0,1.0,1.0,1.0,1.0,1.0,1.0,1.0,1.0,1.0,1.0,1.0,1.0,1.0,1.0,333.25,525.0,526.0,524.5,303.0,527.5,524.0,519.0,-0.002,5.463,0.0,14.544,1.185,0.303,-0.023,0.01,-0.001,-0.004
9072007,1025,1.0,1.0,1.0,1.0,100.0,41.752,40.0,40.0,40.0,1.0,1.0,1220.498,309.224,0.022,11.747,0.0,80.0,55.0,1.4,1863.75,1934.277,1874.689,330.868,55.363,72.907,72.601,72.836,52.333,1.353,2.411,0.329,70.883,56.563,90.34,49.713,0.0,71.714,91.771,82.394,92.907,35.119,53.929,43.862,-10.828,53.0,97.313,72.125,74.75,55.688,56.563,0.0,48.188,72.0,70.0,1000.0,200.0,0.232,303.0,74.5,71.438,-0.052,72.125,71.25,55.844,56.688,0.0,43.281,72.0,70.0,1000.0,200.0,0.179,461.25,80.438,74.063,0.01,72.313,70.938,55.969,57.125,0.0,57.563,72.0,70.0,1000.0,200.0,0.231,524.5,75.813,76.0,0.021,72.875,70.375,56.125,57.344,0.0,60.25,72.0,70.0,1000.0,200.0,0.291,593.5,79.563,72.625,-0.004,1.0,1.0,1.0,1.0,1.0,1.0,1.0,1.0,1.0,1.0,1.0,1.0,1.0,1.0,1.0,1.0,12.626,12.638,11.721,12.315,1.0,1.0,1.0,1.0,1.0,1.0,1.0,1.0,1.0,1.0,1.0,1.0,1.0,1.0,1.0,1.0,333.25,525.0,526.0,524.5,303.0,525.0,524.0,519.0,-0.003,5.46,0.0,14.267,1.22,0.309,-0.023,0.009,-0.001,-0.004
9072007,1026,1.0,1.0,1.0,1.0,100.0,42.5,40.0,40.0,40.0,1.0,1.0,1256.808,310.395,0.012,11.822,0.0,80.0,55.0,1.4,1891.75,1957.496,1874.689,334.247,55.363,72.907,72.496,72.836,52.333,1.349,2.429,0.351,71.13,56.729,90.368,49.825,0.0,71.821,91.623,82.394,92.833,35.265,54.033,44.008,-10.82,53.188,97.375,72.125,74.75,55.688,56.75,0.0,47.594,72.0,70.0,1000.0,200.0,0.237,303.5,74.438,71.375,-0.052,72.0,70.938,55.844,56.688,0.0,42.406,72.0,70.0,1000.0,200.0,0.19,478.0,80.438,74.063,0.01,72.188,71.438,56.094,57.344,0.0,57.219,72.0,70.0,1000.0,200.0,0.225,519.5,75.813,76.0,0.021,73.0,70.375,56.125,57.344,0.0,61.438,72.0,70.0,1000.0,200.0,0.302,603.5,79.563,72.625,-0.004,1.0,1.0,1.0,1.0,1.0,1.0,1.0,1.0,1.0,1.0,1.0,1.0,1.0,1.0,1.0,1.0,12.627,12.647,11.727,12.318,1.0,1.0,1.0,1.0,1.0,1.0,1.0,1.0,1.0,1.0,1.0,1.0,1.0,1.0,1.0,1.0,333.5,525.0,526.0,524.5,302.75,527.0,524.5,519.0,-0.002,5.507,0.0,14.357,1.257,0.31,-0.023,0.009,-0.001,-0.004
9072007,1027,1.0,1.0,1.0,1.0,100.0,42.491,40.0,40.0,40.0,1.0,1.0,1243.924,311.567,0.012,11.747,0.0,80.0,55.0,1.4,1891.75,1945.881,1883.169,329.134,55.255,72.907,72.496,72.836,52.119,1.345,2.411,0.333,71.237,56.897,90.284,50.021,0.0,71.821,91.623,82.394,92.833,35.265,54.033,44.081,-10.82,53.125,97.313,72.0,74.563,55.688,56.563,0.0,48.125,72.0,70.0,1000.0,200.0,0.233,304.0,74.188,71.375,-0.052,72.25,70.75,55.844,56.688,0.0,43.813,72.0,70.0,1000.0,200.0,0.184,469.5,80.375,74.063,0.01,72.063,71.813,55.969,57.125,0.0,57.156,72.0,70.0,1000.0,200.0,0.226,519.0,75.813,76.0,0.019,73.0,70.375,56.125,57.344,0.0,62.063,72.0,70.0,1000.0,200.0,0.312,611.0,79.438,72.625,-0.004,1.0,1.0,1.0,1.0,1.0,1.0,1.0,1.0,1.0,1.0,1.0,1.0,1.0,1.0,1.0,1.0,12.622,12.64,11.726,12.315,1.0,1.0,1.0,1.0,1.0,1.0,1.0,1.0,1.0,1.0,1.0,1.0,1.0,1.0,1.0,1.0,333.5,525.0,525.5,524.5,303.0,527.0,524.0,518.5,-0.002,5.518,0.0,14.385,1.244,0.312,-0.021,0.009,-0.001,-0.004
9072007,1028,1.0,1.0,1.0,1.0,100.0,42.737,40.0,40.0,40.0,1.0,1.0,1263.836,312.738,0.012,11.703,0.0,80.0,55.0,1.4,1902.0,1957.496,1895.063,329.592,55.255,72.907,72.601,72.836,52.226,1.356,2.439,0.344,71.383,57.103,90.284,49.993,0.0,71.929,91.549,82.394,92.759,35.412,54.033,44.227,-10.82,52.906,97.375,72.125,74.688,55.688,56.563,0.0,47.156,72.0,70.0,1000.0,200.0,0.246,309.75,74.188,71.375,-0.052,72.125,71.0,55.938,56.688,0.0,43.438,72.0,70.0,1000.0,200.0,0.187,477.0,80.375,74.313,0.01,72.063,71.313,56.094,57.219,0.0,58.406,72.0,70.0,1000.0,200.0,0.226,518.5,75.813,76.0,0.019,72.875,70.375,56.125,57.344,0.0,62.531,72.0,70.0,1000.0,200.0,0.316,614.5,79.438,72.625,-0.004,1.0,1.0,1.0,1.0,1.0,1.0,1.0,1.0,1.0,1.0,1.0,1.0,1.0,1.0,1.0,1.0,12.622,12.634,11.724,12.306,1.0,1.0,1.0,1.0,1.0,1.0,1.0,1.0,1.0,1.0,1.0,1.0,1.0,1.0,1.0,1.0,333.25,525.0,525.0,525.0,302.75,526.5,524.0,519.0,-0.002,5.54,0.0,14.329,1.264,0.313,-0.021,0.009,-0.001,-0.004
9072007,1029,1.0,1.0,1.0,1.0,100.0,43.468,40.0,40.0,40.0,1.0,1.0,1274.378,320.937,0.022,11.792,0.0,80.0,55.0,1.4,1928.5,1964.139,1895.063,337.528,55.471,73.119,72.812,72.942,52.333,1.372,2.432,0.344,71.567,57.258,90.144,49.881,0.0,72.036,91.623,82.288,92.685,35.558,53.929,44.518,-10.82,53.031,97.313,72.125,74.875,55.813,56.563,0.0,47.188,72.0,70.0,1000.0,200.0,0.249,312.0,74.188,71.25,-0.052,72.0,71.25,55.844,56.688,0.0,43.25,72.0,70.0,1000.0,200.0,0.179,460.5,80.25,74.313,0.01,72.063,71.438,56.094,57.125,0.0,57.906,72.0,70.0,1000.0,200.0,0.23,525.0,75.813,76.0,0.024,73.0,70.375,56.125,57.344,0.0,62.688,72.0,70.0,1000.0,200.0,0.326,625.5,79.25,72.625,-0.004,1.0,1.0,1.0,1.0,1.0,1.0,1.0,1.0,1.0,1.0,1.0,1.0,1.0,1.0,1.0,1.0,12.616,12.64,11.734,12.311,1.0,1.0,1.0,1.0,1.0,1.0,1.0,1.0,1.0,1.0,1.0,1.0,1.0,1.0,1.0,1.0,333.5,525.5,525.5,525.0,303.0,526.5,524.0,518.5,-0.003,5.751,0.0,14.675,1.274,0.321,-0.022,0.009,-0.001,-0.004
9072007,1030,1.0,1.0,1.0,1.0,100.0,43.365,40.0,40.0,40.0,1.0,1.0,1293.119,323.28,0.012,11.777,0.0,80.0,55.0,1.4,1935.25,1997.411,1912.102,341.161,55.255,73.013,72.707,72.836,52.226,1.353,2.479,0.351,71.873,57.499,90.256,49.853,0.0,72.144,91.623,82.182,92.685,35.705,53.929,44.664,-10.82,53.031,97.313,72.125,74.875,55.688,56.563,0.0,48.0,72.0,70.0,1000.0,200.0,0.236,303.0,74.125,71.375,-0.052,72.0,71.25,55.844,56.688,0.0,42.625,72.0,70.0,1000.0,200.0,0.188,473.75,80.25,74.313,0.01,72.188,71.563,56.188,57.219,0.0,57.313,72.0,70.0,1000.0,200.0,0.238,531.0,75.813,76.0,0.023,73.0,70.25,56.125,57.344,0.0,63.875,72.0,70.0,1000.0,200.0,0.335,634.5,79.25,72.625,-0.004,1.0,1.0,1.0,1.0,1.0,1.0,1.0,1.0,1.0,1.0,1.0,1.0,1.0,1.0,1.0,1.0,12.614,12.634,11.727,12.31,1.0,1.0,1.0,1.0,1.0,1.0,1.0,1.0,1.0,1.0,1.0,1.0,1.0,1.0,1.0,1.0,333.75,525.0,525.5,525.0,303.0,527.0,524.0,518.5,-0.001,5.79,0.0,14.654,1.293,0.323,-0.021,0.009,-0.001,-0.004
9072007,1031,1.0,1.0,1.0,1.0,100.0,43.667,40.0,40.0,40.0,1.0,1.0,1308.346,318.594,0.012,11.777,0.0,80.0,55.0,1.4,1955.5,2005.744,1922.352,346.684,55.363,72.907,72.496,72.836,52.333,1.333,2.486,0.348,72.114,57.584,90.368,49.993,0.0,72.036,91.401,82.288,92.537,35.778,53.929,44.736,-10.82,53.094,97.313,72.125,74.438,55.813,56.563,0.0,47.406,72.0,70.0,1000.0,200.0,0.243,309.25,74.125,71.25,-0.052,72.313,71.25,55.844,56.688,0.0,44.156,72.0,70.0,1000.0,200.0,0.187,473.75,80.125,74.313,0.01,72.188,71.625,56.094,57.219,0.0,57.594,72.0,70.0,1000.0,200.0,0.24,537.5,75.813,76.0,0.02,73.063,70.063,56.125,57.438,0.0,64.875,72.0,70.0,1000.0,200.0,0.342,639.0,79.125,72.75,-0.004,1.0,1.0,1.0,1.0,1.0,1.0,1.0,1.0,1.0,1.0,1.0,1.0,1.0,1.0,1.0,1.0,12.619,12.634,11.726,12.311,1.0,1.0,1.0,1.0,1.0,1.0,1.0,1.0,1.0,1.0,1.0,1.0,1.0,1.0,1.0,1.0,333.75,525.5,525.5,525.0,303.0,527.0,524.0,518.0,-0.001,5.812,0.0,14.652,1.308,0.319,-0.022,0.008,-0.001,-0.004
9072007,1032,1.0,1.0,1.0,1.0,100.0,44.237,40.0,40.0,40.0,1.0,1.0,1339.971,327.965,0.012,11.807,0.0,80.0,55.0,1.4,1955.5,2037.464,1934.336,350.343,55.255,72.907,72.601,72.836,52.333,1.345,2.49,0.348,72.397,57.867,90.228,49.993,0.0,72.251,91.401,82.288,92.537,35.851,53.929,45.028,-10.828,53.25,97.25,72.313,74.563,55.813,56.75,0.0,47.969,72.0,70.0,1000.0,200.0,0.245,308.5,74.0,71.25,-0.052,72.25,71.125,55.844,56.688,0.0,43.156,72.0,70.0,1000.0,200.0,0.2,491.75,80.125,74.375,0.01,72.313,71.563,56.188,57.219,0.0,58.438,72.0,70.0,1000.0,200.0,0.231,528.5,75.813,76.0,0.021,73.063,70.25,56.125,57.344,0.0,65.5,72.0,70.0,1000.0,200.0,0.356,655.5,79.125,72.75,-0.004,1.0,1.0,1.0,1.0,1.0,1.0,1.0,1.0,1.0,1.0,1.0,1.0,1.0,1.0,1.0,1.0,12.596,12.62,11.714,12.292,1.0,1.0,1.0,1.0,1.0,1.0,1.0,1.0,1.0,1.0,1.0,1.0,1.0,1.0,1.0,1.0,333.25,525.5,525.0,525.5,303.0,527.0,524.0,518.5,-0.001,5.994,0.0,15.048,1.34,0.328,-0.021,0.008,-0.001,-0.004
9072007,1033,1.0,1.0,1.0,1.0,100.0,44.88,40.0,40.0,40.0,1.0,1.0,1355.198,324.451,0.012,11.762,0.0,80.0,55.0,1.4,1987.5,2044.153,1934.336,351.864,55.471,72.907,72.496,72.942,52.333,1.326,2.533,0.348,72.615,58.021,90.088,50.049,0.0,72.251,91.401,82.288,92.537,35.924,53.929,45.173,-10.828,53.0,97.313,72.125,74.188,55.813,56.75,0.0,47.594,72.0,70.0,1000.0,200.0,0.244,308.5,74.0,71.25,-0.052,72.125,71.125,55.938,56.781,0.0,44.75,72.0,70.0,1000.0,200.0,0.191,478.5,80.125,74.313,0.01,72.375,71.563,56.188,57.219,0.0,58.094,72.0,70.0,1000.0,200.0,0.247,544.0,75.813,76.0,0.021,73.063,70.375,56.219,57.344,0.0,66.375,72.0,70.0,1000.0,200.0,0.365,664.5,79.125,72.75,-0.004,1.0,1.0,1.0,1.0,1.0,1.0,1.0,1.0,1.0,1.0,1.0,1.0,1.0,1.0,1.0,1.0,12.602,12.622,11.721,12.297,1.0,1.0,1.0,1.0,1.0,1.0,1.0,1.0,1.0,1.0,1.0,1.0,1.0,1.0,1.0,1.0,333.25,525.0,525.5,525.5,302.75,527.0,524.0,518.5,-0.001,6.042,0.0,15.108,1.355,0.324,-0.021,0.008,-0.001,-0.004
9072007,1034,1.0,1.0,1.0,1.0,100.0,45.12,40.0,40.0,40.0,1.0,1.0,1334.114,336.164,0.012,11.807,0.0,80.0,55.0,1.4,2006.75,2039.136,1948.065,352.983,55.363,72.907,72.601,72.836,52.333,1.364,2.526,0.355,72.845,58.271,90.06,49.993,0.0,72.358,91.18,82.182,92.39,36.071,53.825,45.392,-10.82,53.125,97.313,72.125,74.688,55.906,56.75,0.0,47.344,72.0,70.0,1000.0,200.0,0.246,310.25,73.875,71.25,-0.052,72.0,71.125,55.938,56.781,0.0,43.625,72.0,70.0,1000.0,200.0,0.196,484.0,79.938,74.375,0.01,72.188,72.0,56.188,57.219,0.0,58.313,72.0,70.0,1000.0,200.0,0.237,535.0,75.813,76.0,0.022,73.188,70.25,56.219,57.344,0.0,67.75,72.0,70.0,1000.0,200.0,0.38,674.0,79.063,72.75,-0.004,1.0,1.0,1.0,1.0,1.0,1.0,1.0,1.0,1.0,1.0,1.0,1.0,1.0,1.0,1.0,1.0,12.602,12.612,11.712,12.29,1.0,1.0,1.0,1.0,1.0,1.0,1.0,1.0,1.0,1.0,1.0,1.0,1.0,1.0,1.0,1.0,333.0,525.5,525.5,526.0,303.0,526.0,524.5,518.5,-0.002,6.199,0.0,15.283,1.334,0.336,-0.02,0.008,-0.001,-0.004
9072007,1035,1.0,1.0,1.0,1.0,100.0,45.609,40.0,40.0,40.0,1.0,1.0,1387.994,331.479,0.012,11.822,0.0,80.0,55.0,1.4,2008.5,2062.565,1956.665,361.824,55.363,73.013,72.707,72.836,52.333,1.345,2.529,0.34,73.101,58.326,90.116,49.881,0.0,72.251,91.254,82.182,92.39,36.144,53.825,45.538,-10.82,53.188,97.25,72.125,75.125,55.906,56.75,0.0,47.5,72.0,70.0,1000.0,200.0,0.244,309.0,73.875,71.125,-0.052,72.0,71.0,55.938,56.781,0.0,44.188,72.0,70.0,1000.0,200.0,0.193,480.5,80.125,74.375,0.01,72.188,71.938,56.188,57.219,0.0,58.25,72.0,70.0,1000.0,200.0,0.245,541.5,75.813,76.0,0.017,73.188,70.063,56.219,57.344,0.0,68.5,72.0,70.0,1000.0,200.0,0.392,687.5,78.938,72.938,-0.004,1.0,1.0,1.0,1.0,1.0,1.0,1.0,1.0,1.0,1.0,1.0,1.0,1.0,1.0,1.0,1.0,12.607,12.623,11.724,12.294,1.0,1.0,1.0,1.0,1.0,1.0,1.0,1.0,1.0,1.0,1.0,1.0,1.0,1.0,1.0,1.0,333.25,525.0,525.5,526.0,303.0,526.0,524.0,518.0,-0.002,6.281,0.0,15.422,1.388,0.331,-0.021,0.008,-0.0,-0.004
9072007,1036,1.0,1.0,1.0,1.0,100.0,46.085,40.0,40.0,40.0,1.0,1.0,1396.193,352.562,0.022,11.777,0.0,80.0,55.0,1.4,2024.75,2089.397,2006.834,356.053,55.363,73.013,72.707,73.153,52.333,1.322,2.558,0.37,73.373,58.565,89.891,49.881,0.0,72.358,91.18,82.288,92.316,36.364,53.407,45.756,-10.828,53.125,97.313,72.0,75.125,55.813,56.75,0.0,47.438,72.0,70.0,1000.0,200.0,0.245,309.0,73.813,71.125,-0.052,72.125,71.0,55.938,56.781,0.0,43.125,72.0,70.0,1000.0,200.0,0.203,495.5,79.938,74.375,0.01,72.188,72.0,56.094,57.219,0.0,57.938,72.0,70.0,1000.0,200.0,0.245,541.5,75.813,76.0,0.021,73.188,70.25,56.219,57.344,0.0,69.438,72.0,70.0,1000.0,200.0,0.402,695.5,78.938,72.75,-0.004,1.0,1.0,1.0,1.0,1.0,1.0,1.0,1.0,1.0,1.0,1.0,1.0,1.0,1.0,1.0,1.0,12.607,12.622,11.721,12.295,1.0,1.0,1.0,1.0,1.0,1.0,1.0,1.0,1.0,1.0,1.0,1.0,1.0,1.0,1.0,1.0,333.25,525.5,525.0,526.5,302.75,528.0,524.0,518.5,-0.003,6.49,0.0,15.359,1.396,0.353,-0.02,0.008,-0.001,-0.004
9072007,1037,1.0,1.0,1.0,1.0,100.0,46.835,40.0,40.0,40.0,1.0,1.0,1410.249,332.65,0.012,11.762,0.0,80.0,55.0,1.4,2024.75,2077.651,1977.364,365.593,55.471,72.907,72.601,72.942,52.44,1.356,2.58,0.359,73.524,58.75,89.947,50.133,0.0,72.358,91.18,82.075,92.316,36.437,53.511,45.902,-10.82,53.313,97.313,72.125,74.438,55.906,56.906,0.0,47.625,72.0,70.0,1000.0,200.0,0.24,305.0,73.813,71.25,-0.052,72.25,71.125,56.125,56.781,0.0,44.219,72.0,70.0,1000.0,200.0,0.196,483.75,79.875,74.5,0.01,72.313,71.938,56.188,57.344,0.0,58.656,72.0,70.0,1000.0,200.0,0.247,543.5,75.563,76.0,0.021,73.063,70.375,56.219,57.344,0.0,70.188,72.0,70.0,1000.0,200.0,0.414,704.5,78.938,72.938,-0.004,1.0,1.0,1.0,1.0,1.0,1.0,1.0,1.0,1.0,1.0,1.0,1.0,1.0,1.0,1.0,1.0,12.613,12.618,11.721,12.295,1.0,1.0,1.0,1.0,1.0,1.0,1.0,1.0,1.0,1.0,1.0,1.0,1.0,1.0,1.0,1.0,333.0,525.5,525.0,527.0,302.75,526.0,524.0,518.0,-0.001,6.52,0.0,15.459,1.41,0.333,-0.02,0.008,-0.001,-0.004
9072007,1038,1.0,1.0,1.0,1.0,100.0,47.811,40.0,40.0,40.0,1.0,1.0,1443.046,337.335,0.012,11.792,0.0,80.0,55.0,1.4,2036.75,2096.114,1973.908,366.589,55.363,73.013,72.601,72.942,52.44,1.337,2.576,0.351,73.671,58.865,89.947,50.245,0.0,72.358,90.958,82.182,92.242,36.657,53.407,46.12,-10.82,53.406,97.25,72.125,74.25,55.906,56.906,0.0,47.969,72.0,70.0,1000.0,200.0,0.24,307.5,73.563,71.125,-0.052,72.0,71.125,56.125,56.781,0.0,44.531,72.0,70.0,1000.0,200.0,0.193,484.75,79.875,74.5,0.01,72.313,71.938,56.188,57.219,0.0,58.688,72.0,70.0,1000.0,200.0,0.249,548.0,75.813,76.0,0.02,73.063,70.375,56.219,57.344,0.0,71.313,72.0,70.0,1000.0,200.0,0.425,712.0,78.938,72.938,-0.004,1.0,1.0,1.0,1.0,1.0,1.0,1.0,1.0,1.0,1.0,1.0,1.0,1.0,1.0,1.0,1.0,12.616,12.627,11.724,12.305,1.0,1.0,1.0,1.0,1.0,1.0,1.0,1.0,1.0,1.0,1.0,1.0,1.0,1.0,1.0,1.0,333.0,525.5,525.5,527.5,303.0,527.5,524.0,518.5,-0.002,6.662,0.0,15.494,1.443,0.337,-0.019,0.008,-0.001,-0.004
9072007,1039,1.0,1.0,1.0,1.0,100.0,47.884,40.0,40.0,40.0,1.0,1.0,1430.161,339.678,0.022,11.807,0.0,80.0,55.0,1.4,2065.75,2094.435,1986.013,366.158,55.471,73.225,72.707,73.153,52.44,1.337,2.583,0.351,73.945,59.066,90.004,50.273,0.0,72.573,90.958,82.075,92.168,36.804,53.511,46.266,-10.82,53.406,97.188,72.0,74.188,56.0,56.906,0.0,47.625,72.0,70.0,1000.0,200.0,0.246,310.0,73.5,70.938,-0.052,72.125,71.125,55.938,56.781,0.0,44.438,72.0,70.0,1000.0,200.0,0.196,484.25,79.75,74.5,0.01,72.313,71.938,56.188,57.219,0.0,58.813,72.0,70.0,1000.0,200.0,0.251,550.5,75.813,76.0,0.02,73.0,70.25,56.219,57.344,0.0,71.563,72.0,70.0,1000.0,200.0,0.428,716.0,78.875,72.938,-0.004,1.0,1.0,1.0,1.0,1.0,1.0,1.0,1.0,1.0,1.0,1.0,1.0,1.0,1.0,1.0,1.0,12.622,12.634,11.73,12.306,1.0,1.0,1.0,1.0,1.0,1.0,1.0,1.0,1.0,1.0,1.0,1.0,1.0,1.0,1.0,1.0,333.5,525.5,526.0,527.5,303.0,527.0,524.5,518.5,-0.003,6.687,0.0,15.511,1.43,0.34,-0.02,0.008,-0.001,-0.003
9072007,1040,1.0,1.0,1.0,1.0,100.0,48.429,40.0,40.0,40.0,1.0,1.0,1448.902,350.22,0.012,11.852,0.0,80.0,55.0,1.4,2067.75,2106.197,1994.678,362.342,55.471,73.013,72.496,72.942,52.44,1.353,2.605,0.351,74.023,59.201,89.835,50.273,0.0,72.681,90.958,82.075,92.168,37.023,53.72,46.484,-10.82,53.281,97.188,72.313,74.563,55.906,56.906,0.0,47.25,72.0,70.0,1000.0,200.0,0.25,312.25,73.5,70.938,-0.052,72.0,71.25,56.125,56.781,0.0,43.688,72.0,70.0,1000.0,200.0,0.195,484.75,79.75,74.5,0.01,72.313,71.813,56.281,57.344,0.0,58.5,72.0,70.0,1000.0,200.0,0.246,543.5,75.813,76.0,0.018,72.875,69.875,56.219,57.344,0.0,71.563,72.0,70.0,1000.0,200.0,0.435,721.5,78.625,72.938,-0.004,1.0,1.0,1.0,1.0,1.0,1.0,1.0,1.0,1.0,1.0,1.0,1.0,1.0,1.0,1.0,1.0,12.621,12.625,11.718,12.298,1.0,1.0,1.0,1.0,1.0,1.0,1.0,1.0,1.0,1.0,1.0,1.0,1.0,1.0,1.0,1.0,333.0,525.5,526.0,528.0,302.75,527.5,524.5,518.5,-0.002,6.716,0.0,15.568,1.449,0.35,-0.02,0.008,-0.0,-0.003
9072007,1041,1.0,1.0,1.0,1.0,100.0,48.724,40.0,40.0,40.0,1.0,1.0,1450.073,346.706,0.022,11.852,0.0,80.0,55.0,1.4,2062.5,2116.287,1984.282,379.355,55.471,73.013,72.496,72.942,52.333,1.353,2.598,0.351,74.163,59.261,89.779,50.189,0.0,72.466,90.884,82.075,92.094,37.097,53.302,46.703,-10.82,53.125,97.125,72.313,74.563,55.906,56.906,0.0,47.344,72.0,70.0,1000.0,200.0,0.247,310.75,73.375,70.938,-0.052,72.125,71.125,56.125,56.781,0.0,44.469,72.0,70.0,1000.0,200.0,0.196,484.25,79.75,74.5,0.01,72.063,72.0,56.188,57.344,0.0,58.531,72.0,70.0,1000.0,200.0,0.252,552.0,75.813,76.0,0.021,72.688,69.813,56.219,57.344,0.0,71.875,72.0,70.0,1000.0,200.0,0.443,729.5,78.625,72.938,-0.004,1.0,1.0,1.0,1.0,1.0,1.0,1.0,1.0,1.0,1.0,1.0,1.0,1.0,1.0,1.0,1.0,12.624,12.63,11.727,12.308,1.0,1.0,1.0,1.0,1.0,1.0,1.0,1.0,1.0,1.0,1.0,1.0,1.0,1.0,1.0,1.0,333.25,525.5,526.0,528.0,302.75,526.5,524.5,519.0,-0.003,7.026,0.0,15.806,1.45,0.347,-0.019,0.008,-0.001,-0.003
9072007,1042,1.0,1.0,1.0,1.0,100.0,49.301,40.0,40.0,40.0,1.0,1.0,1445.388,346.706,0.022,11.762,0.0,80.0,55.0,1.4,2082.75,2111.241,1989.478,376.314,55.363,72.907,72.391,73.153,52.333,1.375,2.641,0.366,74.201,59.431,89.527,50.161,0.0,72.251,90.958,81.863,92.094,37.17,53.198,46.776,-10.828,53.063,97.125,72.313,74.563,55.906,56.906,0.0,47.563,72.0,70.0,1000.0,200.0,0.251,313.5,73.375,70.938,-0.052,72.0,71.125,55.938,56.781,0.0,44.563,72.0,70.0,1000.0,200.0,0.198,486.0,79.625,74.5,0.01,71.875,71.625,56.188,57.344,0.0,57.906,72.0,70.0,1000.0,200.0,0.241,539.0,75.813,76.0,0.022,72.563,69.688,56.219,57.344,0.0,71.75,72.0,70.0,1000.0,200.0,0.443,727.5,78.625,72.938,-0.004,1.0,1.0,1.0,1.0,1.0,1.0,1.0,1.0,1.0,1.0,1.0,1.0,1.0,1.0,1.0,1.0,12.616,12.627,11.722,12.3,1.0,1.0,1.0,1.0,1.0,1.0,1.0,1.0,1.0,1.0,1.0,1.0,1.0,1.0,1.0,1.0,333.25,525.5,526.0,528.5,302.75,526.0,524.5,519.0,-0.003,7.049,0.0,15.686,1.445,0.347,-0.019,0.007,-0.001,-0.003
9072007,1043,1.0,1.0,1.0,1.0,100.0,49.705,40.0,40.0,40.0,1.0,1.0,1498.097,345.534,0.022,11.837,0.0,80.0,55.0,1.4,2078.0,2139.863,2017.277,375.807,55.578,72.907,72.391,72.836,52.333,1.364,2.619,0.366,74.354,59.408,89.667,50.133,0.0,72.573,90.736,81.969,91.946,37.316,53.302,46.849,-10.82,53.125,97.063,72.313,74.875,55.906,56.906,0.0,48.063,72.0,70.0,1000.0,200.0,0.248,310.5,73.375,70.938,-0.052,72.125,71.25,55.938,56.781,0.0,43.25,72.0,70.0,1000.0,200.0,0.206,498.75,79.625,74.563,0.01,72.063,71.313,56.188,57.344,0.0,58.063,72.0,70.0,1000.0,200.0,0.251,548.0,75.813,76.125,0.021,72.5,69.688,56.219,57.344,0.0,71.313,72.0,70.0,1000.0,200.0,0.447,731.0,78.563,73.063,-0.004,1.0,1.0,1.0,1.0,1.0,1.0,1.0,1.0,1.0,1.0,1.0,1.0,1.0,1.0,1.0,1.0,12.627,12.642,11.727,12.318,1.0,1.0,1.0,1.0,1.0,1.0,1.0,1.0,1.0,1.0,1.0,1.0,1.0,1.0,1.0,1.0,333.25,525.5,526.0,529.0,303.0,526.0,525.0,519.0,-0.003,7.059,0.0,15.665,1.498,0.346,-0.019,0.007,-0.001,-0.003
9072007,1044,1.0,1.0,1.0,1.0,100.0,50.282,40.0,40.0,40.0,1.0,1.0,1447.731,352.562,0.012,11.703,0.0,80.0,55.0,1.4,2078.0,2106.197,2013.793,364.255,55.363,72.907,72.391,72.73,52.333,1.387,2.616,0.355,74.378,59.557,89.471,50.189,0.0,72.251,90.736,81.969,92.02,37.463,53.198,47.14,-10.828,53.094,97.125,72.313,74.75,55.906,56.75,0.0,47.875,72.0,70.0,1000.0,200.0,0.252,313.5,73.25,70.938,-0.052,72.0,71.25,55.938,56.781,0.0,43.531,72.0,70.0,1000.0,200.0,0.199,488.0,79.563,74.563,0.01,71.875,71.188,56.188,57.219,0.0,57.75,72.0,70.0,1000.0,200.0,0.236,531.5,75.813,76.0,0.019,72.5,69.813,56.125,57.344,0.0,71.25,72.0,70.0,1000.0,200.0,0.448,730.0,78.563,73.063,-0.004,1.0,1.0,1.0,1.0,1.0,1.0,1.0,1.0,1.0,1.0,1.0,1.0,1.0,1.0,1.0,1.0,12.621,12.632,11.721,12.308,1.0,1.0,1.0,1.0,1.0,1.0,1.0,1.0,1.0,1.0,1.0,1.0,1.0,1.0,1.0,1.0,333.0,525.5,526.0,529.0,303.0,526.0,525.0,519.0,-0.002,7.197,0.0,15.721,1.448,0.353,-0.018,0.007,-0.001,-0.003
9072007,1045,1.0,1.0,1.0,1.0,100.0,50.65,40.0,40.0,40.0,1.0,1.0,1464.129,346.706,0.022,11.837,0.0,80.0,55.0,1.4,2062.25,2114.605,1999.884,372.091,55.363,72.907,72.391,73.047,52.226,1.387,2.63,0.362,74.445,59.498,89.583,50.105,0.0,72.144,90.662,81.969,91.946,37.683,53.093,47.213,-10.82,52.969,97.063,72.125,74.25,55.813,56.906,0.0,47.406,72.0,70.0,1000.0,200.0,0.251,313.5,73.25,70.875,-0.052,72.0,71.125,55.938,56.781,0.0,43.688,72.0,70.0,1000.0,200.0,0.191,475.0,79.625,74.563,0.01,71.75,71.438,56.281,57.219,0.0,57.75,72.0,70.0,1000.0,200.0,0.252,548.0,75.813,76.125,0.018,72.5,69.5,56.125,57.281,0.0,71.688,72.0,70.0,1000.0,200.0,0.449,734.0,78.563,73.063,-0.004,1.0,1.0,1.0,1.0,1.0,1.0,1.0,1.0,1.0,1.0,1.0,1.0,1.0,1.0,1.0,1.0,12.609,12.629,11.713,12.303,1.0,1.0,1.0,1.0,1.0,1.0,1.0,1.0,1.0,1.0,1.0,1.0,1.0,1.0,1.0,1.0,333.0,525.5,526.0,529.5,302.75,526.5,525.0,519.0,-0.003,7.32,0.0,15.658,1.464,0.347,-0.018,0.007,-0.001,-0.003
9072007,1046,1.0,1.0,1.0,1.0,100.0,50.984,40.0,40.0,40.0,1.0,1.0,1445.388,350.22,0.012,11.852,0.0,80.0,55.0,1.4,2077.5,2094.435,2003.358,365.623,55.363,72.907,72.391,72.73,52.226,1.406,2.641,0.366,74.415,59.53,89.527,50.133,0.0,72.144,90.588,81.863,91.872,37.756,53.198,47.358,-10.82,52.938,97.063,72.313,74.688,55.813,56.75,0.0,47.031,72.0,70.0,1000.0,200.0,0.255,315.5,73.188,70.938,-0.052,72.0,71.125,55.938,56.781,0.0,43.469,72.0,70.0,1000.0,200.0,0.194,485.25,79.563,74.563,0.01,71.875,71.563,56.188,57.219,0.0,57.469,72.0,70.0,1000.0,200.0,0.234,531.5,75.813,76.0,0.021,72.375,69.438,56.125,57.281,0.0,71.063,72.0,70.0,1000.0,200.0,0.454,734.5,78.438,73.063,-0.004,1.0,1.0,1.0,1.0,1.0,1.0,1.0,1.0,1.0,1.0,1.0,1.0,1.0,1.0,1.0,1.0,12.596,12.601,11.699,12.28,1.0,1.0,1.0,1.0,1.0,1.0,1.0,1.0,1.0,1.0,1.0,1.0,1.0,1.0,1.0,1.0,332.5,525.5,526.0,530.0,303.0,528.0,525.0,519.5,-0.002,7.37,0.0,15.796,1.445,0.35,-0.017,0.007,-0.001,-0.003
9072007,1047,1.0,1.0,1.0,1.0,100.0,51.087,40.0,40.0,40.0,1.0,1.0,1492.24,351.391,0.012,11.926,0.0,80.0,55.0,1.4,2069.75,2139.863,2027.742,372.176,55.255,72.801,72.286,72.836,52.119,1.356,2.634,0.351,74.538,59.577,89.723,50.161,0.0,72.144,90.514,81.863,91.799,37.829,53.093,47.431,-10.82,53.031,97.0,72.313,74.563,55.813,56.906,0.0,47.906,72.0,70.0,1000.0,200.0,0.25,312.5,73.188,70.875,-0.052,72.0,71.125,55.938,56.781,0.0,42.313,72.0,70.0,1000.0,200.0,0.201,491.5,79.375,74.563,0.01,71.875,70.938,56.094,57.219,0.0,57.344,72.0,70.0,1000.0,200.0,0.249,547.5,75.813,76.125,0.023,72.063,69.5,56.125,57.281,0.0,71.188,72.0,70.0,1000.0,200.0,0.448,733.0,78.438,73.063,-0.004,1.0,1.0,1.0,1.0,1.0,1.0,1.0,1.0,1.0,1.0,1.0,1.0,1.0,1.0,1.0,1.0,12.614,12.623,11.719,12.297,1.0,1.0,1.0,1.0,1.0,1.0,1.0,1.0,1.0,1.0,1.0,1.0,1.0,1.0,1.0,1.0,333.25,525.5,526.0,530.0,302.75,527.5,525.0,519.5,-0.002,7.502,0.0,15.894,1.492,0.351,-0.018,0.007,-0.001,-0.003
9072007,1048,1.0,1.0,1.0,1.0,100.0,51.733,40.0,40.0,40.0,1.0,1.0,1472.328,349.048,0.022,11.852,0.0,80.0,55.0,1.4,2069.75,2131.438,2006.834,388.59,55.363,72.907,72.286,72.73,52.119,1.387,2.652,0.362,74.49,59.589,89.667,50.105,0.0,72.144,90.514,81.757,91.799,38.049,53.093,47.431,-10.82,53.281,96.938,72.125,74.563,55.813,56.75,0.0,47.656,72.0,70.0,1000.0,200.0,0.254,315.75,73.188,70.875,-0.052,72.125,71.313,55.844,56.688,0.0,42.969,72.0,70.0,1000.0,200.0,0.204,493.0,79.375,74.563,0.01,72.063,71.625,56.094,57.125,0.0,58.719,72.0,70.0,1000.0,200.0,0.242,538.5,75.813,76.0,0.021,72.313,69.438,56.125,57.281,0.0,71.75,72.0,70.0,1000.0,200.0,0.445,730.0,78.438,73.063,-0.004,1.0,1.0,1.0,1.0,1.0,1.0,1.0,1.0,1.0,1.0,1.0,1.0,1.0,1.0,1.0,1.0,12.602,12.622,11.716,12.29,1.0,1.0,1.0,1.0,1.0,1.0,1.0,1.0,1.0,1.0,1.0,1.0,1.0,1.0,1.0,1.0,333.0,525.5,526.0,530.0,302.75,526.5,525.0,519.5,-0.003,7.391,0.0,15.433,1.472,0.349,-0.018,0.007,-0.001,-0.003
9072007,1049,1.0,1.0,1.0,1.0,100.0,51.832,40.0,40.0,40.0,1.0,1.0,1472.328,356.076,0.012,11.896,0.0,80.0,55.0,1.4,2074.5,2121.335,2017.277,370.965,55.255,72.801,72.286,72.73,52.226,1.391,2.641,0.384,74.533,59.628,89.583,50.133,0.0,72.036,90.44,81.863,91.725,37.976,53.093,47.65,-10.82,53.0,97.063,72.125,75.063,55.813,56.75,0.0,47.438,72.0,70.0,1000.0,200.0,0.253,314.25,73.0,70.75,-0.052,72.0,71.25,55.938,56.688,0.0,42.719,72.0,70.0,1000.0,200.0,0.199,489.0,79.375,74.688,0.01,71.875,71.938,56.188,57.219,0.0,58.594,72.0,70.0,1000.0,200.0,0.245,539.5,75.813,76.0,0.016,72.313,69.25,56.125,57.281,0.0,71.438,72.0,70.0,1000.0,200.0,0.451,736.0,78.313,73.125,-0.004,1.0,1.0,1.0,1.0,1.0,1.0,1.0,1.0,1.0,1.0,1.0,1.0,1.0,1.0,1.0,1.0,12.618,12.627,11.732,12.303,1.0,1.0,1.0,1.0,1.0,1.0,1.0,1.0,1.0,1.0,1.0,1.0,1.0,1.0,1.0,1.0,333.5,525.5,526.0,530.5,303.0,525.5,525.0,519.5,-0.002,7.613,0.0,15.973,1.472,0.356,-0.017,0.007,-0.0,-0.003
9072007,1050,1.0,1.0,1.0,1.0,100.0,52.243,40.0,40.0,40.0,1.0,1.0,1484.041,351.391,0.012,11.852,0.0,80.0,55.0,1.4,2083.25,2133.122,2017.277,371.86,55.255,72.801,72.391,72.73,52.119,1.368,2.63,0.359,74.586,59.639,89.583,50.105,0.0,72.144,90.366,81.757,91.577,38.122,52.989,47.723,-10.82,53.063,97.0,72.125,74.188,55.813,56.75,0.0,47.656,72.0,70.0,1000.0,200.0,0.25,312.75,73.0,70.75,-0.052,72.125,71.25,55.844,56.688,0.0,43.844,72.0,70.0,1000.0,200.0,0.198,487.0,79.375,74.688,0.01,72.375,71.438,56.094,57.219,0.0,57.75,72.0,70.0,1000.0,200.0,0.256,553.5,75.813,76.125,0.022,72.313,69.438,56.125,57.281,0.0,71.875,72.0,70.0,1000.0,200.0,0.451,735.0,78.313,73.125,-0.004,1.0,1.0,1.0,1.0,1.0,1.0,1.0,1.0,1.0,1.0,1.0,1.0,1.0,1.0,1.0,1.0,12.613,12.625,11.726,12.298,1.0,1.0,1.0,1.0,1.0,1.0,1.0,1.0,1.0,1.0,1.0,1.0,1.0,1.0,1.0,1.0,333.25,525.5,526.0,530.5,302.75,526.5,525.0,519.5,-0.002,7.654,0.0,15.793,1.484,0.351,-0.017,0.007,-0.001,-0.003
9072007,1051,1.0,1.0,1.0,1.0,100.0,52.571,40.0,40.0,40.0,1.0,1.0,1505.125,353.734,0.012,11.896,0.0,80.0,55.0,1.4,2088.25,2148.293,2024.251,376.588,55.255,72.695,72.286,72.73,52.119,1.368,2.634,0.366,74.673,59.711,89.639,50.245,0.0,72.144,90.44,81.757,91.503,38.196,52.989,47.795,-10.82,53.0,97.0,72.125,74.188,55.813,56.75,0.0,47.688,72.0,70.0,1000.0,200.0,0.25,313.0,72.875,70.75,-0.052,72.25,71.25,55.844,56.781,0.0,44.344,72.0,70.0,1000.0,200.0,0.197,487.25,79.25,74.688,0.01,72.188,71.625,56.094,57.219,0.0,58.25,72.0,70.0,1000.0,200.0,0.26,557.0,75.813,76.0,0.021,72.313,69.438,56.125,57.281,0.0,72.188,72.0,70.0,1000.0,200.0,0.452,736.5,78.25,73.125,-0.004,1.0,1.0,1.0,1.0,1.0,1.0,1.0,1.0,1.0,1.0,1.0,1.0,1.0,1.0,1.0,1.0,12.601,12.615,11.719,12.29,1.0,1.0,1.0,1.0,1.0,1.0,1.0,1.0,1.0,1.0,1.0,1.0,1.0,1.0,1.0,1.0,333.0,525.5,526.0,531.0,302.75,526.5,525.0,519.5,-0.001,7.719,0.0,15.848,1.505,0.354,-0.016,0.007,-0.001,-0.003
9072007,1052,1.0,1.0,1.0,1.0,100.0,53.335,40.0,40.0,40.0,1.0,1.0,1523.865,347.877,0.012,11.822,0.0,80.0,55.0,1.4,2090.5,2139.863,2020.763,378.597,55.255,72.801,72.391,72.836,52.226,1.372,2.663,0.355,74.73,59.721,89.695,50.077,0.0,72.251,90.292,81.757,91.577,38.342,52.884,47.868,-10.82,53.094,97.0,72.0,74.438,55.813,56.563,0.0,47.781,72.0,70.0,1000.0,200.0,0.25,312.75,72.875,70.75,-0.052,72.125,71.25,55.75,56.688,0.0,43.625,72.0,70.0,1000.0,200.0,0.208,502.25,79.25,74.688,0.01,72.063,71.563,56.094,57.219,0.0,58.188,72.0,70.0,1000.0,200.0,0.252,549.0,75.813,76.125,0.022,72.375,69.25,56.063,57.281,0.0,73.125,72.0,70.0,1000.0,200.0,0.449,734.5,78.25,73.125,-0.004,1.0,1.0,1.0,1.0,1.0,1.0,1.0,1.0,1.0,1.0,1.0,1.0,1.0,1.0,1.0,1.0,12.613,12.625,11.734,12.298,1.0,1.0,1.0,1.0,1.0,1.0,1.0,1.0,1.0,1.0,1.0,1.0,1.0,1.0,1.0,1.0,333.5,525.5,526.0,531.0,303.0,527.5,525.0,519.5,-0.002,7.744,0.0,15.629,1.524,0.348,-0.016,0.007,-0.001,-0.003
9072007,1053,1.0,1.0,1.0,1.0,100.0,53.183,40.0,40.0,40.0,1.0,1.0,1514.495,353.734,0.022,11.926,0.0,80.0,55.0,1.4,2102.25,2144.92,2029.489,375.724,55.255,72.801,72.286,72.942,52.119,1.383,2.648,0.362,74.79,59.818,89.639,50.105,0.0,72.251,90.366,81.651,91.577,38.489,52.884,48.087,-10.82,53.063,97.0,72.0,74.563,55.813,56.563,0.0,47.844,72.0,70.0,1000.0,200.0,0.251,313.0,72.813,70.75,-0.052,72.0,71.563,55.844,56.688,0.0,43.938,72.0,70.0,1000.0,200.0,0.201,489.25,79.25,74.688,0.01,72.063,70.813,56.094,57.219,0.0,58.0,72.0,70.0,1000.0,200.0,0.252,550.5,75.813,76.0,0.021,72.313,69.25,56.063,57.281,0.0,72.438,72.0,70.0,1000.0,200.0,0.467,748.5,78.25,73.063,-0.004,1.0,1.0,1.0,1.0,1.0,1.0,1.0,1.0,1.0,1.0,1.0,1.0,1.0,1.0,1.0,1.0,12.618,12.634,11.737,12.305,1.0,1.0,1.0,1.0,1.0,1.0,1.0,1.0,1.0,1.0,1.0,1.0,1.0,1.0,1.0,1.0,333.5,525.5,526.0,531.5,303.25,527.0,525.0,519.5,-0.003,7.952,0.0,15.885,1.514,0.354,-0.016,0.007,-0.001,-0.003
9072007,1054,1.0,1.0,1.0,1.0,100.0,53.497,40.0,40.0,40.0,1.0,1.0,1495.754,353.734,0.012,11.852,0.0,80.0,55.0,1.4,2102.25,2144.92,2029.489,375.306,55.255,72.801,72.286,72.73,52.119,1.391,2.655,0.351,74.82,59.82,89.639,50.105,0.0,72.251,90.218,81.651,91.503,38.562,52.884,48.16,-10.828,53.188,97.063,72.0,74.875,55.813,56.75,0.0,48.0,72.0,70.0,1000.0,200.0,0.25,312.75,72.813,70.75,-0.052,72.0,71.25,55.938,56.688,0.0,42.969,72.0,70.0,1000.0,200.0,0.198,487.5,79.125,74.688,0.01,72.063,71.438,56.094,57.219,0.0,58.125,72.0,70.0,1000.0,200.0,0.252,549.5,75.813,76.125,0.021,72.313,69.25,56.125,57.281,0.0,72.563,72.0,70.0,1000.0,200.0,0.466,747.0,78.063,73.125,-0.004,1.0,1.0,1.0,1.0,1.0,1.0,1.0,1.0,1.0,1.0,1.0,1.0,1.0,1.0,1.0,1.0,12.63,12.64,11.742,12.318,1.0,1.0,1.0,1.0,1.0,1.0,1.0,1.0,1.0,1.0,1.0,1.0,1.0,1.0,1.0,1.0,333.75,526.0,526.0,531.5,302.75,526.5,525.0,519.5,-0.002,7.943,0.0,15.786,1.496,0.354,-0.016,0.006,-0.001,-0.003
9072007,1055,1.0,1.0,1.0,1.0,100.0,53.754,40.0,40.0,40.0,1.0,1.0,1519.18,354.905,0.012,11.866,0.0,80.0,55.0,1.4,2100.25,2151.667,2022.507,384.029,55.255,72.801,72.286,72.73,52.226,1.368,2.652,0.355,74.887,59.887,89.695,50.105,0.0,72.251,90.144,81.651,91.429,38.562,52.989,48.16,-10.828,53.125,97.0,72.0,74.188,55.813,56.75,0.0,47.563,72.0,70.0,1000.0,200.0,0.25,313.25,72.688,70.75,-0.052,71.875,71.313,55.844,56.688,0.0,44.156,72.0,70.0,1000.0,200.0,0.197,486.5,79.125,74.875,0.01,72.188,71.563,56.094,57.219,0.0,58.156,72.0,70.0,1000.0,200.0,0.262,563.5,75.813,76.0,0.021,72.313,69.25,56.063,57.188,0.0,73.0,72.0,70.0,1000.0,200.0,0.464,746.5,78.0,73.125,-0.004,1.0,1.0,1.0,1.0,1.0,1.0,1.0,1.0,1.0,1.0,1.0,1.0,1.0,1.0,1.0,1.0,12.635,12.653,11.74,12.323,1.0,1.0,1.0,1.0,1.0,1.0,1.0,1.0,1.0,1.0,1.0,1.0,1.0,1.0,1.0,1.0,333.75,525.5,526.5,532.0,302.75,528.0,525.0,519.5,-0.002,7.894,0.0,15.804,1.519,0.355,-0.015,0.006,-0.001,-0.003
9072007,1056,1.0,1.0,1.0,1.0,100.0,54.311,40.0,40.0,40.0,1.0,1.0,1501.611,347.877,0.012,11.896,0.0,80.0,55.0,1.4,2102.5,2141.549,2029.489,379.972,55.363,72.801,72.286,72.73,52.226,1.379,2.634,0.362,74.904,59.922,89.527,50.217,0.0,72.251,90.218,81.544,91.429,38.708,52.989,48.305,-10.82,53.125,97.125,72.0,74.25,55.813,56.563,0.0,47.531,72.0,70.0,1000.0,200.0,0.251,313.0,72.813,70.75,-0.052,71.875,71.313,55.844,56.688,0.0,42.531,72.0,70.0,1000.0,200.0,0.199,488.5,79.063,74.875,0.01,71.875,71.813,56.094,57.219,0.0,59.781,72.0,70.0,1000.0,200.0,0.253,550.5,75.938,76.0,0.021,72.313,69.188,56.125,57.188,0.0,73.375,72.0,70.0,1000.0,200.0,0.467,747.5,78.063,73.125,-0.004,1.0,1.0,1.0,1.0,1.0,1.0,1.0,1.0,1.0,1.0,1.0,1.0,1.0,1.0,1.0,1.0,12.64,12.643,11.734,12.318,1.0,1.0,1.0,1.0,1.0,1.0,1.0,1.0,1.0,1.0,1.0,1.0,1.0,1.0,1.0,1.0,333.5,526.0,526.5,532.0,303.0,526.0,525.5,519.5,-0.002,7.994,0.0,15.842,1.502,0.348,-0.016,0.006,-0.0,-0.003
9072007,1057,1.0,1.0,1.0,1.0,100.0,54.616,40.0,40.0,40.0,1.0,1.0,1494.583,354.905,0.022,11.926,0.0,80.0,55.0,1.4,2102.0,2138.177,2027.742,371.788,55.148,72.695,72.286,72.73,52.226,1.398,2.688,0.373,74.944,59.963,89.527,50.161,0.0,72.251,89.996,81.544,91.355,38.782,52.884,48.378,-10.82,53.031,97.0,72.0,74.688,55.813,56.75,0.0,47.156,72.0,70.0,1000.0,200.0,0.253,314.5,72.688,70.5,-0.052,72.0,71.313,55.844,56.688,0.0,43.219,72.0,70.0,1000.0,200.0,0.192,477.75,79.063,74.875,0.01,71.875,71.438,56.188,57.125,0.0,58.531,72.0,70.0,1000.0,200.0,0.257,554.5,75.813,76.0,0.021,72.063,69.188,56.063,57.188,0.0,73.813,72.0,70.0,1000.0,200.0,0.469,750.0,78.0,73.125,-0.004,1.0,1.0,1.0,1.0,1.0,1.0,1.0,1.0,1.0,1.0,1.0,1.0,1.0,1.0,1.0,1.0,12.65,12.665,11.757,12.338,1.0,1.0,1.0,1.0,1.0,1.0,1.0,1.0,1.0,1.0,1.0,1.0,1.0,1.0,1.0,1.0,333.75,526.0,526.5,532.0,303.0,527.5,525.5,519.5,-0.004,8.115,0.0,15.88,1.495,0.355,-0.017,0.006,-0.001,-0.003
9072007,1058,1.0,1.0,1.0,1.0,100.0,54.815,40.0,40.0,40.0,1.0,1.0,1465.3,353.734,0.012,11.807,0.0,80.0,55.0,1.4,2102.0,2133.122,2019.02,376.703,55.255,72.695,72.286,72.73,52.119,1.406,2.663,0.362,74.944,59.946,89.527,50.133,0.0,72.251,89.996,81.544,91.282,38.928,52.884,48.451,-10.82,53.063,97.063,72.0,74.125,55.688,56.563,0.0,46.75,72.0,70.0,1000.0,200.0,0.254,315.75,72.563,70.625,-0.052,72.125,71.25,55.844,56.688,0.0,43.0,72.0,70.0,1000.0,200.0,0.199,491.25,79.063,74.875,0.01,71.875,71.0,56.094,57.125,0.0,58.313,72.0,70.0,1000.0,200.0,0.241,537.5,75.813,76.125,0.022,72.0,69.188,56.125,57.188,0.0,71.563,72.0,70.0,1000.0,200.0,0.472,750.5,78.0,73.188,-0.004,1.0,1.0,1.0,1.0,1.0,1.0,1.0,1.0,1.0,1.0,1.0,1.0,1.0,1.0,1.0,1.0,12.638,12.643,11.743,12.318,1.0,1.0,1.0,1.0,1.0,1.0,1.0,1.0,1.0,1.0,1.0,1.0,1.0,1.0,1.0,1.0,333.75,526.0,526.5,532.0,302.75,527.5,525.5,519.5,-0.002,8.057,0.0,15.601,1.465,0.354,-0.015,0.006,-0.001,-0.003
9072007,1059,1.0,1.0,1.0,1.0,100.0,55.09,40.0,40.0,40.0,1.0,1.0,1506.296,353.734,0.012,11.881,0.0,80.0,55.0,1.4,2090.25,2143.234,2010.313,374.193,55.255,72.695,72.391,72.625,52.119,1.383,2.695,0.373,74.933,59.952,89.359,50.217,0.0,72.036,89.996,81.544,91.282,39.002,52.78,48.597,-10.82,52.969,96.938,72.0,74.563,55.813,56.75,0.0,48.438,72.0,70.0,1000.0,200.0,0.239,305.25,72.563,70.75,-0.052,72.125,71.25,55.844,56.688,0.0,43.625,72.0,70.0,1000.0,200.0,0.2,492.25,79.063,74.938,0.01,72.063,71.0,56.094,57.125,0.0,57.938,72.0,70.0,1000.0,200.0,0.257,554.5,75.813,76.0,0.021,72.0,69.063,56.063,57.188,0.0,72.688,72.0,70.0,1000.0,200.0,0.452,735.5,78.0,73.188,-0.004,1.0,1.0,1.0,1.0,1.0,1.0,1.0,1.0,1.0,1.0,1.0,1.0,1.0,1.0,1.0,1.0,12.643,12.643,11.742,12.322,1.0,1.0,1.0,1.0,1.0,1.0,1.0,1.0,1.0,1.0,1.0,1.0,1.0,1.0,1.0,1.0,333.75,526.0,526.5,532.5,303.0,527.0,525.5,519.5,-0.002,8.274,0.0,15.817,1.506,0.354,-0.014,0.006,-0.001,-0.003
9072007,1100,1.0,1.0,1.0,1.0,100.0,55.095,40.0,40.0,40.0,1.0,1.0,1534.407,349.048,0.022,11.881,0.0,80.0,55.0,1.4,2092.0,2148.293,2015.535,384.944,55.148,72.695,72.286,72.625,52.012,1.383,2.648,0.355,74.938,59.953,89.527,50.245,0.0,71.929,89.922,81.544,91.208,38.928,52.675,48.597,-10.82,53.063,96.938,72.0,74.25,55.688,56.563,0.0,47.281,72.0,70.0,1000.0,200.0,0.251,313.5,72.563,70.625,-0.052,72.125,71.125,55.844,56.688,0.0,43.25,72.0,70.0,1000.0,200.0,0.207,495.5,78.938,74.938,0.01,72.063,71.563,56.094,57.125,0.0,58.656,72.0,70.0,1000.0,200.0,0.251,551.5,75.813,76.125,0.017,71.938,69.063,56.063,57.188,0.0,72.125,72.0,70.0,1000.0,200.0,0.461,743.5,77.875,73.188,-0.004,1.0,1.0,1.0,1.0,1.0,1.0,1.0,1.0,1.0,1.0,1.0,1.0,1.0,1.0,1.0,1.0,12.651,12.656,11.754,12.331,1.0,1.0,1.0,1.0,1.0,1.0,1.0,1.0,1.0,1.0,1.0,1.0,1.0,1.0,1.0,1.0,334.0,526.0,526.5,532.5,303.0,527.5,525.5,520.0,-0.003,8.357,0.0,15.94,1.534,0.349,-0.015,0.006,-0.001,-0.003
9072007,1101,1.0,1.0,1.0,1.0,100.0,55.339,40.0,40.0,40.0,1.0,1.0,1471.157,354.905,0.012,11.926,0.0,80.0,55.0,1.4,2092.0,2119.652,2010.313,377.74,55.148,72.589,72.181,72.625,52.012,1.406,2.706,0.362,74.947,59.967,89.471,50.189,0.0,71.714,89.922,81.438,91.134,39.075,52.675,48.597,-10.828,53.031,97.0,72.125,74.688,55.688,56.563,0.0,47.0,72.0,70.0,1000.0,200.0,0.254,315.0,72.563,70.625,-0.052,71.75,71.25,55.844,56.688,0.0,42.375,72.0,70.0,1000.0,200.0,0.207,496.25,78.938,74.875,0.01,71.875,71.188,55.969,57.125,0.0,58.188,72.0,70.0,1000.0,200.0,0.241,536.5,75.813,76.125,0.018,71.938,68.875,56.063,57.188,0.0,71.188,72.0,70.0,1000.0,200.0,0.462,743.0,77.875,73.188,-0.004,1.0,1.0,1.0,1.0,1.0,1.0,1.0,1.0,1.0,1.0,1.0,1.0,1.0,1.0,1.0,1.0,12.662,12.659,11.762,12.331,1.0,1.0,1.0,1.0,1.0,1.0,1.0,1.0,1.0,1.0,1.0,1.0,1.0,1.0,1.0,1.0,334.25,526.0,526.5,532.5,303.0,527.5,525.5,520.0,-0.002,8.35,0.0,15.756,1.471,0.355,-0.015,0.006,-0.001,-0.003
9072007,1102,1.0,1.0,1.0,1.0,100.0,55.765,40.0,40.0,40.0,1.0,1.0,1489.898,351.391,0.022,11.941,0.0,80.0,55.0,1.4,2087.0,2138.177,2015.535,384.875,55.255,72.589,72.181,72.625,52.012,1.391,2.677,0.362,74.922,59.929,89.527,50.133,0.0,71.606,89.7,81.438,90.912,39.148,52.675,48.597,-10.82,53.094,97.0,72.0,74.75,55.688,56.563,0.0,47.906,72.0,70.0,1000.0,200.0,0.242,306.75,72.438,70.625,-0.052,71.875,71.125,55.844,56.688,0.0,42.281,72.0,70.0,1000.0,200.0,0.205,496.25,78.938,74.938,0.01,71.875,70.813,56.094,57.125,0.0,57.938,72.0,70.0,1000.0,200.0,0.253,553.0,75.813,76.125,0.02,71.938,68.875,56.063,57.188,0.0,71.125,72.0,70.0,1000.0,200.0,0.456,739.0,77.75,73.188,-0.004,1.0,1.0,1.0,1.0,1.0,1.0,1.0,1.0,1.0,1.0,1.0,1.0,1.0,1.0,1.0,1.0,12.648,12.655,11.754,12.328,1.0,1.0,1.0,1.0,1.0,1.0,1.0,1.0,1.0,1.0,1.0,1.0,1.0,1.0,1.0,1.0,333.75,526.0,526.5,532.5,302.75,527.0,525.5,520.0,-0.003,8.341,0.0,15.655,1.49,0.351,-0.014,0.006,-0.001,-0.003
9072007,1103,1.0,1.0,1.0,1.0,100.0,55.727,40.0,40.0,40.0,1.0,1.0,1453.587,345.534,0.012,11.881,0.0,80.0,55.0,1.4,2088.75,2102.835,2005.095,377.812,55.148,72.589,72.181,72.519,52.012,1.436,2.659,0.351,74.863,59.94,89.415,50.021,0.0,71.606,89.774,81.438,91.06,39.075,52.78,48.597,-10.82,53.0,96.938,72.0,74.688,55.688,56.563,0.0,47.75,72.0,70.0,1000.0,200.0,0.251,314.0,72.563,70.5,-0.052,71.875,71.0,55.844,56.5,0.0,42.688,72.0,70.0,1000.0,200.0,0.196,482.5,78.938,74.938,0.01,71.688,71.563,55.969,57.125,0.0,57.656,72.0,70.0,1000.0,200.0,0.235,532.5,75.813,76.125,0.021,71.813,68.875,56.063,57.188,0.0,70.625,72.0,70.0,1000.0,200.0,0.458,738.5,77.75,73.188,-0.004,1.0,1.0,1.0,1.0,1.0,1.0,1.0,1.0,1.0,1.0,1.0,1.0,1.0,1.0,1.0,1.0,12.655,12.665,11.764,12.34,1.0,1.0,1.0,1.0,1.0,1.0,1.0,1.0,1.0,1.0,1.0,1.0,1.0,1.0,1.0,1.0,334.25,526.0,526.5,532.5,303.0,527.0,526.0,520.0,-0.002,8.255,0.0,15.697,1.454,0.346,-0.016,0.006,-0.001,-0.003
9072007,1104,1.0,1.0,1.0,1.0,100.0,56.071,40.0,40.0,40.0,1.0,1.0,1452.416,346.706,0.012,11.956,0.0,80.0,55.0,1.4,2067.25,2111.241,2005.095,372.863,55.04,72.482,72.076,72.519,51.905,1.406,2.674,0.373,74.801,59.835,89.387,50.105,0.0,71.499,89.7,81.332,90.912,39.221,52.675,48.597,-10.82,53.063,96.938,72.125,74.438,55.688,56.438,0.0,47.313,72.0,70.0,1000.0,200.0,0.256,316.0,72.438,70.5,-0.052,71.875,71.125,55.75,56.5,0.0,43.625,72.0,70.0,1000.0,200.0,0.189,475.0,78.75,74.938,0.01,71.875,70.813,55.969,57.125,0.0,57.219,72.0,70.0,1000.0,200.0,0.253,552.5,75.813,76.0,0.019,71.813,68.875,56.063,57.188,0.0,70.188,72.0,70.0,1000.0,200.0,0.44,725.0,77.75,73.188,-0.004,1.0,1.0,1.0,1.0,1.0,1.0,1.0,1.0,1.0,1.0,1.0,1.0,1.0,1.0,1.0,1.0,12.648,12.653,11.749,12.328,1.0,1.0,1.0,1.0,1.0,1.0,1.0,1.0,1.0,1.0,1.0,1.0,1.0,1.0,1.0,1.0,333.75,526.0,527.0,533.0,302.75,527.5,525.5,520.0,-0.002,8.332,0.0,15.553,1.452,0.347,-0.015,0.006,-0.001,-0.003
9072007,1105,1.0,1.0,1.0,1.0,100.0,55.746,40.0,40.0,40.0,1.0,1.0,1452.416,356.076,0.012,11.926,0.0,80.0,55.0,1.4,2062.75,2104.516,1999.884,366.405,55.04,72.482,72.076,72.413,51.905,1.448,2.637,0.366,74.666,59.796,89.302,50.245,0.0,71.392,89.774,81.226,90.986,38.708,52.675,48.597,-10.828,53.0,97.0,72.0,74.25,55.688,56.563,0.0,46.844,72.0,70.0,1000.0,200.0,0.26,317.25,72.438,70.5,-0.052,72.0,70.938,55.75,56.5,0.0,43.563,72.0,70.0,1000.0,200.0,0.189,476.0,78.688,74.938,0.01,71.75,71.313,55.875,57.0,0.0,57.531,72.0,70.0,1000.0,200.0,0.236,533.0,75.938,76.125,0.022,71.813,68.813,55.844,56.969,0.0,69.938,72.0,70.0,1000.0,200.0,0.442,730.0,77.688,73.188,-0.004,1.0,1.0,1.0,1.0,1.0,1.0,1.0,1.0,1.0,1.0,1.0,1.0,1.0,1.0,1.0,1.0,12.65,12.658,11.752,12.331,1.0,1.0,1.0,1.0,1.0,1.0,1.0,1.0,1.0,1.0,1.0,1.0,1.0,1.0,1.0,1.0,334.25,526.0,527.0,532.5,303.0,527.5,525.5,520.0,-0.002,8.444,0.0,16.365,1.452,0.356,-0.015,0.005,-0.001,-0.003
9072007,1106,1.0,1.0,1.0,1.0,100.0,55.539,40.0,40.0,40.0,1.0,1.0,1451.245,344.363,0.012,11.941,0.0,80.0,55.0,1.4,2052.25,2092.755,1989.478,370.572,54.932,72.482,72.076,72.413,51.69,1.429,2.634,0.359,74.544,59.697,88.91,49.993,0.0,71.284,89.626,81.332,90.912,37.829,52.153,48.014,-10.82,53.125,96.938,72.125,74.563,55.5,56.438,0.0,48.156,72.0,70.0,1000.0,200.0,0.246,311.0,72.438,70.5,-0.052,72.0,70.938,55.625,56.5,0.0,43.469,72.0,70.0,1000.0,200.0,0.189,476.0,78.75,75.063,0.01,71.875,71.0,55.875,57.0,0.0,57.156,72.0,70.0,1000.0,200.0,0.239,538.0,75.938,76.125,0.021,71.813,68.813,55.844,56.969,0.0,70.313,72.0,70.0,1000.0,200.0,0.437,722.5,77.688,73.313,-0.004,1.0,1.0,1.0,1.0,1.0,1.0,1.0,1.0,1.0,1.0,1.0,1.0,1.0,1.0,1.0,1.0,12.629,12.643,11.737,12.316,1.0,1.0,1.0,1.0,1.0,1.0,1.0,1.0,1.0,1.0,1.0,1.0,1.0,1.0,1.0,1.0,333.5,526.0,526.5,532.5,303.0,527.0,526.0,520.0,-0.002,8.491,0.0,16.881,1.451,0.344,-0.015,0.005,-0.001,-0.003
9072007,1107,1.0,1.0,1.0,1.0,100.0,55.441,40.0,40.0,40.0,1.0,1.0,1469.985,350.22,0.022,11.866,0.0,80.0,55.0,1.4,2052.25,2123.018,2005.095,371.005,54.932,72.482,72.076,72.413,51.69,1.383,2.652,0.348,74.573,59.635,88.938,49.909,0.0,71.499,89.626,81.332,90.838,37.683,51.944,47.723,-10.82,53.063,96.813,72.125,74.188,55.281,56.344,0.0,47.719,72.0,70.0,1000.0,200.0,0.253,315.0,72.188,70.5,-0.052,72.0,71.125,55.531,56.406,0.0,42.969,72.0,70.0,1000.0,200.0,0.206,496.75,78.75,74.938,0.01,71.875,71.0,55.656,56.813,0.0,56.844,72.0,70.0,1000.0,200.0,0.242,538.0,75.813,76.125,0.016,71.688,68.813,55.75,56.969,0.0,70.188,72.0,70.0,1000.0,200.0,0.426,714.0,77.688,73.313,-0.004,1.0,1.0,1.0,1.0,1.0,1.0,1.0,1.0,1.0,1.0,1.0,1.0,1.0,1.0,1.0,1.0,12.638,12.642,11.737,12.318,1.0,1.0,1.0,1.0,1.0,1.0,1.0,1.0,1.0,1.0,1.0,1.0,1.0,1.0,1.0,1.0,333.75,526.5,526.5,533.0,303.0,527.5,525.5,520.0,-0.003,8.354,0.0,16.537,1.47,0.35,-0.013,0.006,-0.001,-0.003
9072007,1108,1.0,1.0,1.0,1.0,100.0,54.68,40.0,40.0,40.0,1.0,1.0,1416.105,349.048,0.022,11.911,0.0,80.0,55.0,1.4,2059.5,2081.006,1982.552,363.186,54.61,72.482,71.971,72.413,51.369,1.452,2.645,0.359,74.458,59.662,88.91,49.853,0.0,71.284,89.552,81.332,90.838,37.39,51.735,47.577,-10.82,52.969,96.938,72.125,74.688,55.281,56.25,0.0,47.219,72.0,70.0,1000.0,200.0,0.259,318.25,72.313,70.375,-0.052,72.0,71.125,55.344,56.313,0.0,42.531,72.0,70.0,1000.0,200.0,0.203,493.0,78.563,75.063,0.01,71.75,70.688,55.625,56.813,0.0,57.125,72.0,70.0,1000.0,200.0,0.227,522.0,75.813,76.125,0.018,71.688,68.688,55.75,56.844,0.0,68.25,72.0,70.0,1000.0,200.0,0.428,715.0,77.5,73.313,-0.004,1.0,1.0,1.0,1.0,1.0,1.0,1.0,1.0,1.0,1.0,1.0,1.0,1.0,1.0,1.0,1.0,12.619,12.634,11.729,12.308,1.0,1.0,1.0,1.0,1.0,1.0,1.0,1.0,1.0,1.0,1.0,1.0,1.0,1.0,1.0,1.0,333.25,526.0,527.0,533.0,303.0,527.5,525.5,520.0,-0.003,8.459,0.0,16.844,1.416,0.349,-0.015,0.005,-0.001,-0.002
9072007,1109,1.0,1.0,1.0,1.0,100.0,53.701,40.0,40.0,40.0,1.0,1.0,1433.675,349.048,0.012,11.956,0.0,80.0,55.0,1.4,2039.5,2072.62,1982.552,369.224,54.502,72.482,72.076,72.413,51.262,1.448,2.619,0.362,74.302,59.53,88.938,49.516,0.0,71.392,89.478,81.332,90.765,37.17,51.631,47.358,-10.82,52.938,96.875,72.0,74.688,55.094,56.125,0.0,47.25,72.0,70.0,1000.0,200.0,0.259,316.5,72.188,70.375,-0.052,72.0,70.938,55.219,56.188,0.0,43.813,72.0,70.0,1000.0,200.0,0.194,481.75,78.688,75.063,0.01,71.688,71.0,55.5,56.719,0.0,56.875,72.0,70.0,1000.0,200.0,0.231,527.0,75.938,76.125,0.014,71.688,68.625,55.688,56.781,0.0,69.25,72.0,70.0,1000.0,200.0,0.42,710.0,77.5,73.188,-0.004,1.0,1.0,1.0,1.0,1.0,1.0,1.0,1.0,1.0,1.0,1.0,1.0,1.0,1.0,1.0,1.0,12.637,12.642,11.735,12.319,1.0,1.0,1.0,1.0,1.0,1.0,1.0,1.0,1.0,1.0,1.0,1.0,1.0,1.0,1.0,1.0,333.75,526.0,526.5,533.0,302.75,527.5,526.0,520.0,-0.002,8.423,0.0,16.91,1.434,0.349,-0.014,0.005,-0.0,-0.003
9072007,1110,1.0,1.0,1.0,1.0,100.0,52.72,40.0,40.0,40.0,1.0,1.0,1432.504,344.363,0.012,11.941,0.0,80.0,55.0,1.4,2039.5,2082.684,1989.478,371.476,54.287,72.482,72.076,72.413,51.048,1.413,2.648,0.362,74.305,59.461,88.938,49.46,0.0,71.284,89.404,81.226,90.691,36.877,51.526,47.213,-10.82,52.813,96.813,71.938,74.438,55.094,56.125,0.0,47.313,72.0,70.0,1000.0,200.0,0.253,315.0,72.188,70.375,-0.052,71.875,70.938,55.344,56.094,0.0,43.375,72.0,70.0,1000.0,200.0,0.2,492.0,78.688,75.063,0.01,71.75,71.0,55.5,56.594,0.0,56.781,72.0,70.0,1000.0,200.0,0.23,524.0,75.938,76.125,0.02,71.5,68.688,55.563,56.781,0.0,67.75,72.0,70.0,1000.0,200.0,0.418,707.5,77.5,73.313,-0.004,1.0,1.0,1.0,1.0,1.0,1.0,1.0,1.0,1.0,1.0,1.0,1.0,1.0,1.0,1.0,1.0,12.64,12.637,11.734,12.315,1.0,1.0,1.0,1.0,1.0,1.0,1.0,1.0,1.0,1.0,1.0,1.0,1.0,1.0,1.0,1.0,333.75,526.0,527.0,532.5,303.0,527.5,525.5,520.0,-0.002,8.425,0.0,17.136,1.433,0.344,-0.014,0.005,-0.001,-0.002
9072007,1111,1.0,1.0,1.0,1.0,100.0,52.109,40.0,40.0,40.0,1.0,1.0,1403.221,340.849,0.012,11.971,0.0,80.0,55.0,1.4,2038.75,2034.121,1965.279,362.057,54.287,72.482,71.865,72.413,50.941,1.486,2.659,0.366,74.201,59.407,88.882,49.516,0.0,71.177,89.478,81.226,90.691,36.73,51.213,47.067,-10.828,52.594,96.813,71.938,74.25,54.906,55.875,0.0,46.844,72.0,70.0,1000.0,200.0,0.254,314.75,72.188,70.375,-0.052,71.875,71.125,55.125,56.094,0.0,42.906,72.0,70.0,1000.0,200.0,0.193,476.5,78.688,75.063,0.01,71.688,71.0,55.375,56.594,0.0,56.219,72.0,70.0,1000.0,200.0,0.224,515.5,76.0,76.125,0.017,71.688,68.688,55.563,56.688,0.0,66.563,72.0,70.0,1000.0,200.0,0.419,707.5,77.375,73.313,-0.004,1.0,1.0,1.0,1.0,1.0,1.0,1.0,1.0,1.0,1.0,1.0,1.0,1.0,1.0,1.0,1.0,12.637,12.635,11.727,12.315,1.0,1.0,1.0,1.0,1.0,1.0,1.0,1.0,1.0,1.0,1.0,1.0,1.0,1.0,1.0,1.0,333.75,526.0,527.0,533.0,303.0,527.5,526.0,520.0,-0.002,8.544,0.0,17.181,1.403,0.341,-0.014,0.005,-0.0,-0.002
9072007,1112,1.0,1.0,1.0,1.0,100.0,50.819,40.0,40.0,40.0,1.0,1.0,1410.249,343.192,0.012,11.911,0.0,80.0,55.0,1.4,2008.0,2027.438,1963.555,355.19,54.071,72.376,71.971,72.308,50.727,1.478,2.605,0.362,73.848,59.191,88.657,49.348,0.0,71.177,89.182,81.226,90.543,36.437,51.004,46.776,-10.82,52.438,96.875,71.938,74.438,54.688,55.75,0.0,47.063,72.0,70.0,1000.0,200.0,0.248,311.0,72.063,70.375,-0.052,72.0,70.75,55.031,55.906,0.0,43.0,72.0,70.0,1000.0,200.0,0.188,475.5,78.563,75.188,0.01,71.875,70.938,55.281,56.438,0.0,56.344,72.0,70.0,1000.0,200.0,0.225,521.0,75.938,76.125,0.018,71.375,68.5,55.406,56.563,0.0,66.313,72.0,70.0,1000.0,200.0,0.401,690.0,77.375,73.313,-0.004,1.0,1.0,1.0,1.0,1.0,1.0,1.0,1.0,1.0,1.0,1.0,1.0,1.0,1.0,1.0,1.0,12.65,12.655,11.74,12.327,1.0,1.0,1.0,1.0,1.0,1.0,1.0,1.0,1.0,1.0,1.0,1.0,1.0,1.0,1.0,1.0,333.75,526.0,526.5,533.0,303.0,527.0,526.0,520.5,-0.002,8.454,0.0,17.1,1.41,0.343,-0.013,0.005,-0.0,-0.002
9072007,1113,1.0,1.0,1.0,1.0,100.0,49.188,40.0,40.0,40.0,1.0,1.0,1377.453,338.507,0.012,11.866,0.0,80.0,55.0,1.4,1996.0,2027.438,1946.347,355.408,53.856,72.376,71.971,72.308,50.513,1.448,2.612,0.362,73.733,59.027,88.713,49.124,0.0,71.069,89.33,81.119,90.543,36.291,50.899,46.557,-10.82,52.344,96.875,71.938,74.438,54.594,55.656,0.0,47.313,72.0,70.0,1000.0,200.0,0.247,310.75,71.938,70.375,-0.052,71.75,70.625,54.969,55.781,0.0,41.938,72.0,70.0,1000.0,200.0,0.188,475.25,78.563,75.063,0.01,71.688,71.188,55.0,56.438,0.0,56.688,72.0,70.0,1000.0,200.0,0.223,514.5,75.938,76.125,0.021,71.5,68.5,55.219,56.375,0.0,65.188,72.0,70.0,1000.0,200.0,0.399,689.5,77.375,73.313,-0.004,1.0,1.0,1.0,1.0,1.0,1.0,1.0,1.0,1.0,1.0,1.0,1.0,1.0,1.0,1.0,1.0,12.637,12.648,11.734,12.319,1.0,1.0,1.0,1.0,1.0,1.0,1.0,1.0,1.0,1.0,1.0,1.0,1.0,1.0,1.0,1.0,333.5,526.5,527.0,533.0,303.0,527.0,525.5,520.5,-0.002,8.339,0.0,16.916,1.377,0.339,-0.012,0.005,-0.001,-0.002
9072007,1114,1.0,1.0,1.0,1.0,100.0,47.292,40.0,40.0,40.0,1.0,1.0,1362.225,334.993,0.022,11.822,0.0,80.0,55.0,1.4,1985.5,2000.744,1948.065,347.75,53.641,72.376,71.971,72.308,50.299,1.448,2.591,0.359,73.496,58.887,88.713,48.984,0.0,70.962,89.256,81.119,90.543,36.144,50.795,46.266,-10.82,52.094,96.813,72.0,74.875,54.594,55.656,0.0,47.438,72.0,70.0,1000.0,200.0,0.246,310.25,72.063,70.375,-0.052,71.75,70.375,54.719,55.688,0.0,42.688,72.0,70.0,1000.0,200.0,0.186,472.25,78.563,75.063,0.01,71.75,71.0,54.875,56.188,0.0,56.75,72.0,70.0,1000.0,200.0,0.219,510.75,75.813,76.125,0.02,71.375,68.5,55.063,56.281,0.0,65.125,72.0,70.0,1000.0,200.0,0.39,681.5,77.375,73.313,-0.004,1.0,1.0,1.0,1.0,1.0,1.0,1.0,1.0,1.0,1.0,1.0,1.0,1.0,1.0,1.0,1.0,12.64,12.642,11.74,12.315,1.0,1.0,1.0,1.0,1.0,1.0,1.0,1.0,1.0,1.0,1.0,1.0,1.0,1.0,1.0,1.0,333.5,526.0,526.5,533.0,303.0,527.5,526.0,520.0,-0.003,8.168,0.0,16.618,1.362,0.335,-0.013,0.005,-0.001,-0.002
9072007,1115,1.0,1.0,1.0,1.0,100.0,45.478,40.0,40.0,40.0,1.0,1.0,1368.082,337.335,0.012,11.896,0.0,80.0,55.0,1.4,1985.5,2012.415,1942.912,356.273,53.426,72.27,71.76,72.202,50.192,1.433,2.587,0.362,73.344,58.765,88.938,48.872,0.0,70.747,89.256,81.119,90.543,35.924,50.795,45.902,-10.82,52.094,96.688,71.938,74.438,54.281,55.563,0.0,47.625,72.0,70.0,1000.0,200.0,0.246,309.5,71.938,70.375,-0.052,71.75,70.375,54.531,55.594,0.0,41.406,72.0,70.0,1000.0,200.0,0.188,472.75,78.438,75.063,0.01,71.75,70.938,54.875,56.094,0.0,56.094,72.0,70.0,1000.0,200.0,0.226,521.0,75.938,76.125,0.02,71.313,68.5,55.063,56.281,0.0,65.5,72.0,70.0,1000.0,200.0,0.377,670.5,77.25,73.313,-0.004,1.0,1.0,1.0,1.0,1.0,1.0,1.0,1.0,1.0,1.0,1.0,1.0,1.0,1.0,1.0,1.0,12.64,12.642,11.737,12.32,1.0,1.0,1.0,1.0,1.0,1.0,1.0,1.0,1.0,1.0,1.0,1.0,1.0,1.0,1.0,1.0,333.75,526.0,527.0,532.5,303.0,526.5,525.5,520.5,-0.002,7.982,0.0,16.485,1.368,0.337,-0.012,0.005,-0.001,-0.002
9072007,1116,1.0,1.0,1.0,1.0,100.0,44.344,40.0,40.0,40.0,1.0,1.0,1313.031,329.136,0.012,11.881,0.0,80.0,55.0,1.4,1977.0,1957.496,1925.773,345.285,53.641,72.27,71.76,72.202,50.299,1.501,2.583,0.362,73.131,58.672,89.471,48.816,0.0,70.855,89.182,81.013,90.469,35.778,51.213,45.683,-10.828,52.031,96.875,71.938,74.25,54.219,55.375,0.0,47.5,72.0,70.0,1000.0,200.0,0.247,311.75,71.938,70.25,-0.052,71.75,70.625,54.531,55.594,0.0,41.844,72.0,70.0,1000.0,200.0,0.177,456.0,78.563,75.188,0.01,71.688,70.938,54.781,56.031,0.0,55.938,72.0,70.0,1000.0,200.0,0.213,508.0,75.938,76.313,0.021,71.313,68.313,54.938,56.188,0.0,63.625,72.0,70.0,1000.0,200.0,0.378,671.5,77.25,73.313,-0.004,1.0,1.0,1.0,1.0,1.0,1.0,1.0,1.0,1.0,1.0,1.0,1.0,1.0,1.0,1.0,1.0,12.642,12.655,11.743,12.328,1.0,1.0,1.0,1.0,1.0,1.0,1.0,1.0,1.0,1.0,1.0,1.0,1.0,1.0,1.0,1.0,333.75,526.0,527.0,532.5,303.25,527.5,525.5,520.0,-0.002,7.624,0.0,16.344,1.313,0.329,-0.013,0.005,-0.001,-0.002
9072007,1117,1.0,1.0,1.0,1.0,100.0,42.563,40.0,40.0,40.0,1.0,1.0,1334.114,327.965,0.012,11.807,0.0,80.0,55.0,1.4,1942.5,1972.448,1917.225,341.024,53.533,72.164,71.76,72.202,50.406,1.478,2.558,0.362,72.84,58.381,89.527,48.732,0.0,70.855,89.034,81.013,90.469,35.558,51.422,45.246,-10.828,51.969,96.875,71.938,74.25,54.219,55.281,0.0,47.844,72.0,70.0,1000.0,200.0,0.247,311.25,71.813,70.188,-0.052,71.75,70.75,54.531,55.469,0.0,41.438,72.0,70.0,1000.0,200.0,0.178,462.5,78.438,75.188,0.01,71.688,70.938,54.781,56.031,0.0,55.938,72.0,70.0,1000.0,200.0,0.21,498.25,75.813,76.125,0.021,71.313,68.313,54.938,56.188,0.0,63.406,72.0,70.0,1000.0,200.0,0.368,663.0,77.25,73.313,-0.004,1.0,1.0,1.0,1.0,1.0,1.0,1.0,1.0,1.0,1.0,1.0,1.0,1.0,1.0,1.0,1.0,12.619,12.626,11.724,12.3,1.0,1.0,1.0,1.0,1.0,1.0,1.0,1.0,1.0,1.0,1.0,1.0,1.0,1.0,1.0,1.0,333.25,526.5,527.0,532.5,303.0,528.0,525.5,520.5,-0.002,7.21,0.0,15.888,1.334,0.328,-0.012,0.005,-0.001,-0.002
9072007,1118,1.0,1.0,1.0,1.0,100.0,41.282,40.0,40.0,40.0,1.0,1.0,1318.887,326.794,0.012,11.762,0.0,80.0,55.0,1.4,1935.75,1960.817,1910.396,344.613,53.533,72.27,71.865,72.202,50.406,1.463,2.533,0.359,72.705,58.239,89.751,48.676,0.0,70.962,88.96,81.013,90.395,35.412,51.526,44.882,-10.82,51.938,96.875,71.938,74.25,54.219,55.375,0.0,47.844,72.0,70.0,1000.0,200.0,0.245,311.0,71.938,70.25,-0.052,71.75,70.5,54.531,55.469,0.0,40.875,72.0,70.0,1000.0,200.0,0.178,463.25,78.438,75.25,0.01,71.688,71.0,54.781,56.031,0.0,54.594,72.0,70.0,1000.0,200.0,0.217,508.25,75.938,76.313,0.021,71.188,68.25,54.938,56.188,0.0,62.938,72.0,70.0,1000.0,200.0,0.354,650.5,77.188,73.313,-0.004,1.0,1.0,1.0,1.0,1.0,1.0,1.0,1.0,1.0,1.0,1.0,1.0,1.0,1.0,1.0,1.0,12.624,12.629,11.73,12.302,1.0,1.0,1.0,1.0,1.0,1.0,1.0,1.0,1.0,1.0,1.0,1.0,1.0,1.0,1.0,1.0,333.5,526.5,526.5,532.0,303.0,527.0,525.5,520.5,-0.002,6.912,0.0,15.472,1.319,0.327,-0.013,0.005,-0.001,-0.002
9072007,1119,1.0,1.0,1.0,1.0,100.0,40.03,40.0,40.0,40.0,1.0,1.0,1275.549,317.423,0.022,11.732,0.0,80.0,55.0,1.4,1935.75,1954.176,1918.933,336.641,53.749,72.164,71.76,72.097,50.513,1.452,2.519,0.351,72.488,58.0,89.891,48.676,0.0,70.855,89.034,81.013,90.321,35.265,51.944,44.736,-10.82,51.906,97.0,71.938,74.125,54.281,55.375,0.0,47.938,72.0,70.0,1000.0,200.0,0.246,309.75,71.813,70.25,-0.052,71.75,70.625,54.531,55.469,0.0,41.406,72.0,70.0,1000.0,200.0,0.178,461.5,78.313,75.188,0.01,71.688,71.0,54.781,56.031,0.0,55.844,72.0,70.0,1000.0,200.0,0.208,496.0,75.938,76.125,0.021,71.313,68.313,54.844,56.188,0.0,62.188,72.0,70.0,1000.0,200.0,0.352,647.0,77.188,73.313,-0.004,1.0,1.0,1.0,1.0,1.0,1.0,1.0,1.0,1.0,1.0,1.0,1.0,1.0,1.0,1.0,1.0,12.624,12.627,11.734,12.305,1.0,1.0,1.0,1.0,1.0,1.0,1.0,1.0,1.0,1.0,1.0,1.0,1.0,1.0,1.0,1.0,333.75,526.0,526.5,532.0,303.0,527.0,525.5,520.5,-0.004,6.662,0.0,15.434,1.276,0.317,-0.012,0.005,-0.001,-0.002
9072007,1120,1.0,1.0,1.0,1.0,100.0,38.763,40.0,40.0,40.0,1.0,1.0,1268.521,322.108,0.022,11.852,0.0,80.0,55.0,1.4,1915.25,1921.031,1888.263,329.912,53.856,72.27,71.865,72.202,50.727,1.463,2.515,0.362,72.279,57.901,89.919,48.62,0.0,71.069,88.96,81.013,90.247,35.045,52.049,44.372,-10.82,51.969,97.188,71.813,74.25,54.5,55.375,0.0,47.625,72.0,70.0,1000.0,200.0,0.246,310.75,71.813,70.25,-0.052,71.75,70.75,54.625,55.469,0.0,40.281,72.0,70.0,1000.0,200.0,0.177,460.75,78.438,75.063,0.01,71.625,70.813,54.781,56.031,0.0,55.469,72.0,70.0,1000.0,200.0,0.201,491.25,75.813,76.313,0.023,71.313,68.5,54.938,56.063,0.0,61.938,72.0,70.0,1000.0,200.0,0.341,639.0,77.063,73.313,-0.004,1.0,1.0,1.0,1.0,1.0,1.0,1.0,1.0,1.0,1.0,1.0,1.0,1.0,1.0,1.0,1.0,12.601,12.618,11.721,12.292,1.0,1.0,1.0,1.0,1.0,1.0,1.0,1.0,1.0,1.0,1.0,1.0,1.0,1.0,1.0,1.0,333.25,526.0,526.5,532.0,303.0,526.0,525.5,520.0,-0.004,6.501,0.0,15.356,1.269,0.322,-0.012,0.005,-0.002,-0.002
9072007,1121,1.0,1.0,1.0,1.0,100.0,37.566,40.0,40.0,40.0,1.0,1.0,1273.207,320.937,0.022,11.837,0.0,80.0,55.0,1.4,1895.0,1916.067,1883.169,330.891,53.856,72.164,71.76,72.202,50.727,1.478,2.501,0.355,71.999,57.65,90.088,48.732,0.0,70.962,88.886,80.907,90.247,34.825,52.362,44.154,-10.828,52.031,97.125,71.813,73.938,54.5,55.375,0.0,47.313,72.0,70.0,1000.0,200.0,0.248,311.75,71.813,70.25,-0.052,71.75,70.625,54.625,55.469,0.0,41.063,72.0,70.0,1000.0,200.0,0.166,443.5,78.313,75.188,0.01,71.75,70.688,54.875,56.031,0.0,55.0,72.0,70.0,1000.0,200.0,0.205,496.75,75.938,76.125,0.025,71.313,68.313,54.938,56.188,0.0,61.688,72.0,70.0,1000.0,200.0,0.337,634.0,77.063,73.5,-0.004,1.0,1.0,1.0,1.0,1.0,1.0,1.0,1.0,1.0,1.0,1.0,1.0,1.0,1.0,1.0,1.0,12.609,12.613,11.732,12.289,1.0,1.0,1.0,1.0,1.0,1.0,1.0,1.0,1.0,1.0,1.0,1.0,1.0,1.0,1.0,1.0,333.75,526.0,526.5,531.5,303.0,527.5,525.5,520.0,-0.004,6.297,0.0,15.341,1.273,0.321,-0.012,0.005,-0.001,-0.002
9072007,1122,1.0,1.0,1.0,1.0,100.0,36.25,40.0,40.0,40.0,1.0,1.0,1272.035,320.937,0.022,11.643,0.0,80.0,55.0,1.4,1895.0,1930.964,1881.471,327.938,53.856,72.164,71.76,72.097,50.834,1.425,2.504,0.355,71.897,57.474,90.144,48.844,0.0,71.069,88.886,81.013,90.247,34.679,52.466,43.79,-10.82,52.063,97.125,71.813,74.125,54.5,55.375,0.0,47.469,72.0,70.0,1000.0,200.0,0.245,309.0,71.563,70.188,-0.052,71.75,70.938,54.625,55.594,0.0,40.188,72.0,70.0,1000.0,200.0,0.172,455.25,78.313,75.188,0.01,72.063,70.813,55.0,56.031,0.0,55.031,72.0,70.0,1000.0,200.0,0.211,506.5,75.938,76.125,0.021,71.313,68.5,54.938,56.188,0.0,62.313,72.0,70.0,1000.0,200.0,0.323,621.5,77.063,73.5,-0.004,1.0,1.0,1.0,1.0,1.0,1.0,1.0,1.0,1.0,1.0,1.0,1.0,1.0,1.0,1.0,1.0,12.583,12.582,11.702,12.259,1.0,1.0,1.0,1.0,1.0,1.0,1.0,1.0,1.0,1.0,1.0,1.0,1.0,1.0,1.0,1.0,332.75,526.5,526.5,531.5,303.0,526.5,525.5,520.0,-0.004,5.964,0.0,14.738,1.272,0.321,-0.01,0.005,-0.001,-0.002
9072007,1123,1.0,1.0,1.0,1.0,100.0,35.966,40.0,40.0,40.0,1.0,1.0,1253.294,319.766,0.022,11.717,0.0,80.0,55.0,1.4,1890.0,1934.277,1888.263,323.473,53.964,72.27,71.865,72.097,50.941,1.41,2.465,0.351,71.785,57.401,90.256,49.012,0.0,71.069,88.738,81.013,90.174,34.459,52.675,43.498,-10.82,52.094,97.188,71.813,73.938,54.5,55.375,0.0,47.5,72.0,70.0,1000.0,200.0,0.243,308.5,71.688,70.188,-0.052,72.0,70.75,54.719,55.594,0.0,40.969,72.0,70.0,1000.0,200.0,0.178,463.5,78.313,75.188,0.01,71.75,70.938,55.063,56.031,0.0,56.188,72.0,70.0,1000.0,200.0,0.201,491.0,75.813,76.125,0.02,71.375,68.5,54.938,56.281,0.0,62.438,72.0,70.0,1000.0,200.0,0.32,619.5,77.063,73.5,-0.004,1.0,1.0,1.0,1.0,1.0,1.0,1.0,1.0,1.0,1.0,1.0,1.0,1.0,1.0,1.0,1.0,12.599,12.605,11.714,12.281,1.0,1.0,1.0,1.0,1.0,1.0,1.0,1.0,1.0,1.0,1.0,1.0,1.0,1.0,1.0,1.0,333.25,526.0,526.5,531.5,303.0,527.5,525.5,520.0,-0.004,5.814,0.0,14.715,1.253,0.32,-0.011,0.005,-0.001,-0.002
9072007,1124,1.0,1.0,1.0,1.0,100.0,34.67,40.0,40.0,40.0,1.0,1.0,1252.123,318.594,0.012,11.762,0.0,80.0,55.0,1.4,1886.5,1924.341,1889.962,327.772,54.179,72.27,71.971,72.097,51.262,1.429,2.483,0.344,71.791,57.417,90.508,48.928,0.0,71.284,88.812,80.907,90.1,34.239,52.989,43.207,-10.828,52.313,97.25,71.813,74.125,54.594,55.563,0.0,47.781,72.0,70.0,1000.0,200.0,0.241,306.5,71.563,70.188,-0.052,72.0,70.625,54.719,55.594,0.0,41.781,72.0,70.0,1000.0,200.0,0.175,458.5,78.125,75.188,0.01,72.063,71.313,55.0,56.094,0.0,55.344,72.0,70.0,1000.0,200.0,0.218,514.0,75.938,76.125,0.021,71.5,68.5,55.063,56.188,0.0,62.406,72.0,70.0,1000.0,200.0,0.315,614.5,77.063,73.5,-0.004,1.0,1.0,1.0,1.0,1.0,1.0,1.0,1.0,1.0,1.0,1.0,1.0,1.0,1.0,1.0,1.0,12.591,12.602,11.722,12.28,1.0,1.0,1.0,1.0,1.0,1.0,1.0,1.0,1.0,1.0,1.0,1.0,1.0,1.0,1.0,1.0,333.25,526.0,526.5,531.0,303.0,527.5,525.0,520.0,-0.002,5.626,0.0,14.657,1.252,0.319,-0.01,0.004,-0.001,-0.002
9072007,1125,1.0,1.0,1.0,1.0,100.0,34.327,40.0,40.0,40.0,1.0,1.0,1259.151,319.766,0.022,11.688,0.0,80.0,55.0,1.4,1890.0,1916.067,1878.079,327.326,54.287,72.27,71.865,72.202,51.262,1.429,2.475,0.348,71.762,57.424,90.396,48.984,0.0,71.392,88.738,80.907,90.1,34.166,53.302,43.134,-10.82,52.375,97.375,71.813,73.938,54.688,55.656,0.0,47.5,72.0,70.0,1000.0,200.0,0.243,308.25,71.563,70.188,-0.052,72.0,70.5,54.969,55.688,0.0,42.688,72.0,70.0,1000.0,200.0,0.176,461.0,78.313,75.25,0.01,71.875,70.938,55.063,56.188,0.0,56.0,72.0,70.0,1000.0,200.0,0.209,498.25,75.938,76.125,0.021,71.375,68.688,55.125,56.281,0.0,62.25,72.0,70.0,1000.0,200.0,0.32,619.0,76.875,73.5,-0.004,1.0,1.0,1.0,1.0,1.0,1.0,1.0,1.0,1.0,1.0,1.0,1.0,1.0,1.0,1.0,1.0,12.581,12.599,11.712,12.272,1.0,1.0,1.0,1.0,1.0,1.0,1.0,1.0,1.0,1.0,1.0,1.0,1.0,1.0,1.0,1.0,333.0,526.0,526.5,531.0,303.0,526.5,525.5,520.0,-0.004,5.478,0.0,14.565,1.259,0.32,-0.01,0.004,-0.001,-0.002
9072007,1126,1.0,1.0,1.0,1.0,100.0,33.801,40.0,40.0,40.0,1.0,1.0,1242.753,319.766,0.012,11.747,0.0,80.0,55.0,1.4,1889.25,1934.277,1876.384,329.934,54.394,72.27,72.076,72.202,51.369,1.402,2.461,0.359,71.736,57.384,90.452,49.124,0.0,71.392,88.664,80.907,90.1,34.02,53.302,42.916,-10.82,52.406,97.25,71.813,73.875,54.906,55.75,0.0,47.813,72.0,70.0,1000.0,200.0,0.24,306.0,71.563,70.188,-0.052,71.875,70.75,55.031,55.781,0.0,41.031,72.0,70.0,1000.0,200.0,0.176,459.75,78.125,75.25,0.01,72.313,71.0,55.063,56.188,0.0,55.781,72.0,70.0,1000.0,200.0,0.223,519.0,75.938,76.125,0.019,71.688,68.688,55.125,56.375,0.0,62.313,72.0,70.0,1000.0,200.0,0.316,615.0,76.875,73.5,-0.004,1.0,1.0,1.0,1.0,1.0,1.0,1.0,1.0,1.0,1.0,1.0,1.0,1.0,1.0,1.0,1.0,12.604,12.622,11.727,12.295,1.0,1.0,1.0,1.0,1.0,1.0,1.0,1.0,1.0,1.0,1.0,1.0,1.0,1.0,1.0,1.0,333.25,526.0,526.0,530.5,303.0,526.5,525.0,520.0,-0.002,5.42,0.0,14.521,1.243,0.32,-0.01,0.004,-0.001,-0.002
9072007,1127,1.0,1.0,1.0,1.0,100.0,33.087,40.0,40.0,40.0,1.0,1.0,1236.896,317.423,0.012,11.673,0.0,80.0,55.0,1.4,1889.25,1909.453,1869.607,324.496,54.502,72.589,72.286,72.519,51.476,1.425,2.472,0.366,71.662,57.389,90.396,49.152,0.0,71.714,88.516,80.801,89.952,33.873,53.407,42.697,-10.82,52.531,97.438,71.813,74.188,54.906,55.875,0.0,47.625,72.0,70.0,1000.0,200.0,0.242,307.25,71.563,70.188,-0.052,71.75,70.75,55.125,55.781,0.0,41.594,72.0,70.0,1000.0,200.0,0.167,443.75,78.125,75.188,0.01,72.188,71.0,55.281,56.438,0.0,56.813,72.0,70.0,1000.0,200.0,0.216,508.75,75.813,76.125,0.017,71.688,68.875,55.219,56.563,0.0,62.781,72.0,70.0,1000.0,200.0,0.318,617.0,76.875,73.5,-0.004,1.0,1.0,1.0,1.0,1.0,1.0,1.0,1.0,1.0,1.0,1.0,1.0,1.0,1.0,1.0,1.0,12.64,12.651,11.747,12.325,1.0,1.0,1.0,1.0,1.0,1.0,1.0,1.0,1.0,1.0,1.0,1.0,1.0,1.0,1.0,1.0,334.0,526.0,526.5,530.5,303.25,526.5,525.0,520.0,-0.002,5.273,0.0,14.314,1.237,0.317,-0.01,0.004,-0.001,-0.002
9072007,1128,1.0,1.0,1.0,1.0,100.0,33.52,40.0,40.0,40.0,1.0,1.0,1281.406,318.594,0.022,11.732,0.0,80.0,55.0,1.4,1887.5,1947.539,1895.063,335.346,54.825,72.695,72.286,72.519,51.798,1.387,2.479,0.351,71.698,57.345,90.621,49.208,0.0,72.036,88.59,80.801,89.878,33.727,53.616,42.551,-10.82,52.688,97.375,71.813,74.563,55.094,55.875,0.0,48.031,72.0,70.0,1000.0,200.0,0.237,304.25,71.5,70.063,-0.052,71.875,70.938,55.219,55.906,0.0,40.25,72.0,70.0,1000.0,200.0,0.17,452.0,78.125,75.25,0.01,72.313,71.313,55.375,56.438,0.0,57.156,72.0,70.0,1000.0,200.0,0.225,521.0,75.938,76.125,0.021,71.688,68.813,55.219,56.563,0.0,62.063,72.0,70.0,1000.0,200.0,0.328,628.0,76.813,73.5,-0.004,1.0,1.0,1.0,1.0,1.0,1.0,1.0,1.0,1.0,1.0,1.0,1.0,1.0,1.0,1.0,1.0,12.63,12.638,11.742,12.313,1.0,1.0,1.0,1.0,1.0,1.0,1.0,1.0,1.0,1.0,1.0,1.0,1.0,1.0,1.0,1.0,334.0,526.0,526.5,530.5,303.0,527.0,525.0,520.0,-0.004,5.205,0.0,14.387,1.281,0.319,-0.011,0.004,-0.001,-0.002
9072007,1129,1.0,1.0,1.0,1.0,100.0,32.955,40.0,40.0,40.0,1.0,1.0,1266.179,315.081,0.022,11.807,0.0,80.0,55.0,1.4,1898.0,1939.248,1881.471,332.955,54.717,72.482,72.181,72.308,51.798,1.394,2.454,0.355,71.696,57.356,90.452,49.208,0.0,71.821,88.59,80.801,89.878,33.727,53.72,42.551,-10.828,52.688,97.438,71.938,74.438,55.094,55.875,0.0,48.125,72.0,70.0,1000.0,200.0,0.237,304.5,71.375,70.188,-0.052,71.75,70.938,55.219,55.906,0.0,40.281,72.0,70.0,1000.0,200.0,0.168,450.0,78.125,75.25,0.01,72.063,71.313,55.375,56.531,0.0,57.219,72.0,70.0,1000.0,200.0,0.23,525.0,75.813,76.125,0.021,72.0,68.875,55.406,56.563,0.0,62.906,72.0,70.0,1000.0,200.0,0.326,622.5,76.813,73.563,-0.004,1.0,1.0,1.0,1.0,1.0,1.0,1.0,1.0,1.0,1.0,1.0,1.0,1.0,1.0,1.0,1.0,12.637,12.648,11.747,12.323,1.0,1.0,1.0,1.0,1.0,1.0,1.0,1.0,1.0,1.0,1.0,1.0,1.0,1.0,1.0,1.0,334.25,526.0,526.5,530.5,303.0,526.5,525.0,519.5,-0.004,5.211,0.0,14.479,1.266,0.315,-0.009,0.004,-0.001,-0.002
9072007,1130,1.0,1.0,1.0,1.0,100.0,33.143,40.0,40.0,40.0,1.0,1.0,1280.234,316.252,0.012,11.792,0.0,80.0,55.0,1.4,1905.25,1939.248,1888.263,333.748,54.932,72.482,72.181,72.413,51.905,1.402,2.472,0.362,71.71,57.371,90.536,49.264,0.0,72.251,88.516,80.801,89.878,33.58,53.825,42.406,-10.82,52.75,97.375,71.938,74.563,55.188,55.938,0.0,46.844,72.0,70.0,1000.0,200.0,0.252,314.0,71.375,70.188,-0.052,72.0,71.125,55.344,56.094,0.0,40.938,72.0,70.0,1000.0,200.0,0.174,458.5,78.125,75.25,0.01,72.063,71.563,55.5,56.531,0.0,56.781,72.0,70.0,1000.0,200.0,0.215,507.75,75.938,76.125,0.023,72.0,69.063,55.563,56.688,0.0,62.781,72.0,70.0,1000.0,200.0,0.332,630.0,76.813,73.5,-0.004,1.0,1.0,1.0,1.0,1.0,1.0,1.0,1.0,1.0,1.0,1.0,1.0,1.0,1.0,1.0,1.0,12.618,12.634,11.737,12.308,1.0,1.0,1.0,1.0,1.0,1.0,1.0,1.0,1.0,1.0,1.0,1.0,1.0,1.0,1.0,1.0,333.75,526.0,526.0,530.0,303.0,527.5,525.0,519.5,-0.002,5.141,0.0,14.464,1.28,0.316,-0.009,0.004,-0.001,-0.002
9072007,1131,1.0,1.0,1.0,1.0,100.0,32.774,40.0,40.0,40.0,1.0,1.0,1256.808,318.594,0.022,11.837,0.0,80.0,55.0,1.4,1905.25,1969.124,1886.565,336.244,54.825,72.589,72.391,72.519,51.905,1.353,2.468,0.348,71.767,57.372,90.34,49.236,0.0,72.036,88.516,80.588,89.878,33.507,53.825,42.406,-10.82,52.781,97.438,71.813,74.563,55.188,56.125,0.0,47.906,72.0,70.0,1000.0,200.0,0.236,304.25,71.5,70.063,-0.052,72.0,71.125,55.344,56.094,0.0,42.625,72.0,70.0,1000.0,200.0,0.168,448.0,78.063,75.25,0.01,72.5,71.813,55.5,56.594,0.0,57.313,72.0,70.0,1000.0,200.0,0.237,535.0,75.938,76.125,0.021,72.0,69.188,55.563,56.688,0.0,63.75,72.0,70.0,1000.0,200.0,0.33,629.0,76.688,73.5,-0.004,1.0,1.0,1.0,1.0,1.0,1.0,1.0,1.0,1.0,1.0,1.0,1.0,1.0,1.0,1.0,1.0,12.624,12.642,11.737,12.313,1.0,1.0,1.0,1.0,1.0,1.0,1.0,1.0,1.0,1.0,1.0,1.0,1.0,1.0,1.0,1.0,333.75,526.0,526.0,530.0,303.0,527.5,524.5,519.5,-0.004,5.184,0.0,14.64,1.257,0.319,-0.011,0.004,-0.001,-0.002
9072007,1132,1.0,1.0,1.0,1.0,100.0,32.89,40.0,40.0,40.0,1.0,1.0,1295.461,327.965,0.012,11.792,0.0,80.0,55.0,1.4,1917.25,1972.448,1901.872,332.207,54.932,72.589,72.286,72.519,52.012,1.368,2.486,0.359,71.857,57.431,90.284,49.264,0.0,72.144,88.442,80.801,89.804,33.507,53.72,42.333,-10.828,52.594,97.375,71.813,74.688,55.281,56.25,0.0,48.188,72.0,70.0,1000.0,200.0,0.235,304.75,71.375,70.063,-0.052,72.0,71.0,55.531,56.188,0.0,42.75,72.0,70.0,1000.0,200.0,0.169,449.5,78.125,75.25,0.01,72.375,71.625,55.656,56.594,0.0,57.594,72.0,70.0,1000.0,200.0,0.239,538.0,75.813,76.125,0.019,72.063,69.063,55.688,56.688,0.0,62.938,72.0,70.0,1000.0,200.0,0.339,638.5,76.813,73.5,-0.004,1.0,1.0,1.0,1.0,1.0,1.0,1.0,1.0,1.0,1.0,1.0,1.0,1.0,1.0,1.0,1.0,12.604,12.613,11.721,12.29,1.0,1.0,1.0,1.0,1.0,1.0,1.0,1.0,1.0,1.0,1.0,1.0,1.0,1.0,1.0,1.0,333.25,526.0,526.0,530.0,303.0,528.0,524.5,519.5,-0.002,5.149,0.0,14.464,1.295,0.328,-0.01,0.004,-0.001,-0.002
9072007,1133,1.0,1.0,1.0,1.0,100.0,33.062,40.0,40.0,40.0,1.0,1.0,1317.716,323.28,0.012,11.777,0.0,80.0,55.0,1.4,1945.5,1992.414,1910.396,345.672,55.04,72.695,72.286,72.519,52.119,1.345,2.472,0.359,72.074,57.591,90.312,49.376,0.0,72.144,88.442,80.695,89.73,33.433,53.929,42.333,-10.828,52.813,97.313,71.938,74.188,55.406,56.344,0.0,46.969,72.0,70.0,1000.0,200.0,0.247,310.25,71.375,70.063,-0.052,72.25,71.125,55.531,56.188,0.0,42.219,72.0,70.0,1000.0,200.0,0.177,461.5,78.063,75.5,0.01,72.313,71.813,55.656,56.719,0.0,57.938,72.0,70.0,1000.0,200.0,0.243,539.5,75.938,76.125,0.02,72.063,69.188,55.688,56.781,0.0,62.969,72.0,70.0,1000.0,200.0,0.337,634.5,76.688,73.5,-0.004,1.0,1.0,1.0,1.0,1.0,1.0,1.0,1.0,1.0,1.0,1.0,1.0,1.0,1.0,1.0,1.0,12.594,12.602,11.712,12.282,1.0,1.0,1.0,1.0,1.0,1.0,1.0,1.0,1.0,1.0,1.0,1.0,1.0,1.0,1.0,1.0,333.25,526.0,525.5,530.0,303.25,525.5,525.0,519.5,-0.002,5.114,0.0,14.568,1.318,0.323,-0.01,0.004,-0.001,-0.002
9072007,1134,1.0,1.0,1.0,1.0,100.0,33.602,40.0,40.0,40.0,1.0,1.0,1252.123,318.594,0.012,11.717,0.0,80.0,55.0,1.4,1941.5,1959.156,1893.363,335.516,55.255,72.695,72.286,72.625,52.226,1.394,2.479,0.351,72.074,57.692,90.2,49.516,0.0,72.573,88.294,80.695,89.583,33.287,54.033,42.333,-10.828,52.719,97.313,71.813,74.125,55.5,56.344,0.0,47.625,72.0,70.0,1000.0,200.0,0.239,306.5,71.375,70.063,-0.052,72.0,71.313,55.625,56.313,0.0,42.875,72.0,70.0,1000.0,200.0,0.176,456.0,78.063,75.25,0.01,72.188,71.625,55.875,56.813,0.0,57.625,72.0,70.0,1000.0,200.0,0.233,527.0,75.813,76.125,0.02,72.063,69.25,55.75,56.844,0.0,62.656,72.0,70.0,1000.0,200.0,0.339,635.5,76.688,73.5,-0.004,1.0,1.0,1.0,1.0,1.0,1.0,1.0,1.0,1.0,1.0,1.0,1.0,1.0,1.0,1.0,1.0,12.605,12.617,11.718,12.292,1.0,1.0,1.0,1.0,1.0,1.0,1.0,1.0,1.0,1.0,1.0,1.0,1.0,1.0,1.0,1.0,333.25,526.0,525.5,530.0,303.25,527.5,525.0,519.5,-0.002,5.109,0.0,14.732,1.252,0.319,-0.01,0.004,-0.001,-0.002
9072007,1135,1.0,1.0,1.0,1.0,100.0,33.241,40.0,40.0,40.0,1.0,1.0,1335.286,334.993,0.022,11.837,0.0,80.0,55.0,1.4,1941.5,2007.411,1929.196,347.644,55.148,72.695,72.286,72.625,52.119,1.379,2.508,0.348,72.255,57.653,90.2,49.488,0.0,72.251,88.368,80.588,89.657,33.36,53.825,42.26,-10.82,52.688,97.313,71.813,74.188,55.5,56.344,0.0,47.875,72.0,70.0,1000.0,200.0,0.237,305.75,71.188,70.0,-0.052,72.125,71.25,55.625,56.406,0.0,41.438,72.0,70.0,1000.0,200.0,0.183,468.75,77.938,75.25,0.01,72.375,71.563,55.875,56.813,0.0,57.719,72.0,70.0,1000.0,200.0,0.248,546.0,75.813,76.125,0.018,72.063,69.25,55.75,56.844,0.0,63.688,72.0,70.0,1000.0,200.0,0.336,635.0,76.563,73.5,-0.004,1.0,1.0,1.0,1.0,1.0,1.0,1.0,1.0,1.0,1.0,1.0,1.0,1.0,1.0,1.0,1.0,12.609,12.618,11.716,12.294,1.0,1.0,1.0,1.0,1.0,1.0,1.0,1.0,1.0,1.0,1.0,1.0,1.0,1.0,1.0,1.0,333.0,526.0,525.5,530.0,303.0,527.5,524.5,519.5,-0.004,5.148,0.0,14.642,1.335,0.335,-0.009,0.004,-0.001,-0.002
9072007,1136,1.0,1.0,1.0,1.0,100.0,33.605,40.0,40.0,40.0,1.0,1.0,1311.859,324.451,0.012,11.747,0.0,80.0,55.0,1.4,1956.75,1990.749,1918.933,346.809,55.148,72.695,72.391,72.73,52.119,1.383,2.508,0.348,72.275,57.847,90.228,49.657,0.0,72.466,88.146,80.695,89.583,33.36,54.033,42.333,-10.82,52.781,97.25,71.938,74.438,55.5,56.344,0.0,46.656,72.0,70.0,1000.0,200.0,0.249,312.75,71.375,70.0,-0.052,72.0,71.563,55.625,56.406,0.0,42.625,72.0,70.0,1000.0,200.0,0.173,453.0,77.938,75.5,0.01,72.188,71.813,55.875,56.813,0.0,57.938,72.0,70.0,1000.0,200.0,0.242,538.5,75.813,76.125,0.021,72.063,69.438,55.844,56.844,0.0,64.063,72.0,70.0,1000.0,200.0,0.352,649.0,76.563,73.5,-0.004,1.0,1.0,1.0,1.0,1.0,1.0,1.0,1.0,1.0,1.0,1.0,1.0,1.0,1.0,1.0,1.0,12.605,12.61,11.712,12.287,1.0,1.0,1.0,1.0,1.0,1.0,1.0,1.0,1.0,1.0,1.0,1.0,1.0,1.0,1.0,1.0,333.0,526.0,525.5,530.0,303.25,528.0,525.0,519.5,-0.002,5.099,0.0,14.65,1.312,0.324,-0.01,0.004,-0.001,-0.002
9072007,1137,1.0,1.0,1.0,1.0,100.0,34.051,40.0,40.0,40.0,1.0,1.0,1310.688,325.622,0.012,11.747,0.0,80.0,55.0,1.4,1952.5,1982.427,1915.517,346.214,55.255,72.801,72.496,72.73,52.226,1.379,2.501,0.355,72.297,57.845,90.088,49.573,0.0,72.573,88.146,80.695,89.583,33.214,54.033,42.333,-10.82,52.938,97.313,71.938,74.75,55.688,56.438,0.0,47.844,72.0,70.0,1000.0,200.0,0.237,304.5,71.188,70.0,-0.052,72.25,71.313,55.625,56.406,0.0,42.531,72.0,70.0,1000.0,200.0,0.178,462.75,77.938,75.5,0.01,72.188,71.438,55.875,56.813,0.0,58.469,72.0,70.0,1000.0,200.0,0.244,542.0,75.813,76.125,0.02,72.063,69.438,55.844,56.969,0.0,63.938,72.0,70.0,1000.0,200.0,0.34,639.0,76.563,73.5,-0.004,1.0,1.0,1.0,1.0,1.0,1.0,1.0,1.0,1.0,1.0,1.0,1.0,1.0,1.0,1.0,1.0,12.621,12.634,11.727,12.305,1.0,1.0,1.0,1.0,1.0,1.0,1.0,1.0,1.0,1.0,1.0,1.0,1.0,1.0,1.0,1.0,333.75,526.0,525.5,530.0,302.75,528.0,525.0,519.5,-0.002,5.145,0.0,14.889,1.311,0.326,-0.009,0.004,-0.001,-0.002
9072007,1138,1.0,1.0,1.0,1.0,100.0,34.517,40.0,40.0,40.0,1.0,1.0,1313.031,338.507,0.022,11.762,0.0,80.0,55.0,1.4,1949.5,2002.41,1944.63,346.974,55.363,72.801,72.391,72.73,52.226,1.375,2.511,0.381,72.352,57.831,89.947,49.573,0.0,72.573,88.072,80.588,89.509,33.287,53.929,42.406,-10.82,52.563,97.188,71.938,74.75,55.688,56.438,0.0,48.375,72.0,70.0,1000.0,200.0,0.234,302.25,71.063,70.0,-0.052,72.125,71.313,55.75,56.5,0.0,42.156,72.0,70.0,1000.0,200.0,0.185,474.0,77.938,75.5,0.01,72.375,71.313,55.969,56.813,0.0,58.563,72.0,70.0,1000.0,200.0,0.243,539.5,75.938,76.125,0.021,72.063,69.25,55.844,56.969,0.0,63.813,72.0,70.0,1000.0,200.0,0.343,641.5,76.563,73.563,-0.004,1.0,1.0,1.0,1.0,1.0,1.0,1.0,1.0,1.0,1.0,1.0,1.0,1.0,1.0,1.0,1.0,12.629,12.638,11.732,12.311,1.0,1.0,1.0,1.0,1.0,1.0,1.0,1.0,1.0,1.0,1.0,1.0,1.0,1.0,1.0,1.0,333.75,526.0,525.5,530.5,303.0,528.0,525.0,519.5,-0.004,5.196,0.0,14.908,1.313,0.339,-0.008,0.004,-0.001,-0.002
9072007,1139,1.0,1.0,1.0,1.0,100.0,34.326,40.0,40.0,40.0,1.0,1.0,1339.971,326.794,0.012,11.807,0.0,80.0,55.0,1.4,1960.5,2009.079,1929.196,344.566,55.148,73.013,72.496,72.942,52.119,1.368,2.519,0.344,72.432,57.92,89.835,49.573,0.0,72.251,88.072,80.588,89.435,33.287,53.929,42.333,-10.82,52.406,97.125,71.938,74.25,55.688,56.438,0.0,46.875,72.0,70.0,1000.0,200.0,0.248,311.5,71.188,70.0,-0.052,72.125,71.563,55.75,56.5,0.0,42.875,72.0,70.0,1000.0,200.0,0.182,470.25,77.938,75.5,0.01,72.063,71.313,55.875,57.0,0.0,59.281,72.0,70.0,1000.0,200.0,0.243,539.5,75.813,76.125,0.017,72.0,69.25,55.844,56.969,0.0,64.25,72.0,70.0,1000.0,200.0,0.343,639.0,76.563,73.563,-0.004,1.0,1.0,1.0,1.0,1.0,1.0,1.0,1.0,1.0,1.0,1.0,1.0,1.0,1.0,1.0,1.0,12.621,12.625,11.727,12.3,1.0,1.0,1.0,1.0,1.0,1.0,1.0,1.0,1.0,1.0,1.0,1.0,1.0,1.0,1.0,1.0,333.75,525.5,526.0,530.5,303.0,527.5,525.0,519.5,-0.002,5.174,0.0,14.845,1.34,0.327,-0.009,0.004,-0.001,-0.002
9072007,1140,1.0,1.0,1.0,1.0,100.0,34.752,40.0,40.0,40.0,1.0,1.0,1331.772,323.28,0.012,11.673,0.0,80.0,55.0,1.4,1960.5,1992.414,1936.05,349.743,55.255,72.695,72.391,72.73,52.226,1.394,2.522,0.351,72.527,58.051,89.779,49.629,0.0,72.144,88.072,80.482,89.435,33.287,53.929,42.333,-10.82,52.438,97.125,71.938,74.25,55.688,56.438,0.0,47.313,72.0,70.0,1000.0,200.0,0.242,306.25,71.063,70.063,-0.052,72.0,71.563,55.75,56.5,0.0,42.969,72.0,70.0,1000.0,200.0,0.184,465.0,77.875,75.5,0.01,72.188,71.438,55.969,57.0,0.0,58.688,72.0,70.0,1000.0,200.0,0.248,544.0,75.938,76.125,0.021,72.0,69.188,55.844,57.188,0.0,63.531,72.0,70.0,1000.0,200.0,0.343,641.0,76.563,73.5,-0.004,1.0,1.0,1.0,1.0,1.0,1.0,1.0,1.0,1.0,1.0,1.0,1.0,1.0,1.0,1.0,1.0,12.638,12.647,11.743,12.322,1.0,1.0,1.0,1.0,1.0,1.0,1.0,1.0,1.0,1.0,1.0,1.0,1.0,1.0,1.0,1.0,334.25,525.5,526.5,530.0,303.0,527.5,525.0,519.5,-0.002,5.115,0.0,14.676,1.332,0.323,-0.008,0.003,-0.001,-0.002
9072007,1141,1.0,1.0,1.0,1.0,100.0,34.77,40.0,40.0,40.0,1.0,1.0,1344.656,325.622,0.012,11.777,0.0,80.0,55.0,1.4,1957.75,2005.744,1927.484,349.191,55.148,72.801,72.391,72.73,52.119,1.394,2.501,0.348,72.57,58.044,89.779,49.713,0.0,72.036,88.072,80.588,89.361,33.214,53.825,42.26,-10.828,52.469,97.125,71.938,74.188,55.688,56.438,0.0,47.844,72.0,70.0,1000.0,200.0,0.236,303.5,71.063,70.0,-0.052,72.125,71.313,55.75,56.5,0.0,41.969,72.0,70.0,1000.0,200.0,0.19,473.75,77.875,75.5,0.01,72.188,71.313,55.969,57.0,0.0,58.5,72.0,70.0,1000.0,200.0,0.244,540.5,75.813,76.125,0.017,72.0,69.25,56.063,57.188,0.0,63.219,72.0,70.0,1000.0,200.0,0.343,641.0,76.563,73.5,-0.004,1.0,1.0,1.0,1.0,1.0,1.0,1.0,1.0,1.0,1.0,1.0,1.0,1.0,1.0,1.0,1.0,12.637,12.648,11.745,12.322,1.0,1.0,1.0,1.0,1.0,1.0,1.0,1.0,1.0,1.0,1.0,1.0,1.0,1.0,1.0,1.0,334.25,525.5,526.5,530.0,303.0,526.5,525.0,519.5,-0.002,5.169,0.0,14.807,1.345,0.326,-0.008,0.003,-0.001,-0.002
9072007,1142,1.0,1.0,1.0,1.0,100.0,34.958,40.0,40.0,40.0,1.0,1.0,1322.401,332.65,0.012,11.807,0.0,80.0,55.0,1.4,1959.75,1999.077,1913.809,346.037,55.148,72.695,72.286,72.73,52.119,1.379,2.522,0.344,72.571,58.063,89.751,49.741,0.0,72.036,87.925,80.376,89.361,33.214,53.929,42.333,-10.82,52.563,97.0,71.938,74.563,55.5,56.438,0.0,47.75,72.0,70.0,1000.0,200.0,0.238,304.75,71.063,70.0,-0.052,72.125,71.25,55.75,56.406,0.0,42.0,72.0,70.0,1000.0,200.0,0.189,477.0,77.875,75.5,0.01,71.875,70.938,55.969,57.0,0.0,58.219,72.0,70.0,1000.0,200.0,0.237,531.5,75.813,76.125,0.022,72.063,69.188,55.844,57.188,0.0,63.438,72.0,70.0,1000.0,200.0,0.346,644.0,76.563,73.5,-0.004,1.0,1.0,1.0,1.0,1.0,1.0,1.0,1.0,1.0,1.0,1.0,1.0,1.0,1.0,1.0,1.0,12.638,12.64,11.739,12.318,1.0,1.0,1.0,1.0,1.0,1.0,1.0,1.0,1.0,1.0,1.0,1.0,1.0,1.0,1.0,1.0,334.0,525.5,526.5,530.0,303.0,527.0,525.5,519.5,-0.002,5.198,0.0,14.965,1.322,0.333,-0.008,0.003,-0.001,-0.002
9072007,1143,1.0,1.0,1.0,1.0,100.0,35.178,40.0,40.0,40.0,1.0,1.0,1335.286,326.794,0.022,11.703,0.0,80.0,55.0,1.4,1959.75,2010.747,1932.622,346.344,55.148,72.801,72.391,72.73,52.119,1.364,2.54,0.351,72.592,58.073,89.667,49.685,0.0,72.036,87.925,80.482,89.287,33.214,53.825,42.333,-10.82,52.438,96.938,71.938,74.25,55.688,56.563,0.0,48.156,72.0,70.0,1000.0,200.0,0.235,302.5,71.0,70.0,-0.052,72.125,71.563,55.75,56.5,0.0,42.5,72.0,70.0,1000.0,200.0,0.187,474.5,77.875,75.563,0.01,72.188,71.563,55.969,57.0,0.0,58.188,72.0,70.0,1000.0,200.0,0.246,542.0,75.813,76.125,0.02,72.0,69.25,56.063,57.188,0.0,63.688,72.0,70.0,1000.0,200.0,0.345,641.5,76.563,73.563,-0.004,1.0,1.0,1.0,1.0,1.0,1.0,1.0,1.0,1.0,1.0,1.0,1.0,1.0,1.0,1.0,1.0,12.652,12.655,11.747,12.33,1.0,1.0,1.0,1.0,1.0,1.0,1.0,1.0,1.0,1.0,1.0,1.0,1.0,1.0,1.0,1.0,334.25,525.5,526.5,530.0,303.0,527.5,525.0,519.5,-0.004,5.178,0.0,14.833,1.335,0.327,-0.008,0.003,-0.001,-0.002
9072007,1144,1.0,1.0,1.0,1.0,100.0,35.346,40.0,40.0,40.0,1.0,1.0,1354.026,336.164,0.012,11.762,0.0,80.0,55.0,1.4,1962.5,2020.759,1948.065,351.075,55.148,72.907,72.391,72.836,52.012,1.383,2.537,0.344,72.694,58.09,89.807,49.797,0.0,72.036,87.851,80.482,89.287,33.214,53.929,42.333,-10.82,52.469,96.938,72.0,74.125,55.688,56.438,0.0,47.469,72.0,70.0,1000.0,200.0,0.245,310.25,71.0,70.0,-0.052,72.25,71.313,55.844,56.5,0.0,42.375,72.0,70.0,1000.0,200.0,0.192,479.5,77.875,75.5,0.01,72.188,71.563,55.969,57.0,0.0,58.844,72.0,70.0,1000.0,200.0,0.248,544.5,75.813,76.125,0.017,72.0,69.188,56.063,57.188,0.0,63.438,72.0,70.0,1000.0,200.0,0.341,639.0,76.313,73.563,-0.004,1.0,1.0,1.0,1.0,1.0,1.0,1.0,1.0,1.0,1.0,1.0,1.0,1.0,1.0,1.0,1.0,12.637,12.645,11.726,12.32,1.0,1.0,1.0,1.0,1.0,1.0,1.0,1.0,1.0,1.0,1.0,1.0,1.0,1.0,1.0,1.0,333.5,525.5,526.0,530.0,303.25,528.0,525.0,519.5,-0.002,5.178,0.0,14.908,1.354,0.336,-0.008,0.003,-0.001,-0.002
9072007,1145,1.0,1.0,1.0,1.0,100.0,36.1,40.0,40.0,40.0,1.0,1.0,1345.827,340.849,0.012,11.852,0.0,80.0,55.0,1.4,1975.25,2020.759,1953.223,348.032,55.363,72.907,72.496,72.942,52.226,1.398,2.555,0.362,72.729,58.174,89.835,49.825,0.0,72.466,87.777,80.376,89.213,33.214,53.825,42.333,-10.82,52.531,96.938,72.0,74.563,55.688,56.438,0.0,46.656,72.0,70.0,1000.0,200.0,0.25,313.25,71.0,70.0,-0.052,72.25,71.25,55.844,56.5,0.0,43.219,72.0,70.0,1000.0,200.0,0.193,481.0,77.875,75.563,0.01,72.063,72.0,55.969,57.125,0.0,58.063,72.0,70.0,1000.0,200.0,0.241,535.0,75.813,76.125,0.018,72.063,69.188,56.063,57.188,0.0,62.688,72.0,70.0,1000.0,200.0,0.346,643.5,76.313,73.563,-0.004,1.0,1.0,1.0,1.0,1.0,1.0,1.0,1.0,1.0,1.0,1.0,1.0,1.0,1.0,1.0,1.0,12.624,12.627,11.71,12.305,1.0,1.0,1.0,1.0,1.0,1.0,1.0,1.0,1.0,1.0,1.0,1.0,1.0,1.0,1.0,1.0,333.25,526.0,526.5,530.5,303.25,527.5,525.5,519.5,-0.002,5.244,0.0,15.022,1.346,0.341,-0.008,0.003,-0.001,-0.002
9072007,1146,1.0,1.0,1.0,1.0,100.0,35.996,40.0,40.0,40.0,1.0,1.0,1357.54,337.335,0.012,11.807,0.0,80.0,55.0,1.4,1969.0,2027.438,1949.784,347.334,55.148,72.801,72.286,72.73,52.119,1.375,2.522,0.362,72.742,58.194,89.751,49.825,0.0,72.144,87.777,80.376,89.14,33.214,53.929,42.333,-10.82,52.531,97.0,72.125,74.25,55.813,56.563,0.0,48.25,72.0,70.0,1000.0,200.0,0.235,302.25,71.0,69.75,-0.052,72.25,71.313,55.844,56.5,0.0,43.719,72.0,70.0,1000.0,200.0,0.193,481.75,77.688,75.563,0.01,72.188,71.188,55.969,57.0,0.0,58.125,72.0,70.0,1000.0,200.0,0.253,552.5,75.813,76.125,0.021,72.063,69.25,56.063,57.281,0.0,63.875,72.0,70.0,1000.0,200.0,0.341,639.0,76.313,73.563,-0.004,1.0,1.0,1.0,1.0,1.0,1.0,1.0,1.0,1.0,1.0,1.0,1.0,1.0,1.0,1.0,1.0,12.632,12.65,11.73,12.322,1.0,1.0,1.0,1.0,1.0,1.0,1.0,1.0,1.0,1.0,1.0,1.0,1.0,1.0,1.0,1.0,333.75,525.5,526.0,530.0,303.0,528.5,525.5,519.5,-0.002,5.198,0.0,14.965,1.358,0.337,-0.01,0.003,-0.001,-0.002
9072007,1147,1.0,1.0,1.0,1.0,100.0,37.006,40.0,40.0,40.0,1.0,1.0,1368.082,334.993,0.022,11.777,0.0,80.0,55.0,1.4,1977.5,2040.808,1951.503,351.894,55.471,72.801,72.286,72.73,52.333,1.36,2.569,0.333,72.926,58.228,89.919,49.881,0.0,72.573,87.777,80.482,89.213,33.287,53.929,42.406,-10.82,52.688,96.875,72.125,74.438,55.813,56.563,0.0,48.031,72.0,70.0,1000.0,200.0,0.238,306.0,71.0,70.0,-0.052,72.125,71.563,55.844,56.688,0.0,43.25,72.0,70.0,1000.0,200.0,0.193,480.0,77.875,75.563,0.01,72.375,71.625,56.094,57.0,0.0,58.719,72.0,70.0,1000.0,200.0,0.256,556.5,75.938,76.125,0.018,72.063,69.438,56.125,57.281,0.0,64.625,72.0,70.0,1000.0,200.0,0.354,649.5,76.313,73.5,-0.004,1.0,1.0,1.0,1.0,1.0,1.0,1.0,1.0,1.0,1.0,1.0,1.0,1.0,1.0,1.0,1.0,12.648,12.659,11.739,12.333,1.0,1.0,1.0,1.0,1.0,1.0,1.0,1.0,1.0,1.0,1.0,1.0,1.0,1.0,1.0,1.0,333.75,525.5,526.0,530.0,303.25,528.0,525.0,519.5,-0.004,5.203,0.0,14.927,1.368,0.335,-0.008,0.003,-0.0,-0.002
9072007,1148,1.0,1.0,1.0,1.0,100.0,36.875,40.0,40.0,40.0,1.0,1.0,1384.48,325.622,0.012,11.777,0.0,80.0,55.0,1.4,1977.5,2059.216,1954.944,360.909,55.148,72.907,72.601,72.942,52.226,1.333,2.519,0.348,73.033,58.354,89.919,49.825,0.0,72.466,87.629,80.376,89.14,33.214,53.929,42.333,-10.82,52.719,96.875,72.313,74.563,55.813,56.563,0.0,48.438,72.0,70.0,1000.0,200.0,0.244,309.0,71.0,69.75,-0.052,72.25,71.313,55.844,56.5,0.0,43.656,72.0,70.0,1000.0,200.0,0.193,485.25,77.688,75.563,0.01,72.375,71.938,56.094,57.125,0.0,59.625,72.0,70.0,1000.0,200.0,0.27,568.0,75.938,76.125,0.021,72.063,69.438,56.125,57.281,0.0,65.75,72.0,70.0,1000.0,200.0,0.35,647.5,76.313,73.563,-0.004,1.0,1.0,1.0,1.0,1.0,1.0,1.0,1.0,1.0,1.0,1.0,1.0,1.0,1.0,1.0,1.0,12.635,12.647,11.735,12.32,1.0,1.0,1.0,1.0,1.0,1.0,1.0,1.0,1.0,1.0,1.0,1.0,1.0,1.0,1.0,1.0,333.75,525.5,526.0,530.0,303.25,528.5,525.0,519.5,-0.002,5.184,0.0,14.927,1.384,0.326,-0.01,0.003,-0.001,-0.002
9072007,1149,1.0,1.0,1.0,1.0,100.0,37.531,40.0,40.0,40.0,1.0,1.0,1366.911,336.164,0.022,11.673,0.0,80.0,55.0,1.4,2012.5,2035.792,1944.63,357.486,55.363,72.907,72.391,72.836,52.333,1.394,2.519,0.381,73.151,58.571,90.06,49.825,0.0,72.573,87.777,80.376,89.066,33.36,54.138,42.479,-10.82,52.875,97.0,72.125,74.25,55.813,56.75,0.0,47.781,72.0,70.0,1000.0,200.0,0.249,311.75,70.938,69.75,-0.052,72.313,71.125,55.844,56.688,0.0,44.219,72.0,70.0,1000.0,200.0,0.193,483.75,77.688,75.563,0.01,72.375,72.0,56.188,57.125,0.0,59.5,72.0,70.0,1000.0,200.0,0.259,556.5,75.938,76.125,0.025,72.313,69.688,56.125,57.281,0.0,63.75,72.0,70.0,1000.0,200.0,0.357,652.5,76.25,73.563,-0.004,1.0,1.0,1.0,1.0,1.0,1.0,1.0,1.0,1.0,1.0,1.0,1.0,1.0,1.0,1.0,1.0,12.66,12.681,11.755,12.354,1.0,1.0,1.0,1.0,1.0,1.0,1.0,1.0,1.0,1.0,1.0,1.0,1.0,1.0,1.0,1.0,334.5,525.5,526.0,530.0,303.0,528.5,525.0,519.5,-0.004,5.123,0.0,14.795,1.367,0.336,-0.009,0.003,-0.001,-0.002
9072007,1150,1.0,1.0,1.0,1.0,100.0,38.291,40.0,40.0,40.0,1.0,1.0,1412.592,339.678,0.022,11.777,0.0,80.0,55.0,1.4,2017.5,2079.328,1968.729,355.295,55.471,72.907,72.496,72.836,52.44,1.364,2.562,0.348,73.373,58.656,90.004,49.769,0.0,72.788,87.703,80.163,89.066,33.287,54.138,42.479,-10.82,52.875,96.875,72.0,74.563,55.906,56.75,0.0,47.813,72.0,70.0,1000.0,200.0,0.248,311.0,70.938,69.75,-0.052,72.125,71.25,55.938,56.688,0.0,44.25,72.0,70.0,1000.0,200.0,0.194,486.0,77.688,75.563,0.01,72.375,72.0,56.188,57.219,0.0,59.594,72.0,70.0,1000.0,200.0,0.272,570.0,75.938,76.125,0.022,72.313,69.5,56.125,57.344,0.0,65.875,72.0,70.0,1000.0,200.0,0.362,659.5,76.25,73.563,-0.004,1.0,1.0,1.0,1.0,1.0,1.0,1.0,1.0,1.0,1.0,1.0,1.0,1.0,1.0,1.0,1.0,12.652,12.672,11.751,12.343,1.0,1.0,1.0,1.0,1.0,1.0,1.0,1.0,1.0,1.0,1.0,1.0,1.0,1.0,1.0,1.0,334.25,526.0,526.0,530.0,303.25,527.5,525.0,519.5,-0.004,5.192,0.0,15.046,1.413,0.34,-0.009,0.003,-0.001,-0.002
9072007,1151,1.0,1.0,1.0,1.0,100.0,39.356,40.0,40.0,40.0,1.0,1.0,1436.018,354.905,0.012,11.762,0.0,80.0,55.0,1.4,2017.5,2089.397,1986.013,363.77,55.686,72.907,72.496,72.836,52.547,1.368,2.573,0.366,73.572,58.864,89.919,49.881,0.0,73.218,87.629,80.27,88.992,33.36,54.138,42.551,-10.82,52.719,96.875,72.0,74.563,55.906,56.906,0.0,47.906,72.0,70.0,1000.0,200.0,0.247,310.25,70.938,69.688,-0.052,72.25,71.25,56.125,56.781,0.0,43.094,72.0,70.0,1000.0,200.0,0.205,495.75,77.688,75.563,0.01,72.313,71.625,56.188,57.219,0.0,60.406,72.0,70.0,1000.0,200.0,0.269,571.0,75.813,76.125,0.021,72.375,69.438,56.219,57.344,0.0,65.688,72.0,70.0,1000.0,200.0,0.365,662.0,76.313,73.563,-0.004,1.0,1.0,1.0,1.0,1.0,1.0,1.0,1.0,1.0,1.0,1.0,1.0,1.0,1.0,1.0,1.0,12.668,12.681,11.759,12.354,1.0,1.0,1.0,1.0,1.0,1.0,1.0,1.0,1.0,1.0,1.0,1.0,1.0,1.0,1.0,1.0,334.75,525.5,525.5,530.0,303.25,528.5,525.0,519.5,-0.002,5.203,0.0,15.025,1.436,0.355,-0.01,0.003,-0.001,-0.002
9072007,1152,1.0,1.0,1.0,1.0,100.0,39.835,40.0,40.0,40.0,1.0,1.0,1437.189,343.192,0.022,11.792,0.0,80.0,55.0,1.4,2043.0,2091.076,1982.552,371.167,55.578,72.907,72.391,72.942,52.547,1.356,2.598,0.348,73.807,58.987,89.919,49.937,0.0,73.11,87.555,80.27,88.992,33.433,54.138,42.551,-10.82,52.781,96.813,72.0,74.438,56.0,56.906,0.0,47.656,72.0,70.0,1000.0,200.0,0.246,309.5,70.938,69.75,-0.052,72.125,71.313,56.125,56.781,0.0,44.063,72.0,70.0,1000.0,200.0,0.197,483.0,77.688,75.563,0.01,72.5,71.438,56.188,57.344,0.0,59.688,72.0,70.0,1000.0,200.0,0.278,580.5,75.938,76.125,0.021,72.375,69.438,56.219,57.344,0.0,66.625,72.0,70.0,1000.0,200.0,0.377,673.0,76.25,73.563,-0.004,1.0,1.0,1.0,1.0,1.0,1.0,1.0,1.0,1.0,1.0,1.0,1.0,1.0,1.0,1.0,1.0,12.647,12.662,11.751,12.336,1.0,1.0,1.0,1.0,1.0,1.0,1.0,1.0,1.0,1.0,1.0,1.0,1.0,1.0,1.0,1.0,334.5,525.5,525.5,530.0,303.25,527.5,525.0,519.0,-0.004,5.193,0.0,14.943,1.437,0.343,-0.009,0.003,-0.001,-0.002
9072007,1153,1.0,1.0,1.0,1.0,100.0,40.792,40.0,40.0,40.0,1.0,1.0,1458.272,342.021,0.012,11.837,0.0,80.0,55.0,1.4,2048.0,2101.155,1982.552,379.041,55.686,73.225,72.601,73.153,52.654,1.368,2.569,0.344,73.917,59.095,90.004,50.133,0.0,73.218,87.407,80.163,88.844,33.433,54.347,42.697,-10.82,53.031,96.813,71.938,74.25,56.0,56.906,0.0,47.219,72.0,70.0,1000.0,200.0,0.248,311.5,70.938,69.75,-0.052,72.25,71.688,56.125,56.781,0.0,43.188,72.0,70.0,1000.0,200.0,0.206,498.0,77.563,75.563,0.01,72.375,71.938,56.281,57.344,0.0,60.531,72.0,70.0,1000.0,200.0,0.273,570.5,75.938,76.125,0.018,72.313,69.25,56.344,57.344,0.0,66.063,72.0,70.0,1000.0,200.0,0.382,676.0,76.25,73.563,-0.004,1.0,1.0,1.0,1.0,1.0,1.0,1.0,1.0,1.0,1.0,1.0,1.0,1.0,1.0,1.0,1.0,12.651,12.675,11.759,12.346,1.0,1.0,1.0,1.0,1.0,1.0,1.0,1.0,1.0,1.0,1.0,1.0,1.0,1.0,1.0,1.0,334.5,525.5,525.5,530.5,303.0,528.0,525.0,519.5,-0.002,5.243,0.0,15.241,1.458,0.342,-0.009,0.003,-0.0,-0.002
9072007,1154,1.0,1.0,1.0,1.0,100.0,41.97,40.0,40.0,40.0,1.0,1.0,1426.647,346.706,0.022,11.717,0.0,80.0,55.0,1.4,2056.0,2116.287,2001.621,367.525,55.901,73.225,72.812,73.047,52.761,1.345,2.601,0.359,74.028,59.188,89.583,50.077,0.0,73.433,87.481,80.163,88.844,33.58,54.242,42.988,-10.828,52.563,96.938,71.938,74.563,56.125,56.969,0.0,47.188,72.0,70.0,1000.0,200.0,0.245,308.0,70.813,69.75,-0.052,72.25,71.563,56.25,56.938,0.0,43.125,72.0,70.0,1000.0,200.0,0.208,499.25,77.563,75.688,0.01,72.188,71.938,56.5,57.344,0.0,60.313,72.0,70.0,1000.0,200.0,0.281,577.0,75.813,76.125,0.02,72.375,69.438,56.344,57.438,0.0,66.875,72.0,70.0,1000.0,200.0,0.374,669.5,76.25,73.563,-0.004,1.0,1.0,1.0,1.0,1.0,1.0,1.0,1.0,1.0,1.0,1.0,1.0,1.0,1.0,1.0,1.0,12.65,12.665,11.749,12.336,1.0,1.0,1.0,1.0,1.0,1.0,1.0,1.0,1.0,1.0,1.0,1.0,1.0,1.0,1.0,1.0,334.5,525.5,525.5,530.5,303.0,528.0,525.0,519.5,-0.004,5.335,0.0,15.32,1.427,0.347,-0.008,0.003,-0.001,-0.002
9072007,1155,1.0,1.0,1.0,1.0,100.0,42.126,40.0,40.0,40.0,1.0,1.0,1452.416,346.706,0.012,11.822,0.0,80.0,55.0,1.4,2056.0,2099.474,1996.413,372.469,55.578,73.013,72.496,72.942,52.44,1.387,2.619,0.366,74.064,59.242,89.162,49.881,0.0,73.218,87.407,80.163,88.918,33.58,53.929,43.207,-10.82,52.656,96.688,72.0,74.688,56.0,56.906,0.0,47.969,72.0,70.0,1000.0,200.0,0.236,303.75,70.813,69.75,-0.052,72.25,71.563,56.125,56.938,0.0,44.469,72.0,70.0,1000.0,200.0,0.197,486.0,77.688,75.688,0.01,72.313,72.0,56.281,57.344,0.0,59.844,72.0,70.0,1000.0,200.0,0.283,585.5,75.938,76.125,0.021,72.375,69.5,56.344,57.438,0.0,67.0,72.0,70.0,1000.0,200.0,0.385,678.0,76.125,73.563,-0.004,1.0,1.0,1.0,1.0,1.0,1.0,1.0,1.0,1.0,1.0,1.0,1.0,1.0,1.0,1.0,1.0,12.657,12.678,11.762,12.354,1.0,1.0,1.0,1.0,1.0,1.0,1.0,1.0,1.0,1.0,1.0,1.0,1.0,1.0,1.0,1.0,334.5,525.5,525.5,530.5,303.25,528.5,525.0,519.5,-0.003,5.593,0.0,15.817,1.452,0.347,-0.008,0.003,-0.001,-0.001
9072007,1156,1.0,1.0,1.0,1.0,100.0,42.47,40.0,40.0,40.0,1.0,1.0,1453.587,342.021,0.022,11.747,0.0,80.0,55.0,1.4,2056.0,2124.702,1998.148,378.062,55.471,73.013,72.496,73.153,52.333,1.36,2.623,0.344,74.188,59.307,89.19,49.909,0.0,73.218,87.481,80.163,88.918,33.727,53.72,43.28,-10.82,52.688,96.688,71.938,74.438,55.906,56.906,0.0,48.344,72.0,70.0,1000.0,200.0,0.235,304.25,70.813,69.688,-0.052,72.438,71.688,56.125,56.781,0.0,45.25,72.0,70.0,1000.0,200.0,0.212,512.0,77.563,75.563,0.01,72.313,71.938,56.188,57.344,0.0,60.438,72.0,70.0,1000.0,200.0,0.28,576.0,75.813,76.125,0.018,72.375,69.5,56.219,57.344,0.0,68.25,72.0,70.0,1000.0,200.0,0.382,674.5,76.125,73.563,-0.004,1.0,1.0,1.0,1.0,1.0,1.0,1.0,1.0,1.0,1.0,1.0,1.0,1.0,1.0,1.0,1.0,12.64,12.662,11.752,12.336,1.0,1.0,1.0,1.0,1.0,1.0,1.0,1.0,1.0,1.0,1.0,1.0,1.0,1.0,1.0,1.0,334.0,526.0,525.5,531.0,303.0,528.5,525.5,519.5,-0.004,5.613,0.0,15.595,1.454,0.342,-0.009,0.003,-0.001,-0.001
9072007,1157,1.0,1.0,1.0,1.0,100.0,43.067,40.0,40.0,40.0,1.0,1.0,1465.3,346.706,0.012,11.777,0.0,80.0,55.0,1.4,2082.0,2117.97,2012.052,381.343,55.471,73.119,72.601,73.153,52.226,1.379,2.648,0.351,74.447,59.486,89.274,49.965,0.0,73.003,87.333,80.163,88.77,33.727,53.616,43.425,-10.82,52.438,96.688,71.938,74.563,55.906,56.906,0.0,47.375,72.0,70.0,1000.0,200.0,0.246,311.0,70.813,69.688,-0.052,72.313,71.313,56.125,56.781,0.0,44.688,72.0,70.0,1000.0,200.0,0.216,501.5,77.563,75.688,0.01,72.313,72.0,56.281,57.219,0.0,60.813,72.0,70.0,1000.0,200.0,0.278,575.5,75.938,76.125,0.019,72.313,69.688,56.219,57.344,0.0,66.688,72.0,70.0,1000.0,200.0,0.394,688.5,76.125,73.75,-0.004,1.0,1.0,1.0,1.0,1.0,1.0,1.0,1.0,1.0,1.0,1.0,1.0,1.0,1.0,1.0,1.0,12.63,12.653,11.745,12.327,1.0,1.0,1.0,1.0,1.0,1.0,1.0,1.0,1.0,1.0,1.0,1.0,1.0,1.0,1.0,1.0,334.5,525.5,525.5,531.0,303.0,528.0,525.5,519.5,-0.002,5.743,0.0,15.872,1.465,0.347,-0.009,0.003,-0.001,-0.001
9072007,1158,1.0,1.0,1.0,1.0,100.0,43.317,40.0,40.0,40.0,1.0,1.0,1489.898,353.734,0.012,11.866,0.0,80.0,55.0,1.4,2077.0,2131.438,2019.02,377.397,55.363,72.907,72.391,72.942,52.226,1.372,2.67,0.373,74.548,59.587,89.274,49.937,0.0,73.003,87.333,80.163,88.77,33.8,53.511,43.425,-10.82,52.531,96.5,72.0,74.125,55.906,56.906,0.0,47.0,72.0,70.0,1000.0,200.0,0.248,311.5,70.813,69.688,-0.052,72.25,71.313,56.125,56.781,0.0,44.656,72.0,70.0,1000.0,200.0,0.215,507.75,77.563,75.688,0.01,72.188,71.563,56.188,57.219,0.0,60.906,72.0,70.0,1000.0,200.0,0.277,575.5,75.938,76.313,0.017,72.063,69.25,56.219,57.344,0.0,67.438,72.0,70.0,1000.0,200.0,0.392,687.0,76.0,73.75,-0.004,1.0,1.0,1.0,1.0,1.0,1.0,1.0,1.0,1.0,1.0,1.0,1.0,1.0,1.0,1.0,1.0,12.638,12.658,11.76,12.327,1.0,1.0,1.0,1.0,1.0,1.0,1.0,1.0,1.0,1.0,1.0,1.0,1.0,1.0,1.0,1.0,334.75,525.0,526.5,531.0,303.25,526.5,525.5,519.5,-0.002,5.794,0.0,15.872,1.49,0.354,-0.009,0.003,-0.001,-0.001
9072007,1159,1.0,1.0,1.0,1.0,100.0,43.74,40.0,40.0,40.0,1.0,1.0,1461.786,350.22,0.022,11.866,0.0,80.0,55.0,1.4,2086.5,2111.241,2013.793,377.786,55.363,72.907,72.391,72.836,52.226,1.394,2.623,0.362,74.57,59.695,89.19,49.993,0.0,73.003,87.259,79.951,88.696,33.946,53.511,43.717,-10.82,52.438,96.625,72.125,74.688,55.906,56.906,0.0,47.281,72.0,70.0,1000.0,200.0,0.245,308.0,70.813,69.688,-0.052,72.125,71.313,55.938,56.688,0.0,43.906,72.0,70.0,1000.0,200.0,0.218,511.25,77.563,75.688,0.01,72.313,71.563,56.188,57.219,0.0,60.531,72.0,70.0,1000.0,200.0,0.282,579.5,75.938,76.125,0.022,72.063,69.438,56.219,57.344,0.0,67.25,72.0,70.0,1000.0,200.0,0.38,676.0,76.125,73.563,-0.004,1.0,1.0,1.0,1.0,1.0,1.0,1.0,1.0,1.0,1.0,1.0,1.0,1.0,1.0,1.0,1.0,12.627,12.643,11.755,12.318,1.0,1.0,1.0,1.0,1.0,1.0,1.0,1.0,1.0,1.0,1.0,1.0,1.0,1.0,1.0,1.0,334.5,525.0,526.0,531.0,303.0,527.0,525.5,519.5,-0.004,5.926,0.0,16.112,1.462,0.35,-0.009,0.003,-0.001,-0.001
9072007,1200,1.0,1.0,1.0,1.0,100.0,43.96,40.0,40.0,40.0,1.0,1.0,1469.985,353.734,0.012,11.777,0.0,80.0,55.0,1.4,2086.5,2126.385,2008.573,388.526,55.255,72.801,72.286,73.047,52.012,1.375,2.641,0.37,74.63,59.657,88.994,50.077,0.0,72.788,87.259,80.057,88.622,34.02,53.198,43.79,-10.82,52.406,96.5,72.0,74.563,55.813,56.906,0.0,47.969,72.0,70.0,1000.0,200.0,0.237,307.75,70.563,69.688,-0.052,72.0,71.563,55.938,56.688,0.0,43.75,72.0,70.0,1000.0,200.0,0.214,499.75,77.563,75.688,0.01,72.063,71.313,56.094,57.219,0.0,59.688,72.0,70.0,1000.0,200.0,0.284,581.5,75.813,76.125,0.021,72.063,69.25,56.219,57.281,0.0,65.438,72.0,70.0,1000.0,200.0,0.388,682.0,76.0,73.75,-0.004,1.0,1.0,1.0,1.0,1.0,1.0,1.0,1.0,1.0,1.0,1.0,1.0,1.0,1.0,1.0,1.0,12.652,12.67,11.77,12.343,1.0,1.0,1.0,1.0,1.0,1.0,1.0,1.0,1.0,1.0,1.0,1.0,1.0,1.0,1.0,1.0,335.0,524.5,526.5,531.0,303.25,526.5,525.5,519.5,-0.002,6.0,0.0,15.989,1.47,0.354,-0.007,0.003,-0.001,-0.001
9072007,1201,1.0,1.0,1.0,1.0,100.0,44.567,40.0,40.0,40.0,1.0,1.0,1469.985,347.877,0.012,11.747,0.0,80.0,55.0,1.4,2063.5,2116.287,2006.834,376.955,55.363,73.013,72.496,72.942,52.012,1.391,2.655,0.359,74.61,59.68,89.05,49.881,0.0,72.681,87.185,80.057,88.549,34.093,53.198,43.79,-10.82,52.156,96.5,72.0,74.125,55.688,56.563,0.0,47.469,72.0,70.0,1000.0,200.0,0.248,309.25,70.563,69.625,-0.052,72.0,71.563,55.844,56.5,0.0,43.531,72.0,70.0,1000.0,200.0,0.21,502.5,77.563,75.688,0.01,72.063,71.313,55.969,57.125,0.0,60.594,72.0,70.0,1000.0,200.0,0.276,576.0,75.813,76.125,0.021,72.0,69.25,56.125,57.344,0.0,66.438,72.0,70.0,1000.0,200.0,0.383,679.5,76.0,73.75,-0.004,0.0,1.0,0.0,1.0,0.0,1.0,0.0,1.0,0.0,1.0,0.0,1.0,0.0,1.0,0.0,1.0,6.35,6.388,5.91,6.207,1.0,1.0,1.0,1.0,1.0,1.0,1.0,1.0,1.0,1.0,1.0,1.0,1.0,1.0,1.0,1.0,335.0,525.0,526.5,531.5,303.0,527.0,525.5,519.5,-0.002,5.962,0.0,15.829,1.47,0.348,-0.007,0.003,-0.001,-0.001
9072007,1202,1.0,1.0,1.0,1.0,100.0,44.882,40.0,40.0,40.0,1.0,1.0,1469.985,347.877,0.012,11.807,0.0,80.0,55.0,1.4,2071.75,2104.516,2015.535,376.771,55.363,72.695,71.971,72.625,52.012,1.417,2.67,0.355,74.557,59.679,88.882,50.217,0.0,72.466,87.185,80.163,88.622,34.093,53.093,43.862,-10.82,52.094,96.375,72.125,73.563,55.813,56.563,0.0,47.688,72.0,70.0,1000.0,200.0,0.242,307.0,70.813,69.688,-0.052,72.0,71.25,55.844,56.5,0.0,42.813,72.0,70.0,1000.0,200.0,0.215,506.25,77.438,75.688,0.01,71.75,70.938,56.094,57.125,0.0,59.656,72.0,70.0,1000.0,200.0,0.274,570.5,75.938,76.313,0.017,71.938,69.188,56.063,57.281,0.0,66.063,72.0,70.0,1000.0,200.0,0.381,674.5,76.0,73.75,-0.004,0.0,1.0,0.0,1.0,0.0,1.0,0.0,1.0,0.0,1.0,0.0,1.0,0.0,1.0,0.0,1.0,6.36,6.396,5.913,6.215,1.0,1.0,1.0,1.0,1.0,1.0,1.0,1.0,1.0,1.0,1.0,1.0,1.0,1.0,1.0,1.0,335.5,525.0,526.5,531.5,303.0,527.5,525.5,519.5,-0.002,6.071,0.0,16.027,1.47,0.348,-0.009,0.003,-0.001,-0.001
9072007,1203,1.0,1.0,1.0,1.0,100.0,44.887,40.0,40.0,40.0,1.0,1.0,1438.36,343.192,0.022,11.732,0.0,80.0,55.0,1.4,2046.25,2077.651,1980.822,372.85,55.255,72.482,71.55,72.625,51.798,1.44,2.663,0.37,74.421,59.588,88.742,50.666,0.0,72.358,87.111,79.951,88.401,34.239,52.884,43.79,-10.828,52.125,96.438,71.938,72.063,55.5,56.438,0.0,47.5,72.0,70.0,1000.0,200.0,0.243,308.75,70.563,69.688,-0.052,72.0,71.0,55.75,56.5,0.0,44.125,72.0,70.0,1000.0,200.0,0.204,497.25,77.438,75.688,0.01,71.75,70.625,55.969,57.0,0.0,58.938,72.0,70.0,1000.0,200.0,0.269,567.0,75.938,76.313,0.021,71.813,68.813,56.063,57.281,0.0,65.375,72.0,70.0,1000.0,200.0,0.372,665.5,76.125,73.75,-0.004,0.0,1.0,0.0,1.0,0.0,1.0,0.0,1.0,0.0,1.0,0.0,1.0,0.0,1.0,0.0,1.0,6.376,6.416,5.935,6.233,1.0,1.0,1.0,1.0,1.0,1.0,1.0,1.0,1.0,1.0,1.0,1.0,1.0,1.0,1.0,1.0,336.25,525.0,526.5,531.5,303.25,527.0,526.0,519.5,-0.004,6.01,0.0,15.57,1.438,0.343,-0.007,0.003,-0.001,-0.001
9072007,1204,1.0,1.0,1.0,1.0,100.0,43.92,40.0,40.0,40.0,1.0,1.0,1425.476,346.706,0.022,11.807,0.0,80.0,55.0,1.4,2038.75,2081.006,1991.211,365.863,54.825,72.376,71.34,72.413,51.583,1.486,2.666,0.373,74.384,59.561,88.657,50.946,0.0,71.929,87.111,79.951,88.549,34.313,52.675,43.862,-10.82,52.0,96.313,71.813,72.063,55.5,56.438,0.0,46.719,72.0,70.0,1000.0,200.0,0.245,310.75,70.563,69.688,-0.052,71.75,70.75,55.75,56.406,0.0,42.719,72.0,70.0,1000.0,200.0,0.21,494.0,77.438,75.688,0.01,71.313,70.125,55.875,57.0,0.0,58.031,72.0,70.0,1000.0,200.0,0.262,558.5,75.938,76.125,0.021,71.375,68.5,56.063,57.188,0.0,63.875,72.0,70.0,1000.0,200.0,0.359,656.5,76.0,73.75,-0.004,0.0,1.0,0.0,1.0,0.0,1.0,0.0,1.0,0.0,1.0,0.0,1.0,0.0,1.0,0.0,1.0,6.363,6.405,5.926,6.223,1.0,1.0,1.0,1.0,1.0,1.0,1.0,1.0,1.0,1.0,1.0,1.0,1.0,1.0,1.0,1.0,336.0,525.0,526.5,531.5,303.0,527.5,526.0,519.5,-0.004,6.14,0.0,15.666,1.425,0.347,-0.007,0.003,-0.001,-0.001
9072007,1205,1.0,1.0,1.0,1.0,100.0,43.411,40.0,40.0,40.0,1.0,1.0,1413.763,347.877,0.022,11.807,0.0,80.0,55.0,1.4,2038.75,2032.45,1984.282,359.57,54.717,72.164,71.129,72.202,51.476,1.452,2.627,0.362,73.901,59.273,88.545,51.198,0.0,71.821,86.963,80.057,88.401,34.313,52.675,43.79,-10.82,52.125,96.313,71.75,71.563,55.406,56.344,0.0,45.656,72.0,70.0,1000.0,200.0,0.249,311.75,70.813,69.625,-0.052,72.125,70.313,55.531,56.406,0.0,43.781,72.0,70.0,1000.0,200.0,0.208,505.5,77.438,75.688,0.01,71.625,69.75,55.656,57.0,0.0,57.781,72.0,70.0,1000.0,200.0,0.25,544.5,75.938,76.125,0.019,71.125,68.25,55.844,57.188,0.0,62.313,72.0,70.0,1000.0,200.0,0.334,631.5,76.0,73.75,-0.004,0.0,1.0,0.0,1.0,0.0,1.0,0.0,1.0,0.0,1.0,0.0,1.0,0.0,1.0,0.0,1.0,6.358,6.398,5.921,6.215,1.0,1.0,1.0,1.0,1.0,1.0,1.0,1.0,1.0,1.0,1.0,1.0,1.0,1.0,1.0,1.0,336.0,525.0,526.5,531.0,303.0,528.0,526.0,519.5,-0.005,6.094,0.0,15.547,1.414,0.348,-0.009,0.003,-0.001,-0.001
9072007,1206,1.0,1.0,1.0,1.0,100.0,42.837,40.0,40.0,40.0,1.0,1.0,1365.74,333.821,0.012,11.688,0.0,80.0,55.0,1.4,1989.5,2002.41,1936.05,352.62,54.717,72.058,70.919,72.097,51.262,1.467,2.587,0.355,73.536,58.876,88.545,51.394,0.0,71.714,87.037,79.845,88.475,34.386,52.362,43.717,-10.82,52.156,96.313,71.438,71.125,55.188,56.344,0.0,46.125,72.0,70.0,1000.0,200.0,0.235,302.5,70.563,69.625,-0.052,72.125,70.313,55.344,56.313,0.0,44.844,72.0,70.0,1000.0,200.0,0.208,498.75,77.438,75.688,0.01,71.5,69.75,55.625,56.813,0.0,56.625,72.0,70.0,1000.0,200.0,0.248,546.0,75.938,76.313,0.019,70.875,68.063,55.75,56.969,0.0,61.125,72.0,70.0,1000.0,200.0,0.318,614.0,75.938,73.75,-0.004,0.0,1.0,0.0,1.0,0.0,1.0,0.0,1.0,0.0,1.0,0.0,1.0,0.0,1.0,0.0,1.0,6.357,6.395,5.916,6.21,1.0,1.0,1.0,1.0,1.0,1.0,1.0,1.0,1.0,1.0,1.0,1.0,1.0,1.0,1.0,1.0,335.5,525.0,526.5,531.0,303.0,526.0,526.0,520.0,-0.002,6.067,0.0,15.153,1.366,0.334,-0.007,0.003,-0.001,-0.001
9072007,1207,1.0,1.0,1.0,1.0,100.0,42.151,40.0,40.0,40.0,1.0,1.0,1246.267,342.021,0.012,11.807,0.0,80.0,55.0,1.4,1965.5,1892.935,1910.396,317.817,54.502,71.952,70.814,71.991,51.155,1.634,2.558,0.403,72.89,58.718,88.321,51.506,0.0,71.606,86.889,79.845,88.327,34.313,52.257,43.717,-10.82,51.938,96.313,71.438,71.25,55.188,56.125,0.0,44.469,72.0,70.0,1000.0,200.0,0.241,310.5,70.5,69.625,-0.052,72.125,69.938,55.219,56.188,0.0,43.438,72.0,70.0,1000.0,200.0,0.216,512.5,77.313,75.688,0.01,71.188,69.625,55.5,56.719,0.0,56.344,72.0,70.0,1000.0,200.0,0.243,538.0,75.938,76.125,0.019,70.75,68.25,55.75,56.969,0.0,10.734,72.0,70.0,1000.0,200.0,0.239,505.25,76.0,73.813,-0.004,0.0,1.0,0.0,1.0,0.0,1.0,0.0,1.0,0.0,1.0,0.0,1.0,0.0,1.0,0.0,1.0,6.347,6.383,5.91,6.2,1.0,1.0,1.0,1.0,1.0,1.0,1.0,1.0,1.0,1.0,1.0,1.0,1.0,1.0,1.0,1.0,335.0,525.0,526.5,531.0,303.0,526.0,526.0,519.5,-0.002,6.188,0.0,15.428,1.246,0.342,-0.007,0.002,-0.001,-0.001
9072007,1208,1.0,1.0,1.0,1.0,100.0,39.958,40.0,40.0,40.0,1.0,1.0,1035.432,291.654,0.012,11.747,0.0,80.0,55.0,1.4,1672.75,1600.133,1734.113,224.746,53.749,71.846,70.709,71.78,50.192,1.631,2.346,0.388,70.834,57.184,85.628,51.254,0.0,71.499,86.889,79.845,88.327,34.386,51.213,43.134,-10.82,51.563,95.813,71.438,71.0,54.594,55.875,0.0,44.969,72.0,70.0,1000.0,200.0,0.229,297.25,70.563,69.688,-0.052,72.0,69.375,54.969,55.781,0.0,43.813,72.0,70.0,1000.0,200.0,0.21,499.75,77.438,75.688,0.01,71.313,69.438,55.063,56.531,0.0,55.563,72.0,70.0,1000.0,200.0,0.227,513.0,75.938,76.313,0.021,70.875,69.813,55.75,57.281,0.0,36.438,72.0,70.0,1000.0,200.0,0.05,247.125,76.0,73.813,-0.004,0.0,1.0,0.0,1.0,0.0,1.0,0.0,1.0,0.0,1.0,0.0,1.0,0.0,1.0,0.0,1.0,6.346,6.382,5.906,6.199,1.0,1.0,1.0,1.0,1.0,1.0,1.0,1.0,1.0,1.0,1.0,1.0,1.0,1.0,1.0,1.0,335.0,525.0,526.5,528.5,303.0,527.0,525.5,519.5,-0.002,6.107,0.0,14.278,1.035,0.292,-0.007,0.003,-0.001,-0.001
9072007,1209,1.0,1.0,1.0,1.0,100.0,37.132,40.0,40.0,40.0,1.0,1.0,1017.862,282.284,0.022,11.703,0.0,80.0,55.0,1.4,1553.875,1587.329,1692.909,223.103,53.318,71.74,70.709,71.78,49.549,1.566,2.338,0.366,69.93,56.052,86.862,51.058,0.0,71.606,86.889,79.951,88.327,34.239,51.004,42.916,-10.828,51.406,95.813,71.313,70.938,54.094,55.375,0.0,43.594,72.0,70.0,1000.0,200.0,0.231,301.0,70.563,69.688,-0.052,72.0,69.188,54.531,55.594,0.0,43.5,72.0,70.0,1000.0,200.0,0.204,492.5,77.313,75.688,0.01,71.5,69.125,54.781,56.094,0.0,56.063,72.0,70.0,1000.0,200.0,0.222,519.5,75.813,76.125,0.021,71.188,70.938,55.75,57.438,0.0,37.219,72.0,70.0,1000.0,200.0,0.042,224.375,75.938,73.813,-0.004,0.0,1.0,0.0,1.0,0.0,1.0,0.0,1.0,0.0,1.0,0.0,1.0,0.0,1.0,0.0,1.0,6.349,6.387,5.903,6.204,1.0,1.0,1.0,1.0,1.0,1.0,1.0,1.0,1.0,1.0,1.0,1.0,1.0,1.0,1.0,1.0,335.0,525.0,526.5,527.0,303.0,526.0,525.5,520.0,-0.005,6.057,0.0,14.11,1.018,0.282,-0.007,0.002,-0.001,-0.001
9072007,1210,1.0,1.0,1.0,1.0,100.0,34.206,40.0,40.0,40.0,1.0,1.0,1008.492,278.77,0.012,11.837,0.0,80.0,55.0,1.4,1553.875,1609.748,1699.483,239.515,52.887,71.846,70.919,71.885,49.228,1.581,2.205,0.381,69.111,55.638,87.956,50.75,0.0,71.499,86.889,79.845,88.253,34.239,51.108,42.333,-10.82,51.563,95.875,71.188,71.0,53.875,55.156,0.0,43.906,72.0,70.0,1000.0,200.0,0.223,295.75,70.5,69.625,-0.052,71.75,69.313,54.344,55.281,0.0,43.031,72.0,70.0,1000.0,200.0,0.204,486.75,77.313,75.813,0.01,71.188,69.125,54.688,56.031,0.0,55.5,72.0,70.0,1000.0,200.0,0.218,498.0,75.938,76.125,0.021,71.313,71.75,55.688,57.438,0.0,36.156,72.0,70.0,1000.0,200.0,0.041,221.375,75.938,73.813,-0.004,0.0,1.0,0.0,1.0,0.0,1.0,0.0,1.0,0.0,1.0,0.0,1.0,0.0,1.0,0.0,1.0,6.358,6.402,5.919,6.218,1.0,1.0,1.0,1.0,1.0,1.0,1.0,1.0,1.0,1.0,1.0,1.0,1.0,1.0,1.0,1.0,336.0,524.5,527.0,525.5,303.0,526.5,525.5,519.5,-0.002,5.68,0.0,13.313,1.008,0.279,-0.007,0.002,-0.001,-0.001
9072007,1211,1.0,1.0,1.0,1.0,100.0,32.343,40.0,40.0,40.0,1.0,1.0,962.811,274.085,0.022,11.837,0.0,80.0,55.0,1.4,1499.5,1555.402,1640.551,225.663,52.995,71.846,70.919,71.78,49.442,1.581,2.202,0.373,68.586,55.109,89.134,50.497,0.0,71.821,86.815,79.845,88.179,34.239,51.735,41.677,-10.82,51.344,96.188,70.938,71.125,53.688,55.031,0.0,43.75,72.0,70.0,1000.0,200.0,0.22,290.75,70.5,69.438,-0.052,71.625,69.313,54.125,55.094,0.0,42.0,72.0,70.0,1000.0,200.0,0.198,486.5,77.313,75.813,0.01,71.313,68.813,54.5,55.938,0.0,55.219,72.0,70.0,1000.0,200.0,0.206,492.0,75.938,76.125,0.019,71.5,72.188,55.688,57.438,0.0,35.906,72.0,70.0,1000.0,200.0,0.039,213.0,75.938,73.813,-0.004,0.0,1.0,0.0,1.0,0.0,1.0,0.0,1.0,0.0,1.0,0.0,1.0,0.0,1.0,0.0,1.0,6.35,6.393,5.908,6.21,1.0,1.0,1.0,1.0,1.0,1.0,1.0,1.0,1.0,1.0,1.0,1.0,1.0,1.0,1.0,1.0,335.5,525.0,527.0,524.5,303.0,526.5,525.0,520.0,-0.004,5.032,0.0,12.234,0.963,0.274,-0.008,0.002,-0.001,-0.001
9072007,1212,1.0,1.0,1.0,1.0,100.0,29.884,40.0,40.0,40.0,1.0,1.0,935.871,264.715,0.012,11.822,0.0,80.0,55.0,1.4,1466.625,1517.246,1608.031,211.668,52.995,71.634,70.814,71.568,49.549,1.516,2.119,0.37,68.071,54.46,89.723,50.217,0.0,71.714,86.741,79.738,88.179,34.093,52.466,41.313,-10.82,51.188,96.375,70.938,71.0,53.875,54.938,0.0,32.813,72.0,70.0,1000.0,200.0,0.202,269.0,70.5,69.688,-0.052,71.75,68.938,54.125,55.094,0.0,41.844,72.0,70.0,1000.0,200.0,0.195,482.25,77.313,75.813,0.01,71.5,69.125,54.5,55.938,0.0,56.125,72.0,70.0,1000.0,200.0,0.206,497.25,75.938,76.125,0.021,71.688,72.688,55.688,57.563,0.0,36.375,72.0,70.0,1000.0,200.0,0.035,205.5,75.938,73.813,-0.004,0.0,1.0,0.0,1.0,0.0,1.0,0.0,1.0,0.0,1.0,0.0,1.0,0.0,1.0,0.0,1.0,6.362,6.403,5.921,6.22,1.0,1.0,1.0,1.0,1.0,1.0,1.0,1.0,1.0,1.0,1.0,1.0,1.0,1.0,1.0,1.0,336.0,525.0,527.0,523.5,303.0,525.0,525.0,520.0,-0.002,4.646,0.0,11.861,0.936,0.265,-0.006,0.002,-0.001,-0.001
9072007,1213,1.0,1.0,1.0,1.0,100.0,28.201,40.0,40.0,40.0,1.0,1.0,894.876,262.372,0.022,11.747,0.0,80.0,55.0,1.4,1466.625,1458.765,1590.207,189.885,53.103,71.846,71.024,71.78,49.764,1.482,2.104,0.366,67.547,54.207,90.032,50.189,0.0,71.714,86.741,79.845,88.179,34.02,52.884,40.73,-10.828,51.0,96.688,70.875,71.125,53.875,55.156,0.0,38.313,72.0,70.0,1000.0,200.0,0.125,220.125,70.375,69.625,-0.052,71.75,68.563,54.344,55.094,0.0,42.063,72.0,70.0,1000.0,200.0,0.194,481.5,77.313,75.813,0.01,71.625,68.813,54.5,55.938,0.0,56.281,72.0,70.0,1000.0,200.0,0.21,504.25,75.938,76.125,0.021,71.813,72.875,55.688,57.563,0.0,36.188,72.0,70.0,1000.0,200.0,0.035,204.25,75.938,73.813,-0.004,0.0,1.0,0.0,1.0,0.0,1.0,0.0,1.0,0.0,1.0,0.0,1.0,0.0,1.0,0.0,1.0,6.366,6.405,5.924,6.223,1.0,1.0,1.0,1.0,1.0,1.0,1.0,1.0,1.0,1.0,1.0,1.0,1.0,1.0,1.0,1.0,336.0,525.0,527.5,523.0,302.75,524.5,525.0,520.0,-0.005,4.178,0.0,10.953,0.895,0.262,-0.006,0.002,-0.001,-0.001
9072007,1214,1.0,1.0,1.0,1.0,100.0,26.551,40.0,40.0,40.0,1.0,1.0,863.25,254.173,0.022,11.807,0.0,80.0,55.0,1.4,1406.25,1450.895,1575.657,195.98,53.318,71.634,70.709,71.674,50.192,1.444,2.079,0.366,67.1,53.765,90.817,50.189,0.0,71.821,86.667,79.845,88.105,33.727,53.72,40.148,-10.82,51.094,96.813,70.938,71.0,54.0,55.281,0.0,37.156,72.0,70.0,1000.0,200.0,0.124,218.125,70.375,69.625,-0.052,71.875,68.313,54.344,55.094,0.0,42.5,72.0,70.0,1000.0,200.0,0.191,478.5,77.313,75.813,0.01,71.625,69.0,54.688,55.781,0.0,55.188,72.0,70.0,1000.0,200.0,0.208,497.0,75.938,76.125,0.018,72.0,73.063,55.688,57.75,0.0,36.156,72.0,70.0,1000.0,200.0,0.034,203.0,75.938,73.813,-0.004,0.0,1.0,0.0,1.0,0.0,1.0,0.0,1.0,0.0,1.0,0.0,1.0,0.0,1.0,0.0,1.0,6.363,6.405,5.918,6.221,1.0,1.0,1.0,1.0,1.0,1.0,1.0,1.0,1.0,1.0,1.0,1.0,1.0,1.0,1.0,1.0,335.5,525.0,527.5,522.0,303.0,523.5,525.0,520.0,-0.005,3.792,0.0,10.536,0.863,0.254,-0.006,0.002,-0.0,-0.001
9072007,1215,1.0,1.0,1.0,1.0,100.0,25.668,40.0,40.0,40.0,1.0,1.0,851.537,253.001,0.022,11.837,0.0,80.0,55.0,1.4,1390.375,1428.899,1557.911,185.189,53.641,71.634,70.814,71.568,50.62,1.425,2.0,0.366,66.873,53.446,91.041,50.301,0.0,71.714,86.667,79.845,88.105,33.507,54.347,39.711,-10.828,51.094,96.813,70.938,71.0,54.219,55.375,0.0,37.688,72.0,70.0,1000.0,200.0,0.111,208.625,70.375,69.625,-0.052,71.875,68.5,54.531,55.188,0.0,43.688,72.0,70.0,1000.0,200.0,0.189,475.75,77.313,75.813,0.01,71.688,68.688,54.781,55.938,0.0,56.156,72.0,70.0,1000.0,200.0,0.202,499.0,75.938,76.125,0.018,72.063,73.063,55.75,57.75,0.0,36.688,72.0,70.0,1000.0,200.0,0.034,202.625,75.938,73.813,-0.004,0.0,1.0,0.0,1.0,0.0,1.0,0.0,1.0,0.0,1.0,0.0,1.0,0.0,1.0,0.0,1.0,6.371,6.412,5.924,6.228,1.0,1.0,1.0,1.0,1.0,1.0,1.0,1.0,1.0,1.0,1.0,1.0,1.0,1.0,1.0,1.0,335.5,525.0,527.5,521.0,302.75,523.5,524.5,520.0,-0.005,3.524,0.0,10.206,0.852,0.253,-0.006,0.002,-0.0,-0.001
9072007,1216,1.0,1.0,1.0,1.0,100.0,24.617,40.0,40.0,40.0,1.0,1.0,883.163,254.173,0.012,11.926,0.0,80.0,55.0,1.4,1388.5,1446.177,1572.427,196.921,53.856,71.634,70.814,71.568,50.941,1.459,2.029,0.366,66.73,53.354,91.406,50.329,0.0,71.821,86.667,79.632,88.032,32.994,54.974,39.201,-10.82,51.25,97.063,71.125,71.125,54.5,55.656,0.0,37.313,72.0,70.0,1000.0,200.0,0.11,207.375,70.375,69.625,-0.052,71.875,68.563,54.625,55.469,0.0,44.031,72.0,70.0,1000.0,200.0,0.189,473.0,77.313,75.813,0.01,71.688,69.0,54.875,56.031,0.0,56.938,72.0,70.0,1000.0,200.0,0.202,490.75,75.938,76.125,0.018,72.313,73.375,55.844,57.875,0.0,36.156,72.0,70.0,1000.0,200.0,0.041,221.125,75.938,73.813,-0.004,0.0,1.0,0.0,1.0,0.0,1.0,0.0,1.0,0.0,1.0,0.0,1.0,0.0,1.0,0.0,1.0,6.358,6.398,5.91,6.213,1.0,1.0,1.0,1.0,1.0,1.0,1.0,1.0,1.0,1.0,1.0,1.0,1.0,1.0,1.0,1.0,334.5,525.0,527.5,520.5,302.75,523.0,524.5,519.5,-0.002,3.368,0.0,10.29,0.883,0.254,-0.006,0.002,-0.0,-0.001
9072007,1217,1.0,1.0,1.0,1.0,100.0,24.533,40.0,40.0,40.0,1.0,1.0,859.736,257.687,0.022,11.852,0.0,80.0,55.0,1.4,1405.375,1457.191,1574.042,194.098,54.179,71.74,70.919,71.568,51.262,1.429,2.075,0.351,66.655,53.405,91.378,50.525,0.0,71.929,86.519,79.738,87.958,32.408,55.496,38.691,-10.82,51.344,97.063,71.125,71.75,54.688,55.75,0.0,37.031,72.0,70.0,1000.0,200.0,0.109,206.5,70.375,69.625,-0.052,71.875,68.688,54.969,55.594,0.0,42.219,72.0,70.0,1000.0,200.0,0.198,487.75,77.313,75.813,0.01,71.625,69.25,55.281,56.094,0.0,55.344,72.0,70.0,1000.0,200.0,0.201,490.75,75.938,76.125,0.018,72.313,73.375,55.844,57.938,0.0,37.031,72.0,70.0,1000.0,200.0,0.039,216.125,75.75,73.813,-0.004,0.0,1.0,0.0,1.0,0.0,1.0,0.0,1.0,0.0,1.0,0.0,1.0,0.0,1.0,0.0,1.0,6.36,6.401,5.916,6.216,1.0,1.0,1.0,1.0,1.0,1.0,1.0,1.0,1.0,1.0,1.0,1.0,1.0,1.0,1.0,1.0,334.75,525.0,527.5,520.0,303.25,522.5,524.5,519.5,-0.005,3.225,0.0,10.353,0.86,0.258,-0.006,0.002,-0.0,-0.001
9072007,1218,1.0,1.0,1.0,1.0,100.0,23.733,40.0,40.0,40.0,1.0,1.0,866.764,255.344,0.012,11.837,0.0,80.0,55.0,1.4,1401.25,1466.644,1557.911,201.105,54.394,71.74,70.919,71.568,51.583,1.433,2.075,0.351,66.572,53.265,91.153,50.61,0.0,71.929,86.519,79.738,87.958,32.041,55.601,38.181,-10.828,51.625,97.313,71.188,71.625,54.781,55.875,0.0,36.5,72.0,70.0,1000.0,200.0,0.109,206.5,70.375,69.625,-0.052,72.0,68.688,55.031,55.688,0.0,43.5,72.0,70.0,1000.0,200.0,0.198,487.5,77.25,75.813,0.01,71.625,69.25,55.281,56.188,0.0,55.875,72.0,70.0,1000.0,200.0,0.195,479.25,75.938,76.313,0.023,72.5,73.5,56.063,57.938,0.0,36.781,72.0,70.0,1000.0,200.0,0.042,229.375,75.75,73.813,-0.004,0.0,1.0,0.0,1.0,0.0,1.0,0.0,1.0,0.0,1.0,0.0,1.0,0.0,1.0,0.0,1.0,6.349,6.388,5.903,6.204,1.0,1.0,1.0,1.0,1.0,1.0,1.0,1.0,1.0,1.0,1.0,1.0,1.0,1.0,1.0,1.0,333.75,525.5,527.5,520.0,302.75,522.0,524.0,519.5,-0.003,3.085,0.0,10.105,0.867,0.255,-0.006,0.002,-0.001,-0.001
9072007,1219,1.0,1.0,1.0,1.0,100.0,23.636,40.0,40.0,40.0,1.0,1.0,843.338,260.029,0.022,11.881,0.0,80.0,55.0,1.4,1401.25,1461.916,1575.657,196.365,54.502,71.952,71.235,71.885,51.69,1.433,2.061,0.351,66.49,53.253,90.901,50.778,0.0,71.929,86.445,79.632,87.884,31.675,55.81,37.817,-10.82,51.563,97.313,71.188,71.625,55.094,55.938,0.0,36.25,72.0,70.0,1000.0,200.0,0.108,205.375,70.313,69.438,-0.052,71.875,68.563,55.125,55.781,0.0,43.719,72.0,70.0,1000.0,200.0,0.199,487.75,77.25,75.813,0.01,71.688,69.125,55.5,56.438,0.0,56.531,72.0,70.0,1000.0,200.0,0.188,478.25,75.938,76.313,0.021,72.5,73.375,56.125,58.0,0.0,37.344,72.0,70.0,1000.0,200.0,0.046,235.5,75.75,73.813,-0.004,0.0,1.0,0.0,1.0,0.0,1.0,0.0,1.0,0.0,1.0,0.0,1.0,0.0,1.0,0.0,1.0,6.353,6.393,5.91,6.21,1.0,1.0,1.0,1.0,1.0,1.0,1.0,1.0,1.0,1.0,1.0,1.0,1.0,1.0,1.0,1.0,334.25,525.5,527.5,519.5,302.75,521.0,524.0,520.0,-0.005,3.024,0.0,10.147,0.843,0.26,-0.007,0.002,-0.001,-0.001
9072007,1220,1.0,1.0,1.0,1.0,100.0,24.121,40.0,40.0,40.0,1.0,1.0,862.079,256.515,0.012,11.896,0.0,80.0,55.0,1.4,1413.875,1457.191,1564.359,195.37,54.932,71.74,71.024,71.674,51.905,1.421,1.978,0.373,66.548,53.24,90.761,50.834,0.0,72.144,86.445,79.632,87.884,31.382,56.018,37.526,-10.82,51.625,97.25,71.188,71.5,55.094,56.125,0.0,37.438,72.0,70.0,1000.0,200.0,0.099,196.75,70.313,69.438,-0.052,71.875,68.5,55.219,55.781,0.0,42.813,72.0,70.0,1000.0,200.0,0.198,481.75,77.25,75.813,0.01,71.625,69.125,55.5,56.531,0.0,56.094,72.0,70.0,1000.0,200.0,0.195,479.75,75.938,76.125,0.018,72.5,73.438,56.125,58.0,0.0,37.063,72.0,70.0,1000.0,200.0,0.048,242.125,75.75,73.813,-0.004,0.0,1.0,0.0,1.0,0.0,1.0,0.0,1.0,0.0,1.0,0.0,1.0,0.0,1.0,0.0,1.0,6.346,6.387,5.905,6.204,1.0,1.0,1.0,1.0,1.0,1.0,1.0,1.0,1.0,1.0,1.0,1.0,1.0,1.0,1.0,1.0,333.75,525.0,527.5,519.0,302.75,520.5,523.5,519.5,-0.003,2.967,0.0,10.164,0.862,0.257,-0.007,0.002,-0.0,-0.001
9072007,1221,1.0,1.0,1.0,1.0,100.0,23.4,40.0,40.0,40.0,1.0,1.0,865.593,254.173,0.012,11.777,0.0,80.0,55.0,1.4,1404.25,1477.686,1591.826,201.005,54.717,71.74,71.129,71.674,51.905,1.413,2.047,0.344,66.505,53.202,90.565,50.918,0.0,71.929,86.519,79.632,87.884,31.162,56.018,37.38,-10.82,51.813,97.188,71.313,71.875,55.281,56.344,0.0,37.0,72.0,70.0,1000.0,200.0,0.103,201.625,70.313,69.438,-0.052,71.75,68.5,55.344,56.094,0.0,43.0,72.0,70.0,1000.0,200.0,0.202,488.0,77.125,75.813,0.01,71.688,69.438,55.625,56.594,0.0,55.594,72.0,70.0,1000.0,200.0,0.194,479.5,75.938,76.313,0.021,72.5,73.5,56.125,58.125,0.0,37.969,72.0,70.0,1000.0,200.0,0.048,239.375,75.625,73.813,-0.004,0.0,1.0,0.0,1.0,0.0,1.0,0.0,1.0,0.0,1.0,0.0,1.0,0.0,1.0,0.0,1.0,6.347,6.385,5.903,6.2,1.0,1.0,1.0,1.0,1.0,1.0,1.0,1.0,1.0,1.0,1.0,1.0,1.0,1.0,1.0,1.0,333.75,525.5,527.5,519.0,303.0,521.5,523.5,519.5,-0.002,2.946,0.0,10.185,0.866,0.254,-0.007,0.002,-0.001,-0.001
9072007,1222,1.0,1.0,1.0,1.0,100.0,23.172,40.0,40.0,40.0,1.0,1.0,871.45,248.316,0.012,11.792,0.0,80.0,55.0,1.4,1404.25,1444.604,1549.858,194.658,54.717,71.74,71.129,71.674,51.905,1.448,2.039,0.359,66.404,53.138,90.34,51.058,0.0,72.036,86.297,79.526,87.81,30.796,56.018,37.089,-10.82,51.969,97.313,71.313,72.063,55.188,56.344,0.0,36.25,72.0,70.0,1000.0,200.0,0.107,204.75,70.188,69.438,-0.052,71.875,68.313,55.344,56.094,0.0,43.938,72.0,70.0,1000.0,200.0,0.187,473.0,77.25,75.813,0.01,71.5,70.125,55.625,56.594,0.0,56.188,72.0,70.0,1000.0,200.0,0.191,477.25,75.938,76.313,0.021,72.563,73.5,56.219,58.125,0.0,38.406,72.0,70.0,1000.0,200.0,0.049,242.75,75.75,73.813,-0.004,0.0,1.0,0.0,1.0,0.0,1.0,0.0,1.0,0.0,1.0,0.0,1.0,0.0,1.0,0.0,1.0,6.345,6.382,5.903,6.2,1.0,1.0,1.0,1.0,1.0,1.0,1.0,1.0,1.0,1.0,1.0,1.0,1.0,1.0,1.0,1.0,333.75,525.5,527.5,518.5,303.0,521.0,523.0,519.5,-0.003,2.942,0.0,10.322,0.871,0.248,-0.006,0.002,-0.001,-0.001
9072007,1223,1.0,1.0,1.0,1.0,100.0,22.971,40.0,40.0,40.0,1.0,1.0,857.394,251.83,0.022,11.822,0.0,80.0,55.0,1.4,1392.0,1468.22,1574.042,200.228,54.717,71.846,71.34,71.78,51.905,1.391,2.014,0.351,66.391,53.081,90.172,51.03,0.0,72.036,86.297,79.526,87.736,30.43,55.914,36.87,-10.82,52.063,97.188,71.313,71.625,55.406,56.438,0.0,37.063,72.0,70.0,1000.0,200.0,0.101,197.375,70.313,69.438,-0.052,71.75,68.5,55.344,56.188,0.0,42.813,72.0,70.0,1000.0,200.0,0.192,484.0,77.25,75.813,0.01,71.688,69.813,55.625,56.719,0.0,55.563,72.0,70.0,1000.0,200.0,0.183,467.75,75.938,76.125,0.021,72.688,73.5,56.344,58.125,0.0,37.938,72.0,70.0,1000.0,200.0,0.056,259.5,75.75,73.938,-0.004,0.0,1.0,0.0,1.0,0.0,1.0,0.0,1.0,0.0,1.0,0.0,1.0,0.0,1.0,0.0,1.0,6.35,6.385,5.906,6.204,1.0,1.0,1.0,1.0,1.0,1.0,1.0,1.0,1.0,1.0,1.0,1.0,1.0,1.0,1.0,1.0,334.0,525.0,526.5,518.0,303.0,521.0,523.0,519.5,-0.005,2.988,0.0,10.591,0.857,0.252,-0.007,0.002,-0.001,-0.001
9072007,1224,1.0,1.0,1.0,1.0,100.0,22.989,40.0,40.0,40.0,1.0,1.0,849.195,249.488,0.022,11.926,0.0,80.0,55.0,1.4,1404.75,1444.604,1564.359,197.509,54.825,72.058,71.445,71.885,52.012,1.406,2.039,0.355,66.364,53.114,90.452,51.03,0.0,72.251,86.297,79.526,87.736,30.21,56.123,36.36,-10.82,51.906,97.125,71.313,71.625,55.281,56.438,0.0,37.469,72.0,70.0,1000.0,200.0,0.097,197.125,70.313,69.438,-0.052,72.0,68.5,55.531,56.188,0.0,44.188,72.0,70.0,1000.0,200.0,0.185,469.5,77.25,75.875,0.01,72.063,70.0,55.656,56.813,0.0,56.0,72.0,70.0,1000.0,200.0,0.184,474.0,75.938,76.313,0.017,72.563,73.5,56.344,58.125,0.0,39.125,72.0,70.0,1000.0,200.0,0.059,265.0,75.75,73.813,-0.004,0.0,1.0,0.0,1.0,0.0,1.0,0.0,1.0,0.0,1.0,0.0,1.0,0.0,1.0,0.0,1.0,6.349,6.387,5.905,6.202,1.0,1.0,1.0,1.0,1.0,1.0,1.0,1.0,1.0,1.0,1.0,1.0,1.0,1.0,1.0,1.0,333.5,525.5,526.0,518.0,302.75,520.5,522.5,519.5,-0.005,2.83,0.0,10.204,0.849,0.249,-0.007,0.002,-0.001,-0.001
9072007,1225,1.0,1.0,1.0,1.0,100.0,23.628,40.0,40.0,40.0,1.0,1.0,871.45,255.344,0.012,11.852,0.0,80.0,55.0,1.4,1429.5,1501.399,1585.354,210.268,54.932,71.952,71.34,71.885,52.119,1.398,2.003,0.348,66.433,53.098,90.536,51.002,0.0,72.144,86.223,79.526,87.662,29.99,56.436,36.215,-10.82,52.156,97.125,71.438,71.875,55.5,56.563,0.0,36.344,72.0,70.0,1000.0,200.0,0.105,204.0,70.188,69.438,-0.052,72.0,68.313,55.531,56.188,0.0,42.969,72.0,70.0,1000.0,200.0,0.198,489.0,77.125,75.875,0.01,71.75,70.125,55.656,56.813,0.0,55.094,72.0,70.0,1000.0,200.0,0.199,490.25,75.938,76.313,0.018,72.563,73.375,56.344,58.125,0.0,39.5,72.0,70.0,1000.0,200.0,0.058,263.0,75.75,73.938,-0.004,0.0,1.0,0.0,1.0,0.0,1.0,0.0,1.0,0.0,1.0,0.0,1.0,0.0,1.0,0.0,1.0,6.345,6.38,5.898,6.197,1.0,1.0,1.0,1.0,1.0,1.0,1.0,1.0,1.0,1.0,1.0,1.0,1.0,1.0,1.0,1.0,333.25,525.5,526.0,517.5,303.0,519.5,522.5,519.0,-0.003,2.79,0.0,10.265,0.871,0.255,-0.006,0.002,-0.001,-0.001
9072007,1226,1.0,1.0,1.0,1.0,100.0,23.858,40.0,40.0,40.0,1.0,1.0,883.163,254.173,0.012,11.747,0.0,80.0,55.0,1.4,1423.5,1480.844,1572.427,206.478,55.04,71.952,71.34,71.885,52.226,1.402,2.054,0.355,66.34,53.065,90.2,51.03,0.0,72.358,86.223,79.526,87.588,29.77,56.541,36.069,-10.82,52.125,97.25,71.5,71.75,55.5,56.563,0.0,37.0,72.0,70.0,1000.0,200.0,0.101,197.5,70.188,69.438,-0.052,72.0,68.313,55.625,56.313,0.0,43.469,72.0,70.0,1000.0,200.0,0.188,474.25,77.125,75.813,0.01,72.063,69.813,55.875,56.813,0.0,55.219,72.0,70.0,1000.0,200.0,0.199,487.5,76.0,76.313,0.018,72.563,73.438,56.344,58.344,0.0,40.438,72.0,70.0,1000.0,200.0,0.058,263.25,75.625,73.938,-0.004,0.0,1.0,0.0,1.0,0.0,1.0,0.0,1.0,0.0,1.0,0.0,1.0,0.0,1.0,0.0,1.0,6.362,6.398,5.913,6.213,1.0,1.0,1.0,1.0,1.0,1.0,1.0,1.0,1.0,1.0,1.0,1.0,1.0,1.0,1.0,1.0,334.25,525.0,526.0,517.0,302.75,519.5,522.0,519.0,-0.002,2.764,0.0,10.295,0.883,0.254,-0.006,0.002,-0.001,-0.001
9072007,1227,1.0,1.0,1.0,1.0,100.0,23.696,40.0,40.0,40.0,1.0,1.0,862.079,253.001,0.012,11.881,0.0,80.0,55.0,1.4,1461.5,1506.15,1583.737,212.29,55.04,72.058,71.445,71.991,52.226,1.372,2.047,0.359,66.367,53.084,90.565,51.114,0.0,72.573,86.149,79.526,87.662,29.624,56.436,35.996,-10.82,52.25,97.063,71.438,71.75,55.5,56.563,0.0,36.594,72.0,70.0,1000.0,200.0,0.104,202.125,70.188,69.375,-0.052,72.125,68.313,55.75,56.313,0.0,44.0,72.0,70.0,1000.0,200.0,0.193,478.5,77.125,75.813,0.01,72.063,70.0,55.969,57.0,0.0,56.938,72.0,70.0,1000.0,200.0,0.204,492.25,75.938,76.125,0.022,72.688,73.438,56.438,58.344,0.0,39.594,72.0,70.0,1000.0,200.0,0.065,277.0,75.75,73.938,-0.004,0.0,1.0,0.0,1.0,0.0,1.0,0.0,1.0,0.0,1.0,0.0,1.0,0.0,1.0,0.0,1.0,6.346,6.385,5.898,6.2,1.0,1.0,1.0,1.0,1.0,1.0,1.0,1.0,1.0,1.0,1.0,1.0,1.0,1.0,1.0,1.0,333.25,525.5,526.0,517.0,302.75,519.0,522.0,519.0,-0.003,2.824,0.0,10.534,0.862,0.253,-0.006,0.002,-0.001,-0.001
9072007,1228,1.0,1.0,1.0,1.0,100.0,24.352,40.0,40.0,40.0,1.0,1.0,878.477,258.858,0.022,11.881,0.0,80.0,55.0,1.4,1461.5,1498.234,1567.585,218.779,55.148,72.164,71.55,72.097,52.44,1.387,1.996,0.344,66.329,53.099,90.565,51.17,0.0,72.895,86.149,79.526,87.515,31.455,56.436,37.162,-10.82,52.375,97.063,71.438,72.188,55.688,56.75,0.0,36.156,72.0,70.0,1000.0,200.0,0.106,203.625,70.188,69.438,-0.052,72.0,68.5,55.75,56.406,0.0,43.625,72.0,70.0,1000.0,200.0,0.197,481.25,77.125,75.875,0.01,72.313,70.188,55.969,57.125,0.0,56.719,72.0,70.0,1000.0,200.0,0.209,496.25,75.938,76.125,0.021,72.563,73.063,56.438,58.344,0.0,39.469,72.0,70.0,1000.0,200.0,0.068,285.5,75.625,73.938,-0.004,0.0,1.0,0.0,1.0,0.0,1.0,0.0,1.0,0.0,1.0,0.0,1.0,0.0,1.0,0.0,1.0,6.358,6.393,5.906,6.208,1.0,1.0,1.0,1.0,1.0,1.0,1.0,1.0,1.0,1.0,1.0,1.0,1.0,1.0,1.0,1.0,333.75,525.5,525.5,517.0,302.75,520.0,521.5,519.0,-0.005,2.714,0.0,9.429,0.878,0.259,-0.006,0.002,-0.001,-0.001
9072007,1229,1.0,1.0,1.0,1.0,100.0,24.29,40.0,40.0,40.0,1.0,1.0,896.047,256.515,0.022,11.881,0.0,80.0,55.0,1.4,1460.5,1523.594,1601.544,219.249,55.255,72.164,71.445,71.991,52.44,1.372,2.025,0.351,66.397,53.075,90.705,51.17,0.0,72.895,86.223,79.526,87.588,31.895,56.645,37.817,-10.828,52.375,97.0,71.438,72.188,55.813,56.906,0.0,36.563,72.0,70.0,1000.0,200.0,0.104,199.125,70.0,69.438,-0.052,72.0,68.563,55.75,56.406,0.0,43.063,72.0,70.0,1000.0,200.0,0.198,488.25,77.125,75.813,0.01,71.75,70.188,55.969,57.0,0.0,57.531,72.0,70.0,1000.0,200.0,0.209,499.75,75.938,76.125,0.021,72.688,72.75,56.656,58.344,0.0,40.563,72.0,70.0,1000.0,200.0,0.067,284.0,75.625,73.813,-0.004,0.0,1.0,0.0,1.0,0.0,1.0,0.0,1.0,0.0,1.0,0.0,1.0,0.0,1.0,0.0,1.0,6.352,6.388,5.901,6.205,1.0,1.0,1.0,1.0,1.0,1.0,1.0,1.0,1.0,1.0,1.0,1.0,1.0,1.0,1.0,1.0,333.75,525.5,526.0,516.5,302.75,519.5,521.5,519.0,-0.004,2.843,0.0,9.783,0.896,0.257,-0.004,0.002,-0.001,-0.001
9072007,1230,1.0,1.0,1.0,1.0,100.0,24.834,40.0,40.0,40.0,1.0,1.0,877.306,255.344,0.022,11.881,0.0,80.0,55.0,1.4,1451.875,1517.246,1599.924,210.42,55.363,72.164,71.55,72.097,52.654,1.356,2.039,0.359,66.36,53.09,90.705,51.226,0.0,73.218,86.075,79.42,87.515,31.968,56.541,37.89,-10.82,52.375,97.063,71.5,72.188,55.813,56.969,0.0,37.063,72.0,70.0,1000.0,200.0,0.098,198.75,70.188,69.438,-0.052,72.0,68.938,55.844,56.5,0.0,43.313,72.0,70.0,1000.0,200.0,0.195,487.75,77.125,75.875,0.01,72.063,70.375,56.188,57.219,0.0,56.781,72.0,70.0,1000.0,200.0,0.196,486.5,75.938,76.313,0.019,72.563,72.375,56.656,58.438,0.0,41.0,72.0,70.0,1000.0,200.0,0.068,287.5,75.625,73.938,-0.004,0.0,1.0,0.0,1.0,0.0,1.0,0.0,1.0,0.0,1.0,0.0,1.0,0.0,1.0,0.0,1.0,6.341,6.38,5.891,6.195,1.0,1.0,1.0,1.0,1.0,1.0,1.0,1.0,1.0,1.0,1.0,1.0,1.0,1.0,1.0,1.0,333.0,525.5,526.0,517.0,303.0,519.0,521.0,518.5,-0.005,2.863,0.0,9.783,0.877,0.255,-0.006,0.002,-0.001,-0.001
9072007,1231,1.0,1.0,1.0,1.0,100.0,25.781,40.0,40.0,40.0,1.0,1.0,866.764,271.742,0.022,11.896,0.0,80.0,55.0,1.4,1480.125,1517.246,1621.02,205.356,55.578,72.482,71.655,72.413,52.761,1.383,2.036,0.362,66.359,53.056,90.593,51.422,0.0,73.218,85.927,79.526,87.441,31.895,56.854,38.036,-10.828,52.281,97.125,71.5,72.188,56.0,57.063,0.0,36.219,72.0,70.0,1000.0,200.0,0.105,203.0,70.188,69.438,-0.052,72.0,68.938,55.938,56.688,0.0,43.844,72.0,70.0,1000.0,200.0,0.187,472.5,77.125,75.875,0.01,71.875,70.188,56.281,57.219,0.0,57.375,72.0,70.0,1000.0,200.0,0.203,492.0,75.938,76.125,0.019,72.563,72.25,56.781,58.438,0.0,42.031,72.0,70.0,1000.0,200.0,0.068,286.5,75.625,73.938,-0.004,0.0,1.0,0.0,1.0,0.0,1.0,0.0,1.0,0.0,1.0,0.0,1.0,0.0,1.0,0.0,1.0,6.346,6.382,5.891,6.2,1.0,1.0,1.0,1.0,1.0,1.0,1.0,1.0,1.0,1.0,1.0,1.0,1.0,1.0,1.0,1.0,333.0,525.5,525.5,516.5,302.75,520.5,521.0,519.0,-0.005,2.927,0.0,10.158,0.867,0.272,-0.006,0.002,-0.001,-0.001
9072007,1232,1.0,1.0,1.0,1.0,100.0,26.437,40.0,40.0,40.0,1.0,1.0,891.362,260.029,0.022,11.896,0.0,80.0,55.0,1.4,1471.0,1529.946,1621.02,218.052,55.578,72.27,71.445,72.202,52.868,1.387,2.065,0.351,66.365,53.082,90.536,51.506,0.0,73.325,86.001,79.42,87.441,32.188,56.854,38.181,-10.828,52.5,97.063,71.5,72.063,56.0,57.063,0.0,37.219,72.0,70.0,1000.0,200.0,0.099,195.375,70.0,69.438,-0.052,71.875,68.938,56.125,56.688,0.0,43.25,72.0,70.0,1000.0,200.0,0.189,476.0,77.125,75.875,0.01,72.063,70.125,56.281,57.344,0.0,55.719,72.0,70.0,1000.0,200.0,0.203,493.5,75.938,76.313,0.021,72.875,72.25,56.781,58.438,0.0,41.438,72.0,70.0,1000.0,200.0,0.077,305.25,75.5,73.938,-0.004,0.0,1.0,0.0,1.0,0.0,1.0,0.0,1.0,0.0,1.0,0.0,1.0,0.0,1.0,0.0,1.0,6.341,6.387,5.893,6.202,1.0,1.0,1.0,1.0,1.0,1.0,1.0,1.0,1.0,1.0,1.0,1.0,1.0,1.0,1.0,1.0,333.25,525.5,525.5,516.5,302.75,520.5,521.0,519.0,-0.005,2.89,0.0,9.912,0.891,0.26,-0.004,0.002,-0.001,-0.001
9072007,1233,1.0,1.0,1.0,1.0,100.0,27.354,40.0,40.0,40.0,1.0,1.0,886.676,255.344,0.012,11.822,0.0,80.0,55.0,1.4,1471.0,1517.246,1616.146,208.13,55.686,72.27,71.445,72.202,52.868,1.353,2.101,0.337,66.423,53.112,90.508,51.619,0.0,73.433,86.075,79.314,87.441,32.921,57.063,38.837,-10.828,52.344,97.0,71.75,72.25,56.125,57.156,0.0,36.656,72.0,70.0,1000.0,200.0,0.103,201.25,70.0,69.375,-0.052,72.0,68.813,56.25,56.781,0.0,43.625,72.0,70.0,1000.0,200.0,0.186,472.5,77.125,75.875,0.01,72.313,69.813,56.5,57.344,0.0,56.75,72.0,70.0,1000.0,200.0,0.205,496.25,75.938,76.313,0.02,72.688,72.188,56.844,58.438,0.0,42.531,72.0,70.0,1000.0,200.0,0.078,305.5,75.625,73.938,-0.004,0.0,1.0,0.0,1.0,0.0,1.0,0.0,1.0,0.0,1.0,0.0,1.0,0.0,1.0,0.0,1.0,6.338,6.374,5.881,6.192,1.0,1.0,1.0,1.0,1.0,1.0,1.0,1.0,1.0,1.0,1.0,1.0,1.0,1.0,1.0,1.0,332.5,525.5,526.0,516.5,302.75,520.0,521.0,519.0,-0.002,2.897,0.0,9.722,0.887,0.255,-0.005,0.002,-0.001,-0.001
9072007,1234,1.0,1.0,1.0,1.0,100.0,28.379,40.0,40.0,40.0,1.0,1.0,901.903,260.029,0.022,11.896,0.0,80.0,55.0,1.4,1477.75,1561.778,1614.522,232.651,55.794,72.27,71.445,72.202,53.082,1.406,2.104,0.355,66.376,53.098,90.789,51.843,0.0,73.433,86.001,79.42,87.367,33.287,57.168,39.128,-10.82,52.531,96.938,71.5,71.875,56.344,57.156,0.0,36.625,72.0,70.0,1000.0,200.0,0.103,199.5,70.0,69.375,-0.052,72.0,68.688,56.344,56.781,0.0,43.281,72.0,70.0,1000.0,200.0,0.198,483.0,77.125,75.875,0.01,71.75,70.125,56.563,57.438,0.0,56.281,72.0,70.0,1000.0,200.0,0.209,500.0,76.0,76.313,0.021,72.688,71.813,56.844,58.531,0.0,41.594,72.0,70.0,1000.0,200.0,0.085,322.0,75.625,73.938,-0.004,0.0,1.0,0.0,1.0,0.0,1.0,0.0,1.0,0.0,1.0,0.0,1.0,0.0,1.0,0.0,1.0,6.332,6.37,5.881,6.188,1.0,1.0,1.0,1.0,1.0,1.0,1.0,1.0,1.0,1.0,1.0,1.0,1.0,1.0,1.0,1.0,332.5,525.0,526.0,516.5,302.75,520.0,521.5,519.0,-0.005,2.91,0.0,9.658,0.902,0.26,-0.005,0.002,-0.001,-0.001
9072007,1235,1.0,1.0,1.0,1.0,100.0,29.614,40.0,40.0,40.0,1.0,1.0,896.047,256.515,0.022,11.911,0.0,80.0,55.0,1.4,1457.625,1558.589,1608.031,227.133,55.901,72.27,71.445,72.202,53.189,1.402,2.09,0.351,66.38,53.134,90.649,51.983,0.0,73.433,85.927,79.314,87.367,33.433,57.377,39.347,-10.82,52.563,96.875,71.75,71.875,56.438,57.469,0.0,36.875,72.0,70.0,1000.0,200.0,0.101,200.25,70.0,69.375,-0.052,72.0,68.813,56.438,56.938,0.0,43.531,72.0,70.0,1000.0,200.0,0.197,481.25,77.125,75.875,0.01,71.75,70.188,56.563,57.594,0.0,54.938,72.0,70.0,1000.0,200.0,0.198,484.75,75.938,76.313,0.018,72.688,71.688,56.906,58.531,0.0,42.344,72.0,70.0,1000.0,200.0,0.087,324.5,75.625,73.938,-0.004,0.0,1.0,0.0,1.0,0.0,1.0,0.0,1.0,0.0,1.0,0.0,1.0,0.0,1.0,0.0,1.0,6.341,6.382,5.891,6.197,1.0,1.0,1.0,1.0,1.0,1.0,1.0,1.0,1.0,1.0,1.0,1.0,1.0,1.0,1.0,1.0,333.0,525.5,526.0,516.5,302.75,518.5,521.5,519.0,-0.005,2.942,0.0,9.79,0.896,0.257,-0.005,0.002,-0.001,-0.001
9072007,1236,1.0,1.0,1.0,1.0,100.0,31.293,40.0,40.0,40.0,1.0,1.0,908.931,258.858,0.012,11.911,0.0,80.0,55.0,1.4,1480.75,1550.623,1611.275,222.357,56.009,72.27,71.445,72.202,53.189,1.421,2.083,0.351,66.371,53.087,90.649,52.151,0.0,73.433,85.779,79.314,87.293,33.58,57.272,39.419,-10.82,52.656,96.875,71.5,71.875,56.531,57.469,0.0,36.156,72.0,70.0,1000.0,200.0,0.105,203.625,70.0,69.375,-0.052,72.0,68.938,56.438,57.0,0.0,42.719,72.0,70.0,1000.0,200.0,0.2,488.0,77.125,75.875,0.01,71.875,70.0,56.688,57.75,0.0,56.188,72.0,70.0,1000.0,200.0,0.183,468.25,75.938,76.125,0.021,72.688,71.688,56.906,58.531,0.0,41.781,72.0,70.0,1000.0,200.0,0.09,328.0,75.625,73.938,-0.004,0.0,1.0,0.0,1.0,0.0,1.0,0.0,1.0,0.0,1.0,0.0,1.0,0.0,1.0,0.0,1.0,6.338,6.375,5.883,6.192,1.0,1.0,1.0,1.0,1.0,1.0,1.0,1.0,1.0,1.0,1.0,1.0,1.0,1.0,1.0,1.0,333.0,525.5,525.5,517.0,302.75,518.5,521.5,519.0,-0.003,2.936,0.0,9.666,0.909,0.259,-0.005,0.002,-0.001,-0.001
9072007,1237,1.0,1.0,1.0,1.0,100.0,32.201,40.0,40.0,40.0,1.0,1.0,876.135,250.659,0.012,11.837,0.0,80.0,55.0,1.4,1502.5,1556.995,1608.031,225.35,56.116,72.27,71.445,72.202,53.296,1.341,2.007,0.348,66.348,53.096,90.565,52.151,0.0,73.433,85.853,79.314,87.293,34.239,57.481,40.221,-10.82,52.719,96.813,71.5,72.188,56.531,57.594,0.0,37.594,72.0,70.0,1000.0,200.0,0.097,194.5,69.875,69.375,-0.052,72.0,69.188,56.563,57.0,0.0,44.188,72.0,70.0,1000.0,200.0,0.197,485.5,77.125,75.875,0.01,72.188,70.125,56.813,57.75,0.0,55.906,72.0,70.0,1000.0,200.0,0.196,484.75,75.938,76.313,0.021,72.688,71.563,57.063,58.625,0.0,43.688,72.0,70.0,1000.0,200.0,0.089,326.75,75.625,73.938,-0.004,0.0,1.0,0.0,1.0,0.0,1.0,0.0,1.0,0.0,1.0,0.0,1.0,0.0,1.0,0.0,1.0,6.335,6.369,5.881,6.187,1.0,1.0,1.0,1.0,1.0,1.0,1.0,1.0,1.0,1.0,1.0,1.0,1.0,1.0,1.0,1.0,332.75,525.5,526.5,517.0,302.75,520.0,521.5,519.0,-0.003,3.047,0.0,9.839,0.876,0.251,-0.004,0.002,-0.001,-0.001
9072007,1238,1.0,1.0,1.0,1.0,100.0,33.373,40.0,40.0,40.0,1.0,1.0,919.473,258.858,0.022,11.911,0.0,80.0,55.0,1.4,1502.5,1588.928,1614.522,239.683,56.009,72.27,71.445,72.202,53.189,1.387,2.115,0.344,66.378,53.116,90.004,52.347,0.0,73.325,85.705,79.314,87.145,34.752,57.168,41.095,-10.82,52.875,96.688,71.5,72.188,56.531,57.594,0.0,36.5,72.0,70.0,1000.0,200.0,0.105,203.0,70.0,69.375,-0.052,72.0,69.188,56.438,57.125,0.0,44.563,72.0,70.0,1000.0,200.0,0.191,478.75,76.938,76.125,0.01,72.188,70.0,56.813,57.75,0.0,56.219,72.0,70.0,1000.0,200.0,0.209,500.5,75.938,76.125,0.021,72.688,71.438,57.063,58.625,0.0,43.313,72.0,70.0,1000.0,200.0,0.096,339.5,75.5,74.125,-0.004,0.0,1.0,0.0,1.0,0.0,1.0,0.0,1.0,0.0,1.0,0.0,1.0,0.0,1.0,0.0,1.0,6.332,6.369,5.883,6.187,1.0,1.0,1.0,1.0,1.0,1.0,1.0,1.0,1.0,1.0,1.0,1.0,1.0,1.0,1.0,1.0,332.75,525.5,526.5,517.0,302.75,518.0,521.5,519.0,-0.005,3.37,0.0,10.496,0.919,0.259,-0.005,0.001,-0.001,-0.001
9072007,1239,1.0,1.0,1.0,1.0,100.0,33.996,40.0,40.0,40.0,1.0,1.0,908.931,257.687,0.012,11.837,0.0,80.0,55.0,1.4,1521.0,1587.329,1624.272,239.663,55.901,72.27,71.445,72.097,53.082,1.379,2.079,0.329,66.387,53.103,89.611,52.319,0.0,73.218,85.705,79.314,87.219,35.045,56.645,41.605,-10.82,52.75,96.563,71.75,72.25,56.438,57.594,0.0,36.375,72.0,70.0,1000.0,200.0,0.104,202.25,70.0,69.375,-0.052,71.875,68.938,56.438,57.0,0.0,43.969,72.0,70.0,1000.0,200.0,0.197,483.75,76.938,75.875,0.01,71.75,70.188,56.688,57.75,0.0,56.844,72.0,70.0,1000.0,200.0,0.208,498.75,75.938,76.125,0.021,72.875,71.25,57.063,58.625,0.0,43.469,72.0,70.0,1000.0,200.0,0.1,346.0,75.625,74.125,-0.004,0.0,1.0,0.0,1.0,0.0,1.0,0.0,1.0,0.0,1.0,0.0,1.0,0.0,1.0,0.0,1.0,6.337,6.372,5.885,6.192,1.0,1.0,1.0,1.0,1.0,1.0,1.0,1.0,1.0,1.0,1.0,1.0,1.0,1.0,1.0,1.0,333.0,525.5,526.5,517.0,303.0,519.5,521.5,519.0,-0.003,3.595,0.0,10.787,0.909,0.258,-0.005,0.002,-0.001,-0.001
9072007,1240,1.0,1.0,1.0,1.0,100.0,34.687,40.0,40.0,40.0,1.0,1.0,917.13,260.029,0.022,11.911,0.0,80.0,55.0,1.4,1524.0,1588.928,1642.181,239.635,55.794,72.27,71.445,72.097,52.868,1.413,2.104,0.34,66.405,53.148,89.359,52.375,0.0,73.218,85.779,79.314,87.219,35.338,56.123,41.896,-10.82,52.844,96.438,71.75,72.188,56.438,57.594,0.0,37.156,72.0,70.0,1000.0,200.0,0.099,196.25,69.875,69.375,-0.052,72.0,68.688,56.344,57.125,0.0,44.594,72.0,70.0,1000.0,200.0,0.192,482.25,76.938,75.875,0.01,72.063,70.0,56.563,57.813,0.0,55.719,72.0,70.0,1000.0,200.0,0.194,482.75,75.938,76.125,0.019,72.688,71.25,56.906,58.625,0.0,44.094,72.0,70.0,1000.0,200.0,0.107,359.75,75.5,73.938,-0.004,0.0,1.0,0.0,1.0,0.0,1.0,0.0,1.0,0.0,1.0,0.0,1.0,0.0,1.0,0.0,1.0,6.346,6.383,5.901,6.199,1.0,1.0,1.0,1.0,1.0,1.0,1.0,1.0,1.0,1.0,1.0,1.0,1.0,1.0,1.0,1.0,333.75,525.5,526.5,517.0,302.75,519.0,521.5,519.0,-0.005,3.758,0.0,10.85,0.917,0.26,-0.004,0.002,-0.001,-0.001
9072007,1241,1.0,1.0,1.0,1.0,100.0,35.006,40.0,40.0,40.0,1.0,1.0,924.158,258.858,0.022,11.866,0.0,80.0,55.0,1.4,1533.875,1577.738,1635.663,229.162,55.578,72.164,71.34,72.202,52.654,1.402,2.072,0.34,66.409,53.129,89.387,52.375,0.0,73.11,85.705,79.314,87.071,35.631,55.705,42.26,-10.828,52.531,96.438,71.75,72.188,56.344,57.594,0.0,36.625,72.0,70.0,1000.0,200.0,0.104,201.75,69.875,69.375,-0.052,71.875,68.813,56.344,57.0,0.0,44.656,72.0,70.0,1000.0,200.0,0.194,480.0,76.938,75.875,0.01,72.188,69.813,56.5,57.75,0.0,56.156,72.0,70.0,1000.0,200.0,0.207,496.0,75.938,76.125,0.019,72.688,71.125,57.063,58.531,0.0,44.875,72.0,70.0,1000.0,200.0,0.103,353.25,75.5,74.125,-0.004,0.0,1.0,0.0,1.0,0.0,1.0,0.0,1.0,0.0,1.0,0.0,1.0,0.0,1.0,0.0,1.0,6.346,6.388,5.903,6.204,1.0,1.0,1.0,1.0,1.0,1.0,1.0,1.0,1.0,1.0,1.0,1.0,1.0,1.0,1.0,1.0,333.75,525.5,527.0,517.0,302.75,519.0,521.5,519.0,-0.005,3.918,0.0,10.925,0.924,0.259,-0.004,0.002,-0.001,-0.001
9072007,1242,1.0,1.0,1.0,1.0,100.0,35.374,40.0,40.0,40.0,1.0,1.0,922.987,260.029,0.022,11.837,0.0,80.0,55.0,1.4,1546.875,1601.734,1645.442,238.655,55.471,72.164,71.34,72.097,52.547,1.402,2.126,0.344,66.421,53.138,89.667,52.319,0.0,73.003,85.705,79.207,87.145,36.144,55.705,42.697,-10.82,52.469,96.375,71.75,72.188,56.125,57.469,0.0,36.219,72.0,70.0,1000.0,200.0,0.105,203.125,69.875,69.375,-0.052,72.0,69.188,56.25,56.938,0.0,43.375,72.0,70.0,1000.0,200.0,0.192,479.0,76.938,75.875,0.01,71.875,69.813,56.5,57.594,0.0,57.406,72.0,70.0,1000.0,200.0,0.208,496.5,75.938,76.313,0.015,72.688,71.125,56.906,58.531,0.0,44.563,72.0,70.0,1000.0,200.0,0.11,363.5,75.5,74.125,-0.004,0.0,1.0,0.0,1.0,0.0,1.0,0.0,1.0,0.0,1.0,0.0,1.0,0.0,1.0,0.0,1.0,6.343,6.382,5.893,6.199,1.0,1.0,1.0,1.0,1.0,1.0,1.0,1.0,1.0,1.0,1.0,1.0,1.0,1.0,1.0,1.0,333.25,525.5,526.5,517.0,303.0,519.0,522.0,519.0,-0.005,3.965,0.0,10.772,0.923,0.26,-0.004,0.002,-0.001,-0.001
9072007,1243,1.0,1.0,1.0,1.0,100.0,35.918,40.0,40.0,40.0,1.0,1.0,910.103,262.372,0.022,11.837,0.0,80.0,55.0,1.4,1531.875,1595.329,1627.525,239.999,55.363,72.164,71.445,72.097,52.44,1.425,2.101,0.337,66.427,53.136,89.667,52.263,0.0,72.895,85.631,79.207,87.071,36.511,55.601,43.134,-10.82,52.688,96.313,71.75,72.375,56.125,57.156,0.0,37.125,72.0,70.0,1000.0,200.0,0.099,196.125,69.875,69.125,-0.052,72.0,69.125,56.25,56.938,0.0,44.625,72.0,70.0,1000.0,200.0,0.192,479.75,76.938,75.875,0.01,72.063,70.125,56.5,57.594,0.0,56.188,72.0,70.0,1000.0,200.0,0.2,489.25,75.938,76.125,0.017,72.563,71.063,56.906,58.531,0.0,44.594,72.0,70.0,1000.0,200.0,0.111,364.25,75.5,74.125,-0.004,0.0,1.0,0.0,1.0,0.0,1.0,0.0,1.0,0.0,1.0,0.0,1.0,0.0,1.0,0.0,1.0,6.341,6.382,5.898,6.197,1.0,1.0,1.0,1.0,1.0,1.0,1.0,1.0,1.0,1.0,1.0,1.0,1.0,1.0,1.0,1.0,333.5,525.0,526.5,517.5,302.75,519.5,521.5,519.0,-0.005,4.107,0.0,10.886,0.91,0.262,-0.006,0.002,-0.0,-0.001
9072007,1244,1.0,1.0,1.0,1.0,100.0,36.148,40.0,40.0,40.0,1.0,1.0,937.043,263.543,0.022,11.792,0.0,80.0,55.0,1.4,1563.0,1630.616,1637.292,250.466,55.363,72.058,71.34,72.097,52.44,1.379,2.119,0.333,66.501,53.212,90.088,52.263,0.0,73.003,85.631,79.207,86.998,35.705,55.496,43.134,-10.82,52.719,96.313,71.813,72.25,56.0,57.375,0.0,36.938,72.0,70.0,1000.0,200.0,0.102,200.0,69.875,69.375,-0.052,72.0,68.938,56.125,56.938,0.0,44.25,72.0,70.0,1000.0,200.0,0.196,482.5,76.938,75.875,0.01,72.188,70.375,56.281,57.438,0.0,57.219,72.0,70.0,1000.0,200.0,0.212,504.25,75.938,76.313,0.02,72.563,70.938,56.844,58.531,0.0,45.219,72.0,70.0,1000.0,200.0,0.116,373.5,75.5,74.125,-0.004,0.0,1.0,0.0,1.0,0.0,1.0,0.0,1.0,0.0,1.0,0.0,1.0,0.0,1.0,0.0,1.0,6.34,6.38,5.891,6.199,1.0,1.0,1.0,1.0,1.0,1.0,1.0,1.0,1.0,1.0,1.0,1.0,1.0,1.0,1.0,1.0,333.0,525.5,526.0,517.5,302.75,519.5,521.5,519.0,-0.005,4.426,0.0,12.167,0.937,0.264,-0.004,0.002,-0.001,-0.001
9072007,1245,1.0,1.0,1.0,1.0,100.0,36.329,40.0,40.0,40.0,1.0,1.0,935.871,262.372,0.012,11.911,0.0,80.0,55.0,1.4,1563.0,1630.616,1642.181,252.01,55.363,72.164,71.34,72.097,52.333,1.391,2.137,0.333,66.528,53.206,89.779,52.123,0.0,73.003,85.557,79.101,86.998,34.239,55.705,41.896,-10.82,52.875,96.5,71.75,72.063,56.0,57.375,0.0,36.406,72.0,70.0,1000.0,200.0,0.105,202.5,69.875,69.125,-0.052,71.875,69.375,56.125,56.938,0.0,44.563,72.0,70.0,1000.0,200.0,0.194,480.75,76.938,76.125,0.01,72.188,70.625,56.5,57.438,0.0,56.844,72.0,70.0,1000.0,200.0,0.214,506.0,75.938,76.313,0.02,72.563,70.938,56.844,58.531,0.0,45.969,72.0,70.0,1000.0,200.0,0.117,377.0,75.5,74.125,-0.004,0.0,1.0,0.0,1.0,0.0,1.0,0.0,1.0,0.0,1.0,0.0,1.0,0.0,1.0,0.0,1.0,6.337,6.382,5.898,6.197,1.0,1.0,1.0,1.0,1.0,1.0,1.0,1.0,1.0,1.0,1.0,1.0,1.0,1.0,1.0,1.0,333.5,525.5,526.5,517.5,303.0,518.5,521.5,519.0,-0.003,4.249,0.0,12.673,0.936,0.262,-0.006,0.001,-0.001,-0.001
9072007,1246,1.0,1.0,1.0,1.0,100.0,36.43,40.0,40.0,40.0,1.0,1.0,939.385,262.372,0.022,11.881,0.0,80.0,55.0,1.4,1569.25,1638.655,1665.042,252.121,55.148,72.164,71.34,72.097,52.119,1.368,2.133,0.333,66.588,53.209,89.218,52.095,0.0,73.325,85.557,79.207,86.998,34.459,54.765,41.75,-10.82,52.625,96.313,71.5,71.875,55.906,57.156,0.0,36.156,72.0,70.0,1000.0,200.0,0.105,202.75,69.875,69.125,-0.052,72.0,68.938,55.938,56.781,0.0,43.938,72.0,70.0,1000.0,200.0,0.189,475.5,76.875,75.875,0.01,72.5,70.438,56.188,57.344,0.0,57.656,72.0,70.0,1000.0,200.0,0.214,507.5,75.938,76.313,0.021,72.875,70.875,56.781,58.438,0.0,46.625,72.0,70.0,1000.0,200.0,0.126,390.25,75.5,74.125,-0.004,0.0,1.0,0.0,1.0,0.0,1.0,0.0,1.0,0.0,1.0,0.0,1.0,0.0,1.0,0.0,1.0,6.324,6.363,5.881,6.182,1.0,1.0,1.0,1.0,1.0,1.0,1.0,1.0,1.0,1.0,1.0,1.0,1.0,1.0,1.0,1.0,332.5,525.0,526.5,517.5,302.75,518.5,521.5,518.5,-0.005,4.266,0.0,12.036,0.939,0.262,-0.006,0.001,-0.001,-0.001
9072007,1247,1.0,1.0,1.0,1.0,100.0,36.12,40.0,40.0,40.0,1.0,1.0,968.668,269.4,0.012,11.732,0.0,80.0,55.0,1.4,1598.75,1661.203,1676.503,277.575,54.932,72.164,71.34,72.097,51.905,1.379,2.148,0.337,66.774,53.378,89.695,51.955,0.0,73.325,85.483,79.101,86.924,34.606,54.765,41.896,-10.82,52.688,96.375,71.75,72.063,55.813,57.063,0.0,36.25,72.0,70.0,1000.0,200.0,0.103,201.25,69.813,69.125,-0.052,72.0,68.813,55.844,56.688,0.0,43.594,72.0,70.0,1000.0,200.0,0.201,487.5,76.875,76.125,0.01,72.188,70.375,56.094,57.344,0.0,57.594,72.0,70.0,1000.0,200.0,0.232,526.0,75.938,76.125,0.015,72.875,70.688,56.781,58.344,0.0,47.188,72.0,70.0,1000.0,200.0,0.131,396.75,75.5,74.188,-0.004,0.0,1.0,0.0,1.0,0.0,1.0,0.0,1.0,0.0,1.0,0.0,1.0,0.0,1.0,0.0,1.0,6.338,6.377,5.891,6.195,1.0,1.0,1.0,1.0,1.0,1.0,1.0,1.0,1.0,1.0,1.0,1.0,1.0,1.0,1.0,1.0,333.0,525.0,526.0,518.0,302.75,519.0,521.5,518.5,-0.003,4.243,0.0,11.883,0.969,0.269,-0.005,0.001,-0.0,-0.001
9072007,1248,1.0,1.0,1.0,1.0,100.0,35.872,40.0,40.0,40.0,1.0,1.0,961.64,265.886,0.022,11.852,0.0,80.0,55.0,1.4,1583.625,1654.755,1671.589,257.352,54.932,72.164,71.34,72.097,51.905,1.36,2.191,0.337,66.771,53.366,89.527,51.899,0.0,73.325,85.483,79.101,86.998,34.752,54.765,42.042,-10.828,52.344,96.375,71.75,71.875,55.688,56.969,0.0,36.281,72.0,70.0,1000.0,200.0,0.104,199.875,69.813,69.125,-0.052,72.0,68.813,55.75,56.5,0.0,43.406,72.0,70.0,1000.0,200.0,0.199,491.0,76.938,75.875,0.01,72.063,70.125,55.969,57.219,0.0,57.75,72.0,70.0,1000.0,200.0,0.213,504.75,75.938,76.125,0.019,72.563,70.688,56.656,58.125,0.0,47.188,72.0,70.0,1000.0,200.0,0.131,397.25,75.5,74.125,-0.004,0.0,1.0,0.0,1.0,0.0,1.0,0.0,1.0,0.0,1.0,0.0,1.0,0.0,1.0,0.0,1.0,6.333,6.37,5.886,6.187,1.0,1.0,1.0,1.0,1.0,1.0,1.0,1.0,1.0,1.0,1.0,1.0,1.0,1.0,1.0,1.0,332.75,525.5,526.5,518.0,302.75,518.5,521.5,519.0,-0.005,4.317,0.0,12.004,0.962,0.266,-0.005,0.002,-0.001,-0.001
9072007,1249,1.0,1.0,1.0,1.0,100.0,35.776,40.0,40.0,40.0,1.0,1.0,965.154,268.228,0.022,11.852,0.0,80.0,55.0,1.4,1583.625,1651.533,1673.226,251.384,54.825,72.164,71.235,72.097,51.798,1.372,2.14,0.333,66.789,53.387,89.499,51.843,0.0,73.325,85.409,79.101,86.85,34.166,54.765,41.677,-10.82,52.0,96.313,71.75,71.875,55.688,57.063,0.0,37.625,72.0,70.0,1000.0,200.0,0.095,193.0,69.813,69.125,-0.052,72.0,68.563,55.75,56.5,0.0,43.688,72.0,70.0,1000.0,200.0,0.197,489.5,76.875,75.875,0.01,72.188,69.75,55.969,57.219,0.0,57.719,72.0,70.0,1000.0,200.0,0.213,505.25,75.938,76.313,0.019,72.563,70.563,56.656,58.125,0.0,47.156,72.0,70.0,1000.0,200.0,0.133,398.75,75.5,74.125,-0.004,0.0,1.0,0.0,1.0,0.0,1.0,0.0,1.0,0.0,1.0,0.0,1.0,0.0,1.0,0.0,1.0,6.337,6.369,5.891,6.187,1.0,1.0,1.0,1.0,1.0,1.0,1.0,1.0,1.0,1.0,1.0,1.0,1.0,1.0,1.0,1.0,332.5,525.5,526.0,518.0,303.0,518.5,521.5,519.0,-0.005,4.322,0.0,12.37,0.965,0.268,-0.005,0.001,-0.001,-0.001
9072007,1250,1.0,1.0,1.0,1.0,100.0,35.424,40.0,40.0,40.0,1.0,1.0,986.237,265.886,0.012,11.822,0.0,80.0,55.0,1.4,1587.375,1678.958,1691.267,262.319,54.717,72.058,71.129,71.991,51.69,1.368,2.148,0.337,66.887,53.444,89.639,51.787,0.0,73.218,85.409,78.995,86.85,33.946,54.66,41.459,-10.828,52.25,96.313,71.75,72.25,55.688,56.969,0.0,36.469,72.0,70.0,1000.0,200.0,0.104,202.0,69.813,69.125,-0.052,72.0,68.5,55.75,56.406,0.0,43.563,72.0,70.0,1000.0,200.0,0.199,491.0,76.875,76.125,0.01,72.313,70.188,55.969,57.125,0.0,57.344,72.0,70.0,1000.0,200.0,0.227,521.5,75.938,76.313,0.018,72.688,70.563,56.656,58.0,0.0,48.281,72.0,70.0,1000.0,200.0,0.132,397.25,75.5,74.125,-0.004,0.0,1.0,0.0,1.0,0.0,1.0,0.0,1.0,0.0,1.0,0.0,1.0,0.0,1.0,0.0,1.0,6.337,6.372,5.888,6.19,1.0,1.0,1.0,1.0,1.0,1.0,1.0,1.0,1.0,1.0,1.0,1.0,1.0,1.0,1.0,1.0,332.75,525.5,526.0,518.5,303.0,519.0,521.5,518.5,-0.003,4.288,0.0,12.342,0.986,0.266,-0.005,0.001,-0.001,-0.001
9072007,1251,1.0,1.0,1.0,1.0,100.0,35.493,40.0,40.0,40.0,1.0,1.0,966.325,269.4,0.012,11.852,0.0,80.0,55.0,1.4,1616.625,1670.883,1671.589,258.132,54.717,72.27,71.34,72.202,51.583,1.383,2.158,0.34,66.88,53.532,89.611,51.759,0.0,73.218,85.409,79.101,86.776,33.8,54.66,41.313,-10.82,52.219,96.438,71.5,72.063,55.688,56.969,0.0,36.125,72.0,70.0,1000.0,200.0,0.105,203.125,69.813,69.125,-0.052,71.75,68.5,55.531,56.313,0.0,43.813,72.0,70.0,1000.0,200.0,0.19,476.0,76.875,76.125,0.01,72.063,70.188,55.875,57.125,0.0,57.313,72.0,70.0,1000.0,200.0,0.229,525.0,75.938,76.313,0.019,72.563,70.438,56.438,58.0,0.0,48.344,72.0,70.0,1000.0,200.0,0.136,405.5,75.5,74.188,-0.004,0.0,1.0,0.0,1.0,0.0,1.0,0.0,1.0,0.0,1.0,0.0,1.0,0.0,1.0,0.0,1.0,6.327,6.358,5.881,6.175,1.0,1.0,1.0,1.0,1.0,1.0,1.0,1.0,1.0,1.0,1.0,1.0,1.0,1.0,1.0,1.0,332.25,525.5,526.0,518.5,302.75,518.5,522.0,518.5,-0.003,4.269,0.0,12.374,0.966,0.269,-0.005,0.001,-0.001,-0.001
9072007,1252,1.0,1.0,1.0,1.0,100.0,34.736,40.0,40.0,40.0,1.0,1.0,963.982,269.4,0.022,11.852,0.0,80.0,55.0,1.4,1602.625,1653.144,1674.864,257.574,54.61,72.058,71.235,71.991,51.583,1.394,2.166,0.34,66.907,53.565,89.611,51.563,0.0,73.325,85.261,78.995,86.85,33.873,54.451,41.313,-10.828,51.969,96.438,71.75,72.188,55.406,56.906,0.0,36.719,72.0,70.0,1000.0,200.0,0.101,197.75,69.813,69.125,-0.052,71.875,68.313,55.531,56.313,0.0,42.656,72.0,70.0,1000.0,200.0,0.189,476.0,76.875,76.125,0.01,72.188,70.188,55.656,57.0,0.0,57.5,72.0,70.0,1000.0,200.0,0.217,513.0,75.938,76.313,0.021,72.5,70.438,56.344,57.938,0.0,47.406,72.0,70.0,1000.0,200.0,0.143,410.75,75.5,74.188,-0.004,0.0,1.0,0.0,1.0,0.0,1.0,0.0,1.0,0.0,1.0,0.0,1.0,0.0,1.0,0.0,1.0,6.335,6.366,5.885,6.183,1.0,1.0,1.0,1.0,1.0,1.0,1.0,1.0,1.0,1.0,1.0,1.0,1.0,1.0,1.0,1.0,332.5,525.5,525.5,518.5,303.0,518.5,521.5,518.5,-0.006,4.285,0.0,12.254,0.964,0.269,-0.005,0.001,-0.001,-0.001
9072007,1253,1.0,1.0,1.0,1.0,100.0,34.329,40.0,40.0,40.0,1.0,1.0,974.524,261.201,0.022,11.762,0.0,80.0,55.0,1.4,1596.5,1669.269,1681.42,261.007,54.61,72.164,71.235,71.991,51.476,1.375,2.176,0.333,66.915,53.524,89.611,51.506,0.0,73.433,85.261,79.101,86.702,33.727,54.347,41.168,-10.82,51.938,96.375,71.75,71.875,55.406,56.75,0.0,37.438,72.0,70.0,1000.0,200.0,0.096,195.75,69.688,69.125,-0.052,71.875,68.188,55.531,56.313,0.0,42.969,72.0,70.0,1000.0,200.0,0.19,476.5,76.875,76.125,0.01,72.188,69.813,55.656,56.813,0.0,57.656,72.0,70.0,1000.0,200.0,0.217,512.0,75.938,76.125,0.02,72.5,70.375,56.219,57.875,0.0,47.906,72.0,70.0,1000.0,200.0,0.143,413.25,75.5,74.188,-0.004,0.0,1.0,0.0,1.0,0.0,1.0,0.0,1.0,0.0,1.0,0.0,1.0,0.0,1.0,0.0,1.0,6.33,6.365,5.885,6.18,1.0,1.0,1.0,1.0,1.0,1.0,1.0,1.0,1.0,1.0,1.0,1.0,1.0,1.0,1.0,1.0,332.25,525.0,525.5,518.5,302.75,519.0,521.5,518.5,-0.005,4.244,0.0,12.163,0.975,0.261,-0.004,0.001,-0.001,-0.001
9072007,1254,1.0,1.0,1.0,1.0,100.0,34.163,40.0,40.0,40.0,1.0,1.0,987.409,265.886,0.012,11.777,0.0,80.0,55.0,1.4,1596.5,1669.269,1681.42,259.144,54.502,72.27,71.445,72.308,51.476,1.375,2.155,0.337,66.995,53.592,89.807,51.45,0.0,73.433,85.261,79.101,86.702,33.507,54.451,41.022,-10.828,52.031,96.375,71.5,71.875,55.281,56.75,0.0,36.531,72.0,70.0,1000.0,200.0,0.104,201.625,69.688,69.125,-0.052,71.875,68.313,55.344,56.188,0.0,42.75,72.0,70.0,1000.0,200.0,0.189,476.0,76.875,76.125,0.01,71.875,70.438,55.656,56.813,0.0,57.531,72.0,70.0,1000.0,200.0,0.227,520.0,75.938,76.313,0.021,72.5,70.25,56.219,57.875,0.0,48.344,72.0,70.0,1000.0,200.0,0.144,415.25,75.438,74.188,-0.004,0.0,1.0,0.0,1.0,0.0,1.0,0.0,1.0,0.0,1.0,0.0,1.0,0.0,1.0,0.0,1.0,6.329,6.355,5.88,6.174,1.0,1.0,1.0,1.0,1.0,1.0,1.0,1.0,1.0,1.0,1.0,1.0,1.0,1.0,1.0,1.0,332.25,525.0,525.0,519.0,303.0,518.5,521.5,518.5,-0.003,4.226,0.0,12.3,0.987,0.266,-0.004,0.001,-0.001,-0.001
9072007,1255,1.0,1.0,1.0,1.0,100.0,33.239,40.0,40.0,40.0,1.0,1.0,960.469,265.886,0.012,11.837,0.0,80.0,55.0,1.4,1615.0,1640.264,1676.503,257.336,54.502,72.058,71.235,71.991,51.476,1.402,2.158,0.337,66.995,53.607,89.779,51.31,0.0,73.54,85.187,78.889,86.554,33.36,54.242,40.949,-10.82,51.938,96.5,71.75,72.25,55.281,56.75,0.0,36.688,72.0,70.0,1000.0,200.0,0.103,199.0,69.813,69.125,-0.052,71.875,68.813,55.344,56.188,0.0,43.844,72.0,70.0,1000.0,200.0,0.182,465.0,76.75,76.125,0.01,72.063,70.375,55.625,56.813,0.0,57.594,72.0,70.0,1000.0,200.0,0.219,514.5,75.938,76.313,0.023,72.375,70.0,56.219,57.875,0.0,48.063,72.0,70.0,1000.0,200.0,0.145,416.75,75.5,74.188,-0.004,0.0,1.0,0.0,1.0,0.0,1.0,0.0,1.0,0.0,1.0,0.0,1.0,0.0,1.0,0.0,1.0,6.33,6.366,5.881,6.182,1.0,1.0,1.0,1.0,1.0,1.0,1.0,1.0,1.0,1.0,1.0,1.0,1.0,1.0,1.0,1.0,332.25,525.0,525.5,519.0,303.0,518.5,521.5,518.5,-0.003,4.302,0.0,12.485,0.96,0.266,-0.005,0.001,-0.001,-0.001
9072007,1256,1.0,1.0,1.0,1.0,100.0,33.004,40.0,40.0,40.0,1.0,1.0,972.182,267.057,0.012,11.822,0.0,80.0,55.0,1.4,1600.875,1641.873,1678.141,248.977,54.394,72.058,71.235,71.991,51.369,1.398,2.187,0.344,67.014,53.618,89.499,51.366,0.0,73.647,85.039,78.889,86.554,33.214,54.138,40.876,-10.82,51.875,96.5,71.75,71.875,55.281,56.563,0.0,37.219,72.0,70.0,1000.0,200.0,0.098,198.25,69.688,69.063,-0.052,72.0,68.688,55.219,56.188,0.0,43.5,72.0,70.0,1000.0,200.0,0.183,466.75,76.875,76.125,0.01,71.875,70.438,55.625,56.813,0.0,56.438,72.0,70.0,1000.0,200.0,0.212,504.75,75.938,76.313,0.021,72.063,70.063,56.125,57.75,0.0,47.406,72.0,70.0,1000.0,200.0,0.147,420.25,75.5,74.188,-0.004,0.0,1.0,0.0,1.0,0.0,1.0,0.0,1.0,0.0,1.0,0.0,1.0,0.0,1.0,0.0,1.0,6.329,6.362,5.878,6.18,1.0,1.0,1.0,1.0,1.0,1.0,1.0,1.0,1.0,1.0,1.0,1.0,1.0,1.0,1.0,1.0,332.0,525.0,525.0,519.0,303.0,517.5,521.5,518.5,-0.003,4.329,0.0,12.59,0.972,0.267,-0.005,0.001,-0.001,-0.001
9072007,1257,1.0,1.0,1.0,1.0,100.0,31.845,40.0,40.0,40.0,1.0,1.0,962.811,270.571,0.022,11.822,0.0,80.0,55.0,1.4,1595.5,1649.922,1681.42,258.226,54.394,72.058,71.235,72.097,51.262,1.387,2.198,0.337,67.029,53.608,89.751,51.17,0.0,73.647,85.113,78.995,86.628,33.287,54.242,40.876,-10.828,51.719,96.438,71.75,72.188,55.188,56.563,0.0,36.125,72.0,70.0,1000.0,200.0,0.106,204.375,69.813,69.125,-0.052,71.875,68.5,55.344,56.188,0.0,43.406,72.0,70.0,1000.0,200.0,0.184,467.25,76.875,76.125,0.01,72.188,70.188,55.5,56.719,0.0,56.25,72.0,70.0,1000.0,200.0,0.216,508.5,75.938,76.313,0.021,72.313,70.0,56.063,57.75,0.0,47.75,72.0,70.0,1000.0,200.0,0.146,418.25,75.438,74.188,-0.004,0.0,1.0,0.0,1.0,0.0,1.0,0.0,1.0,0.0,1.0,0.0,1.0,0.0,1.0,0.0,1.0,6.325,6.363,5.881,6.179,1.0,1.0,1.0,1.0,1.0,1.0,1.0,1.0,1.0,1.0,1.0,1.0,1.0,1.0,1.0,1.0,332.0,525.5,525.0,519.5,303.0,517.5,521.0,518.5,-0.005,4.281,0.0,12.47,0.963,0.271,-0.005,0.001,-0.001,-0.001
9072007,1258,1.0,1.0,1.0,1.0,100.0,31.266,40.0,40.0,40.0,1.0,1.0,954.612,268.228,0.022,11.896,0.0,80.0,55.0,1.4,1610.5,1654.755,1666.678,258.441,54.287,72.164,71.235,72.097,51.262,1.387,2.144,0.34,67.055,53.657,89.919,51.142,0.0,73.862,85.113,78.889,86.554,33.214,54.138,40.803,-10.82,51.844,96.438,71.438,72.188,55.188,56.563,0.0,36.875,72.0,70.0,1000.0,200.0,0.101,197.625,69.688,69.063,-0.052,71.875,68.313,55.125,56.094,0.0,42.0,72.0,70.0,1000.0,200.0,0.187,469.25,76.875,76.125,0.01,72.188,70.438,55.5,56.719,0.0,57.688,72.0,70.0,1000.0,200.0,0.222,515.5,75.938,76.313,0.021,72.375,70.0,56.063,57.563,0.0,48.875,72.0,70.0,1000.0,200.0,0.146,418.0,75.5,74.188,-0.004,0.0,1.0,0.0,1.0,0.0,1.0,0.0,1.0,0.0,1.0,0.0,1.0,0.0,1.0,0.0,1.0,6.32,6.36,5.88,6.177,1.0,1.0,1.0,1.0,1.0,1.0,1.0,1.0,1.0,1.0,1.0,1.0,1.0,1.0,1.0,1.0,332.25,525.0,525.0,519.5,303.0,519.5,521.5,518.5,-0.005,4.315,0.0,12.548,0.955,0.268,-0.005,0.001,-0.001,-0.001
9072007,1259,1.0,1.0,1.0,1.0,100.0,30.604,40.0,40.0,40.0,1.0,1.0,976.867,265.886,0.022,11.792,0.0,80.0,55.0,1.4,1609.75,1677.343,1686.342,264.826,54.394,72.27,71.445,72.308,51.262,1.368,2.202,0.333,67.113,53.679,89.863,51.086,0.0,73.97,85.113,78.889,86.554,33.14,54.033,40.73,-10.82,51.813,96.563,71.438,72.063,55.188,56.563,0.0,37.0,72.0,70.0,1000.0,200.0,0.101,199.0,69.688,69.125,-0.052,72.0,68.5,55.125,56.094,0.0,42.594,72.0,70.0,1000.0,200.0,0.184,471.5,76.875,76.125,0.01,72.188,70.688,55.5,56.594,0.0,57.969,72.0,70.0,1000.0,200.0,0.235,530.0,75.938,76.125,0.02,72.313,70.063,56.063,57.563,0.0,49.156,72.0,70.0,1000.0,200.0,0.145,416.5,75.5,74.188,-0.004,0.0,1.0,0.0,1.0,0.0,1.0,0.0,1.0,0.0,1.0,0.0,1.0,0.0,1.0,0.0,1.0,6.325,6.358,5.875,6.175,1.0,1.0,1.0,1.0,1.0,1.0,1.0,1.0,1.0,1.0,1.0,1.0,1.0,1.0,1.0,1.0,332.0,525.0,525.0,519.5,303.0,519.5,521.5,518.5,-0.005,4.284,0.0,12.44,0.977,0.266,-0.004,0.001,-0.001,-0.001
9072007,1300,1.0,1.0,1.0,1.0,100.0,30.206,40.0,40.0,40.0,1.0,1.0,983.895,265.886,0.022,11.852,0.0,80.0,55.0,1.4,1609.75,1678.958,1687.983,263.225,54.287,72.164,71.129,72.097,51.262,1.372,2.198,0.34,67.12,53.703,90.088,51.058,0.0,74.077,85.039,78.782,86.48,33.067,54.138,40.658,-10.82,52.125,96.563,71.5,72.25,55.188,56.563,0.0,36.406,72.0,70.0,1000.0,200.0,0.104,202.375,69.625,69.063,-0.052,72.0,68.5,55.219,55.906,0.0,43.156,72.0,70.0,1000.0,200.0,0.188,474.75,76.875,76.125,0.01,72.313,70.625,55.5,56.594,0.0,57.938,72.0,70.0,1000.0,200.0,0.222,516.0,75.938,76.313,0.02,72.063,69.875,55.844,57.563,0.0,48.063,72.0,70.0,1000.0,200.0,0.154,427.5,75.438,74.188,-0.004,0.0,1.0,0.0,1.0,0.0,1.0,0.0,1.0,0.0,1.0,0.0,1.0,0.0,1.0,0.0,1.0,6.322,6.357,5.872,6.174,1.0,1.0,1.0,1.0,1.0,1.0,1.0,1.0,1.0,1.0,1.0,1.0,1.0,1.0,1.0,1.0,331.75,525.5,524.5,519.5,303.0,518.0,521.5,518.5,-0.005,4.27,0.0,12.505,0.984,0.266,-0.004,0.001,-0.001,-0.001
9072007,1301,1.0,1.0,1.0,1.0,100.0,29.292,40.0,40.0,40.0,1.0,1.0,956.955,265.886,0.012,11.881,0.0,80.0,55.0,1.4,1617.25,1674.112,1683.06,265.245,54.61,72.058,71.129,72.097,51.476,1.379,2.191,0.337,67.198,53.689,90.088,51.058,0.0,74.507,84.965,78.782,86.48,32.994,54.138,40.512,-10.82,51.969,96.5,71.75,72.188,55.188,56.438,0.0,36.219,72.0,70.0,1000.0,200.0,0.105,202.5,69.688,69.063,-0.052,72.0,68.563,55.219,56.094,0.0,43.344,72.0,70.0,1000.0,200.0,0.187,474.0,76.875,76.125,0.01,72.375,70.438,55.375,56.594,0.0,57.75,72.0,70.0,1000.0,200.0,0.237,531.5,75.938,76.313,0.017,72.063,70.0,56.063,57.438,0.0,48.406,72.0,70.0,1000.0,200.0,0.141,408.5,75.438,74.313,-0.004,1.0,1.0,1.0,1.0,1.0,1.0,1.0,1.0,1.0,1.0,1.0,1.0,1.0,1.0,1.0,1.0,12.643,12.659,11.754,12.327,1.0,1.0,1.0,1.0,1.0,1.0,1.0,1.0,1.0,1.0,1.0,1.0,1.0,1.0,1.0,1.0,332.5,525.0,524.5,520.0,303.0,518.5,521.5,518.5,-0.003,4.224,0.0,12.416,0.957,0.266,-0.005,0.001,-0.001,-0.001
9072007,1302,1.0,1.0,1.0,1.0,100.0,29.159,40.0,40.0,40.0,1.0,1.0,988.58,265.886,0.012,11.807,0.0,80.0,55.0,1.4,1621.5,1678.958,1692.909,262.186,54.394,72.27,71.445,72.097,51.369,1.391,2.184,0.344,67.218,53.767,90.312,50.778,0.0,74.507,84.891,78.889,86.333,32.847,54.242,40.366,-10.82,52.0,96.688,71.5,72.438,55.094,56.563,0.0,37.469,72.0,70.0,1000.0,200.0,0.096,194.125,69.625,69.125,-0.052,71.875,68.938,55.219,55.906,0.0,41.781,72.0,70.0,1000.0,200.0,0.188,475.5,76.875,76.125,0.01,71.875,70.938,55.5,56.594,0.0,57.875,72.0,70.0,1000.0,200.0,0.238,534.5,76.0,76.313,0.021,72.375,70.25,55.844,57.438,0.0,47.719,72.0,70.0,1000.0,200.0,0.148,418.5,75.438,74.313,-0.004,1.0,1.0,1.0,1.0,1.0,1.0,1.0,1.0,1.0,1.0,1.0,1.0,1.0,1.0,1.0,1.0,12.635,12.643,11.734,12.319,1.0,1.0,1.0,1.0,1.0,1.0,1.0,1.0,1.0,1.0,1.0,1.0,1.0,1.0,1.0,1.0,332.25,525.0,524.5,520.0,303.0,518.0,522.0,518.5,-0.003,4.149,0.0,12.341,0.989,0.266,-0.004,0.001,-0.001,-0.001
9072007,1303,1.0,1.0,1.0,1.0,100.0,28.084,40.0,40.0,40.0,1.0,1.0,1006.149,268.228,0.012,11.807,0.0,80.0,55.0,1.4,1597.875,1690.275,1684.701,262.192,54.394,72.27,71.76,72.202,51.369,1.406,2.191,0.337,67.19,53.748,90.06,50.413,0.0,74.614,84.891,78.782,86.407,32.847,54.242,40.439,-10.82,51.781,96.625,71.75,73.375,55.094,56.344,0.0,36.5,72.0,70.0,1000.0,200.0,0.104,202.125,69.625,69.063,-0.052,71.563,69.188,55.219,56.094,0.0,42.031,72.0,70.0,1000.0,200.0,0.166,445.25,76.875,76.125,0.01,72.063,71.0,55.375,56.594,0.0,58.156,72.0,70.0,1000.0,200.0,0.226,521.5,75.938,76.313,0.021,72.563,70.438,55.844,57.438,0.0,49.344,72.0,70.0,1000.0,200.0,0.167,446.0,75.438,74.188,-0.004,1.0,1.0,1.0,1.0,1.0,1.0,1.0,1.0,1.0,1.0,1.0,1.0,1.0,1.0,1.0,1.0,12.61,12.634,11.722,12.305,1.0,1.0,1.0,1.0,1.0,1.0,1.0,1.0,1.0,1.0,1.0,1.0,1.0,1.0,1.0,1.0,331.75,525.5,524.5,520.0,302.75,519.0,522.0,519.0,-0.003,4.19,0.0,12.46,1.006,0.268,-0.004,0.001,-0.001,-0.001
9072007,1304,1.0,1.0,1.0,1.0,100.0,27.706,40.0,40.0,40.0,1.0,1.0,987.409,272.914,0.012,11.926,0.0,80.0,55.0,1.4,1597.875,1688.657,1699.483,269.848,54.502,72.376,71.971,72.202,51.476,1.387,2.205,0.333,67.345,53.762,90.48,49.937,0.0,74.614,84.817,78.889,86.333,32.774,54.556,40.221,-10.82,51.563,96.688,71.938,73.875,55.188,56.438,0.0,36.313,72.0,70.0,1000.0,200.0,0.104,202.5,69.625,69.063,-0.052,71.438,69.688,55.219,56.094,0.0,41.844,72.0,70.0,1000.0,200.0,0.167,447.5,76.75,76.125,0.01,72.188,70.938,55.5,56.594,0.0,57.969,72.0,70.0,1000.0,200.0,0.241,536.5,75.938,76.313,0.018,72.563,70.688,55.844,57.438,0.0,49.625,72.0,70.0,1000.0,200.0,0.165,445.0,75.438,74.188,-0.004,1.0,1.0,1.0,1.0,1.0,1.0,1.0,1.0,1.0,1.0,1.0,1.0,1.0,1.0,1.0,1.0,12.622,12.637,11.716,12.315,1.0,1.0,1.0,1.0,1.0,1.0,1.0,1.0,1.0,1.0,1.0,1.0,1.0,1.0,1.0,1.0,332.25,525.0,525.0,520.0,303.0,518.5,522.5,519.0,-0.003,4.077,0.0,12.346,0.987,0.273,-0.004,0.001,-0.001,-0.001
9072007,1305,1.0,1.0,1.0,1.0,100.0,27.436,40.0,40.0,40.0,1.0,1.0,978.038,274.085,0.022,11.837,0.0,80.0,55.0,1.4,1623.0,1685.423,1689.625,280.749,54.61,72.482,72.181,72.413,51.583,1.375,2.194,0.344,67.308,53.818,90.424,49.629,0.0,74.399,84.965,78.782,86.407,32.774,54.765,40.002,-10.82,51.313,96.75,72.125,74.25,55.281,56.563,0.0,36.531,72.0,70.0,1000.0,200.0,0.104,199.0,69.625,69.063,-0.052,71.438,69.938,55.219,56.094,0.0,41.125,72.0,70.0,1000.0,200.0,0.167,447.0,76.75,76.188,0.01,72.313,71.0,55.625,56.594,0.0,57.875,72.0,70.0,1000.0,200.0,0.244,541.0,75.938,76.313,0.019,72.688,70.938,55.844,57.344,0.0,50.656,72.0,70.0,1000.0,200.0,0.165,444.25,75.438,74.313,-0.004,1.0,1.0,1.0,1.0,1.0,1.0,1.0,1.0,1.0,1.0,1.0,1.0,1.0,1.0,1.0,1.0,12.618,12.642,11.718,12.316,1.0,1.0,1.0,1.0,1.0,1.0,1.0,1.0,1.0,1.0,1.0,1.0,1.0,1.0,1.0,1.0,332.25,525.0,525.0,520.0,303.0,518.5,523.0,519.0,-0.005,3.891,0.0,11.893,0.978,0.274,-0.004,0.001,-0.001,-0.001
9072007,1306,1.0,1.0,1.0,1.0,100.0,27.071,40.0,40.0,40.0,1.0,1.0,1007.321,272.914,0.012,11.881,0.0,80.0,55.0,1.4,1619.5,1717.814,1717.598,277.203,54.717,72.589,72.286,72.413,51.69,1.387,2.209,0.329,67.429,53.827,90.508,49.376,0.0,74.077,84.743,78.782,86.259,32.628,54.974,39.929,-10.82,50.969,96.688,72.313,74.25,55.281,56.438,0.0,37.125,72.0,70.0,1000.0,200.0,0.101,199.875,69.625,69.063,-0.052,71.75,70.063,55.344,56.188,0.0,40.156,72.0,70.0,1000.0,200.0,0.167,446.25,76.75,76.125,0.01,72.188,71.438,55.625,56.594,0.0,58.375,72.0,70.0,1000.0,200.0,0.244,541.5,75.938,76.313,0.017,72.688,70.875,55.844,57.438,0.0,50.438,72.0,70.0,1000.0,200.0,0.179,462.0,75.438,74.313,-0.004,1.0,1.0,1.0,1.0,1.0,1.0,1.0,1.0,1.0,1.0,1.0,1.0,1.0,1.0,1.0,1.0,12.612,12.637,11.721,12.311,1.0,1.0,1.0,1.0,1.0,1.0,1.0,1.0,1.0,1.0,1.0,1.0,1.0,1.0,1.0,1.0,332.25,525.0,525.0,520.5,303.0,519.5,523.0,519.0,-0.003,3.882,0.0,12.059,1.007,0.273,-0.004,0.001,-0.001,-0.001
9072007,1307,1.0,1.0,1.0,1.0,100.0,27.053,40.0,40.0,40.0,1.0,1.0,1000.293,274.085,0.022,11.807,0.0,80.0,55.0,1.4,1619.5,1701.605,1697.84,270.503,54.717,72.907,72.707,72.73,51.905,1.364,2.194,0.322,67.445,53.948,90.284,49.18,0.0,73.862,84.891,78.782,86.259,32.554,55.183,39.929,-10.82,51.0,96.688,72.438,74.75,55.406,56.563,0.0,37.563,72.0,70.0,1000.0,200.0,0.104,201.875,69.625,69.063,-0.052,71.875,70.063,55.531,56.188,0.0,42.531,72.0,70.0,1000.0,200.0,0.164,442.25,76.75,76.125,0.01,72.313,71.563,55.656,56.594,0.0,58.719,72.0,70.0,1000.0,200.0,0.238,536.5,75.938,76.313,0.021,72.875,71.063,56.063,57.344,0.0,51.063,72.0,70.0,1000.0,200.0,0.182,468.25,75.438,74.313,-0.004,1.0,1.0,1.0,1.0,1.0,1.0,1.0,1.0,1.0,1.0,1.0,1.0,1.0,1.0,1.0,1.0,12.621,12.645,11.724,12.32,1.0,1.0,1.0,1.0,1.0,1.0,1.0,1.0,1.0,1.0,1.0,1.0,1.0,1.0,1.0,1.0,332.5,525.0,525.5,520.5,303.0,518.5,523.5,518.5,-0.005,3.848,0.0,12.105,1.0,0.274,-0.004,0.001,-0.001,-0.001
9072007,1308,1.0,1.0,1.0,1.0,100.0,27.352,40.0,40.0,40.0,1.0,1.0,1028.404,277.599,0.022,11.837,0.0,80.0,55.0,1.4,1656.75,1732.426,1730.806,283.184,55.04,72.801,72.601,72.625,52.119,1.349,2.205,0.337,67.659,54.017,90.368,48.984,0.0,74.077,84.669,78.676,86.185,32.408,55.392,39.856,-10.828,50.969,96.688,72.5,75.063,55.5,56.75,0.0,38.438,72.0,70.0,1000.0,200.0,0.103,201.125,69.625,69.0,-0.052,71.75,70.625,55.531,56.313,0.0,42.25,72.0,70.0,1000.0,200.0,0.16,439.75,76.75,76.188,0.01,72.188,71.625,55.656,56.719,0.0,58.813,72.0,70.0,1000.0,200.0,0.246,543.0,75.938,76.313,0.015,73.0,71.063,56.063,57.344,0.0,52.094,72.0,70.0,1000.0,200.0,0.197,486.0,75.438,74.313,-0.004,1.0,1.0,1.0,1.0,1.0,1.0,1.0,1.0,1.0,1.0,1.0,1.0,1.0,1.0,1.0,1.0,12.629,12.648,11.734,12.323,1.0,1.0,1.0,1.0,1.0,1.0,1.0,1.0,1.0,1.0,1.0,1.0,1.0,1.0,1.0,1.0,332.75,525.0,525.0,520.5,303.25,520.0,524.0,519.0,-0.006,3.836,0.0,12.257,1.028,0.278,-0.005,0.001,-0.001,-0.001
9072007,1309,1.0,1.0,1.0,1.0,100.0,27.35,40.0,40.0,40.0,1.0,1.0,1015.52,270.571,0.012,11.822,0.0,80.0,55.0,1.4,1679.75,1722.682,1722.548,277.869,54.932,72.801,72.601,72.73,52.119,1.387,2.209,0.333,67.692,54.178,90.144,48.872,0.0,73.755,84.743,78.782,86.185,32.481,55.601,39.856,-10.82,50.781,96.688,72.625,75.125,55.688,56.75,0.0,37.531,72.0,70.0,1000.0,200.0,0.114,211.5,69.625,69.0,-0.052,71.625,70.625,55.625,56.313,0.0,41.406,72.0,70.0,1000.0,200.0,0.157,434.75,76.75,76.125,0.01,72.063,71.438,55.656,56.813,0.0,58.875,72.0,70.0,1000.0,200.0,0.238,531.5,75.938,76.313,0.025,73.063,70.938,56.125,57.438,0.0,53.656,72.0,70.0,1000.0,200.0,0.198,487.5,75.438,74.313,-0.004,1.0,1.0,1.0,1.0,1.0,1.0,1.0,1.0,1.0,1.0,1.0,1.0,1.0,1.0,1.0,1.0,12.627,12.642,11.73,12.319,1.0,1.0,1.0,1.0,1.0,1.0,1.0,1.0,1.0,1.0,1.0,1.0,1.0,1.0,1.0,1.0,332.5,525.0,525.5,521.0,303.0,520.5,524.0,519.0,-0.003,3.771,0.0,12.121,1.016,0.271,-0.005,0.001,-0.001,-0.001
9072007,1310,1.0,1.0,1.0,1.0,100.0,27.698,40.0,40.0,40.0,1.0,1.0,1056.515,278.77,0.012,11.911,0.0,80.0,55.0,1.4,1673.125,1753.572,1735.766,282.981,55.04,72.907,72.812,72.836,52.119,1.364,2.227,0.34,67.9,54.32,90.312,48.76,0.0,73.755,84.669,78.676,86.185,32.408,55.287,39.856,-10.82,50.875,96.625,72.688,75.438,55.688,56.75,0.0,37.906,72.0,70.0,1000.0,200.0,0.115,211.875,69.375,69.063,-0.052,71.75,70.75,55.625,56.406,0.0,41.875,72.0,70.0,1000.0,200.0,0.158,436.25,76.75,76.125,0.01,72.188,71.563,55.875,56.813,0.0,58.469,72.0,70.0,1000.0,200.0,0.246,544.0,75.938,76.313,0.021,73.063,70.938,56.125,57.563,0.0,53.969,72.0,70.0,1000.0,200.0,0.208,501.25,75.438,74.313,-0.004,1.0,1.0,1.0,1.0,1.0,1.0,1.0,1.0,1.0,1.0,1.0,1.0,1.0,1.0,1.0,1.0,12.622,12.645,11.737,12.31,1.0,1.0,1.0,1.0,1.0,1.0,1.0,1.0,1.0,1.0,1.0,1.0,1.0,1.0,1.0,1.0,332.75,525.0,525.5,521.0,303.0,519.5,524.5,519.0,-0.003,3.877,0.0,12.333,1.057,0.279,-0.002,0.001,-0.001,-0.001
9072007,1311,1.0,1.0,1.0,1.0,100.0,28.023,40.0,40.0,40.0,1.0,1.0,1041.288,281.113,0.012,11.792,0.0,80.0,55.0,1.4,1673.125,1766.607,1763.95,293.701,55.148,73.225,73.022,73.047,52.226,1.345,2.23,0.329,68.05,54.383,90.256,48.76,0.0,73.647,84.595,78.676,86.111,32.334,55.601,39.856,-10.82,50.938,96.625,72.625,75.25,55.813,56.906,0.0,38.469,72.0,70.0,1000.0,200.0,0.115,211.5,69.625,69.063,-0.052,71.875,70.75,55.75,56.406,0.0,40.813,72.0,70.0,1000.0,200.0,0.167,450.0,76.75,76.188,0.01,72.188,71.625,55.969,56.813,0.0,59.25,72.0,70.0,1000.0,200.0,0.235,533.5,76.0,76.313,0.017,73.188,70.938,56.125,57.438,0.0,54.813,72.0,70.0,1000.0,200.0,0.218,512.0,75.438,74.313,-0.004,1.0,1.0,1.0,1.0,1.0,1.0,1.0,1.0,1.0,1.0,1.0,1.0,1.0,1.0,1.0,1.0,12.619,12.63,11.732,12.31,1.0,1.0,1.0,1.0,1.0,1.0,1.0,1.0,1.0,1.0,1.0,1.0,1.0,1.0,1.0,1.0,333.0,525.0,525.5,521.0,303.0,520.0,524.5,519.5,-0.003,3.812,0.0,12.332,1.041,0.281,-0.004,0.001,-0.001,-0.001
9072007,1312,1.0,1.0,1.0,1.0,100.0,28.558,40.0,40.0,40.0,1.0,1.0,1076.428,282.284,0.022,11.762,0.0,80.0,55.0,1.4,1710.375,1792.729,1765.612,294.589,55.255,73.013,72.812,72.942,52.333,1.326,2.263,0.337,68.38,54.541,90.06,48.872,0.0,73.54,84.669,78.676,86.111,32.188,55.496,39.856,-10.82,50.656,96.563,72.938,75.375,55.813,56.906,0.0,39.688,72.0,70.0,1000.0,200.0,0.114,211.5,69.375,69.0,-0.052,71.875,70.75,55.844,56.5,0.0,41.25,72.0,70.0,1000.0,200.0,0.163,445.5,76.75,76.125,0.01,72.188,71.438,55.969,57.0,0.0,59.938,72.0,70.0,1000.0,200.0,0.246,542.5,75.938,76.313,0.019,73.188,70.688,56.125,57.438,0.0,56.313,72.0,70.0,1000.0,200.0,0.226,522.0,75.438,74.313,-0.004,1.0,1.0,1.0,1.0,1.0,1.0,1.0,1.0,1.0,1.0,1.0,1.0,1.0,1.0,1.0,1.0,12.614,12.627,11.721,12.305,1.0,1.0,1.0,1.0,1.0,1.0,1.0,1.0,1.0,1.0,1.0,1.0,1.0,1.0,1.0,1.0,332.5,525.0,525.5,522.0,303.0,520.0,525.0,519.0,-0.005,3.87,0.0,12.54,1.076,0.282,-0.003,0.001,-0.001,-0.001
9072007,1313,1.0,1.0,1.0,1.0,100.0,28.572,40.0,40.0,40.0,1.0,1.0,1068.228,289.312,0.012,11.837,0.0,80.0,55.0,1.4,1726.875,1784.558,1772.265,301.149,55.148,73.013,72.707,72.942,52.44,1.36,2.223,0.333,68.483,54.788,89.947,48.956,0.0,73.647,84.669,78.676,86.111,32.188,55.496,39.856,-10.82,50.563,96.438,73.0,75.25,55.813,56.906,0.0,38.844,72.0,70.0,1000.0,200.0,0.125,221.25,69.625,69.0,-0.052,71.875,70.938,55.844,56.5,0.0,42.281,72.0,70.0,1000.0,200.0,0.159,434.75,76.875,76.188,0.01,71.875,71.563,56.094,56.813,0.0,58.781,72.0,70.0,1000.0,200.0,0.247,543.0,76.0,76.313,0.021,73.063,70.875,56.125,57.438,0.0,56.719,72.0,70.0,1000.0,200.0,0.238,534.5,75.438,74.313,-0.004,1.0,1.0,1.0,1.0,1.0,1.0,1.0,1.0,1.0,1.0,1.0,1.0,1.0,1.0,1.0,1.0,12.602,12.623,11.721,12.297,1.0,1.0,1.0,1.0,1.0,1.0,1.0,1.0,1.0,1.0,1.0,1.0,1.0,1.0,1.0,1.0,332.75,525.0,525.5,522.0,303.25,520.5,525.0,519.5,-0.003,3.894,0.0,12.62,1.068,0.289,-0.005,0.001,-0.001,-0.001
9072007,1314,1.0,1.0,1.0,1.0,100.0,29.175,40.0,40.0,40.0,1.0,1.0,1105.71,290.483,0.022,11.866,0.0,80.0,55.0,1.4,1735.75,1818.919,1780.591,302.795,55.255,73.013,72.812,72.942,52.44,1.345,2.288,0.337,68.756,54.994,89.891,48.76,0.0,73.218,84.669,78.676,86.037,32.188,55.601,39.856,-10.82,50.625,96.375,72.938,75.438,55.906,56.969,0.0,39.219,72.0,70.0,1000.0,200.0,0.125,221.125,69.375,69.063,-0.052,72.125,70.938,55.844,56.5,0.0,41.063,72.0,70.0,1000.0,200.0,0.171,452.75,76.75,76.188,0.01,72.063,71.625,55.969,57.125,0.0,59.156,72.0,70.0,1000.0,200.0,0.244,540.0,75.938,76.313,0.019,72.875,70.563,56.125,57.438,0.0,56.75,72.0,70.0,1000.0,200.0,0.246,544.0,75.313,74.313,-0.004,1.0,1.0,1.0,1.0,1.0,1.0,1.0,1.0,1.0,1.0,1.0,1.0,1.0,1.0,1.0,1.0,12.619,12.647,11.743,12.32,1.0,1.0,1.0,1.0,1.0,1.0,1.0,1.0,1.0,1.0,1.0,1.0,1.0,1.0,1.0,1.0,333.25,525.0,525.5,522.0,303.25,520.0,525.0,519.5,-0.005,3.886,0.0,12.651,1.106,0.29,-0.002,0.001,-0.001,-0.001
9072007,1315,1.0,1.0,1.0,1.0,100.0,29.896,40.0,40.0,40.0,1.0,1.0,1098.682,292.826,0.022,11.732,0.0,80.0,55.0,1.4,1762.625,1820.558,1795.609,295.71,55.363,73.119,72.917,73.047,52.44,1.337,2.281,0.329,68.982,55.098,89.835,48.788,0.0,73.218,84.522,78.57,86.037,32.188,55.601,39.929,-10.82,50.531,96.438,72.938,75.25,55.906,56.969,0.0,39.438,72.0,70.0,1000.0,200.0,0.126,222.5,69.375,69.0,-0.052,72.125,70.938,55.844,56.688,0.0,40.813,72.0,70.0,1000.0,200.0,0.172,453.5,76.75,76.188,0.01,72.375,71.563,56.094,57.125,0.0,58.969,72.0,70.0,1000.0,200.0,0.246,542.5,76.0,76.313,0.021,73.0,70.563,56.344,57.438,0.0,56.938,72.0,70.0,1000.0,200.0,0.25,548.0,75.438,74.313,-0.004,1.0,1.0,1.0,1.0,1.0,1.0,1.0,1.0,1.0,1.0,1.0,1.0,1.0,1.0,1.0,1.0,12.613,12.637,11.724,12.311,1.0,1.0,1.0,1.0,1.0,1.0,1.0,1.0,1.0,1.0,1.0,1.0,1.0,1.0,1.0,1.0,332.5,525.0,525.5,522.5,303.0,521.5,525.0,519.5,-0.006,3.879,0.0,12.627,1.099,0.293,-0.003,0.001,-0.001,-0.001
9072007,1316,1.0,1.0,1.0,1.0,100.0,30.8,40.0,40.0,40.0,1.0,1.0,1111.567,293.997,0.022,11.837,0.0,80.0,55.0,1.4,1780.5,1855.039,1817.371,311.415,55.363,73.119,72.917,73.047,52.44,1.341,2.295,0.333,69.237,55.39,89.807,48.872,0.0,73.11,84.595,78.889,85.963,32.261,55.496,39.929,-10.82,50.469,96.313,73.0,75.75,56.0,56.969,0.0,40.0,72.0,70.0,1000.0,200.0,0.125,222.25,69.375,69.0,-0.052,72.125,71.0,55.938,56.688,0.0,41.5,72.0,70.0,1000.0,200.0,0.172,455.0,76.75,76.188,0.01,72.188,71.563,56.094,57.125,0.0,59.813,72.0,70.0,1000.0,200.0,0.26,556.5,75.938,76.313,0.017,72.875,70.438,56.219,57.563,0.0,58.406,72.0,70.0,1000.0,200.0,0.25,548.0,75.438,74.313,-0.004,1.0,1.0,1.0,1.0,1.0,1.0,1.0,1.0,1.0,1.0,1.0,1.0,1.0,1.0,1.0,1.0,12.626,12.659,11.745,12.333,1.0,1.0,1.0,1.0,1.0,1.0,1.0,1.0,1.0,1.0,1.0,1.0,1.0,1.0,1.0,1.0,333.25,524.5,525.5,522.5,303.0,521.5,525.5,519.5,-0.005,3.906,0.0,12.619,1.112,0.294,-0.003,0.001,-0.001,-0.001
9072007,1317,1.0,1.0,1.0,1.0,100.0,31.204,40.0,40.0,40.0,1.0,1.0,1120.937,293.997,0.022,11.941,0.0,80.0,55.0,1.4,1780.5,1840.247,1810.666,313.405,55.471,73.119,72.917,73.047,52.44,1.36,2.313,0.348,69.344,55.435,89.639,48.928,0.0,73.003,84.448,78.676,85.963,32.115,55.705,39.929,-10.82,50.406,96.188,73.0,75.813,56.0,57.063,0.0,40.781,72.0,70.0,1000.0,200.0,0.127,222.5,69.375,69.0,-0.052,72.0,71.125,55.938,56.781,0.0,42.5,72.0,70.0,1000.0,200.0,0.164,442.25,76.75,76.188,0.01,72.313,71.813,56.188,57.219,0.0,60.5,72.0,70.0,1000.0,200.0,0.259,556.5,75.938,76.313,0.02,73.0,70.438,56.344,57.563,0.0,58.063,72.0,70.0,1000.0,200.0,0.265,563.5,75.313,74.375,-0.004,1.0,1.0,1.0,1.0,1.0,1.0,1.0,1.0,1.0,1.0,1.0,1.0,1.0,1.0,1.0,1.0,12.642,12.662,11.745,12.338,1.0,1.0,1.0,1.0,1.0,1.0,1.0,1.0,1.0,1.0,1.0,1.0,1.0,1.0,1.0,1.0,333.25,525.0,526.0,523.0,303.25,521.0,525.5,519.5,-0.006,3.955,0.0,12.973,1.121,0.294,-0.003,0.001,-0.001,-0.001
9072007,1318,1.0,1.0,1.0,1.0,100.0,32.292,40.0,40.0,40.0,1.0,1.0,1178.331,303.368,0.012,11.837,0.0,80.0,55.0,1.4,1794.5,1878.09,1839.217,322.445,55.686,73.119,72.812,73.364,52.761,1.36,2.346,0.34,69.774,55.742,89.807,49.124,0.0,73.218,84.522,78.57,85.963,32.188,55.705,39.929,-10.82,50.406,96.188,73.0,75.375,56.0,57.063,0.0,39.875,72.0,70.0,1000.0,200.0,0.137,232.125,69.375,69.0,-0.052,72.0,71.125,56.125,56.781,0.0,41.0,72.0,70.0,1000.0,200.0,0.171,454.5,76.75,76.188,0.01,72.375,71.625,56.281,57.219,0.0,59.844,72.0,70.0,1000.0,200.0,0.271,566.0,75.938,76.125,0.019,73.0,70.438,56.344,57.563,0.0,58.656,72.0,70.0,1000.0,200.0,0.271,570.0,75.313,74.313,-0.004,1.0,1.0,1.0,1.0,1.0,1.0,1.0,1.0,1.0,1.0,1.0,1.0,1.0,1.0,1.0,1.0,12.645,12.67,11.747,12.343,1.0,1.0,1.0,1.0,1.0,1.0,1.0,1.0,1.0,1.0,1.0,1.0,1.0,1.0,1.0,1.0,333.5,525.0,526.0,523.0,303.0,523.0,525.5,519.5,-0.003,3.896,0.0,12.74,1.178,0.303,-0.003,0.001,-0.001,-0.001
9072007,1319,1.0,1.0,1.0,1.0,100.0,32.633,40.0,40.0,40.0,1.0,1.0,1184.188,302.196,0.012,11.866,0.0,80.0,55.0,1.4,1821.75,1884.685,1844.27,320.364,55.578,73.119,72.707,73.047,52.654,1.353,2.367,0.333,69.937,55.788,89.695,49.208,0.0,72.788,84.374,78.676,85.816,32.115,55.705,39.929,-10.82,50.5,96.125,73.0,75.375,56.0,57.156,0.0,40.063,72.0,70.0,1000.0,200.0,0.138,232.25,69.375,69.0,-0.052,72.125,71.563,56.25,56.938,0.0,41.656,72.0,70.0,1000.0,200.0,0.173,455.0,76.75,76.125,0.01,72.313,71.625,56.281,57.219,0.0,59.875,72.0,70.0,1000.0,200.0,0.272,572.0,75.938,76.313,0.02,72.875,70.563,56.344,57.563,0.0,59.125,72.0,70.0,1000.0,200.0,0.273,571.0,75.438,74.313,-0.004,1.0,1.0,1.0,1.0,1.0,1.0,1.0,1.0,1.0,1.0,1.0,1.0,1.0,1.0,1.0,1.0,12.643,12.659,11.747,12.335,1.0,1.0,1.0,1.0,1.0,1.0,1.0,1.0,1.0,1.0,1.0,1.0,1.0,1.0,1.0,1.0,333.5,525.0,526.0,523.5,303.25,522.0,525.5,519.5,-0.003,3.931,0.0,12.892,1.184,0.302,-0.003,0.001,-0.001,-0.001
9072007,1320,1.0,1.0,1.0,1.0,100.0,33.262,40.0,40.0,40.0,1.0,1.0,1190.044,297.511,0.022,11.896,0.0,80.0,55.0,1.4,1827.375,1917.721,1857.768,326.507,55.578,73.331,73.022,73.259,52.654,1.333,2.353,0.337,70.162,55.997,89.695,49.264,0.0,72.895,84.448,78.57,85.89,32.188,55.81,40.002,-10.828,50.719,96.063,73.0,75.813,56.344,57.063,0.0,40.594,72.0,70.0,1000.0,200.0,0.137,231.5,69.375,69.0,-0.052,72.0,71.688,56.25,56.938,0.0,41.844,72.0,70.0,1000.0,200.0,0.174,456.25,76.75,76.188,0.01,72.313,71.563,56.281,57.344,0.0,60.656,72.0,70.0,1000.0,200.0,0.277,575.5,76.0,76.313,0.021,72.875,70.375,56.438,57.75,0.0,60.094,72.0,70.0,1000.0,200.0,0.281,582.5,75.438,74.313,-0.004,1.0,1.0,1.0,1.0,1.0,1.0,1.0,1.0,1.0,1.0,1.0,1.0,1.0,1.0,1.0,1.0,12.638,12.65,11.735,12.327,1.0,1.0,1.0,1.0,1.0,1.0,1.0,1.0,1.0,1.0,1.0,1.0,1.0,1.0,1.0,1.0,333.25,525.0,526.0,523.5,303.0,522.0,526.0,519.5,-0.005,3.935,0.0,12.924,1.19,0.298,-0.003,0.001,-0.001,-0.001
9072007,1321,1.0,1.0,1.0,1.0,100.0,34.791,40.0,40.0,40.0,1.0,1.0,1191.215,308.053,0.022,11.926,0.0,80.0,55.0,1.4,1847.875,1899.539,1851.015,323.381,55.794,73.225,72.917,73.047,52.868,1.375,2.392,0.337,70.243,56.221,89.639,49.18,0.0,72.895,84.3,78.464,85.816,32.188,55.81,40.002,-10.82,50.719,96.0,72.938,75.75,56.344,57.156,0.0,40.688,72.0,70.0,1000.0,200.0,0.14,234.375,69.375,69.0,-0.052,72.125,71.688,56.25,57.0,0.0,41.594,72.0,70.0,1000.0,200.0,0.176,459.5,76.688,76.125,0.01,72.375,71.625,56.5,57.344,0.0,60.719,72.0,70.0,1000.0,200.0,0.268,565.5,75.938,76.313,0.022,73.063,70.375,56.438,57.75,0.0,59.969,72.0,70.0,1000.0,200.0,0.289,585.5,75.313,74.375,-0.004,1.0,1.0,1.0,1.0,1.0,1.0,1.0,1.0,1.0,1.0,1.0,1.0,1.0,1.0,1.0,1.0,12.634,12.65,11.74,12.327,1.0,1.0,1.0,1.0,1.0,1.0,1.0,1.0,1.0,1.0,1.0,1.0,1.0,1.0,1.0,1.0,333.25,524.5,526.0,524.0,303.0,523.5,526.0,519.5,-0.006,3.945,0.0,12.957,1.191,0.308,-0.003,0.001,-0.001,-0.001
9072007,1322,1.0,1.0,1.0,1.0,100.0,35.492,40.0,40.0,40.0,1.0,1.0,1198.243,313.909,0.012,11.896,0.0,80.0,55.0,1.4,1847.875,1927.652,1867.914,329.833,55.794,73.437,72.917,73.364,52.868,1.341,2.4,0.337,70.515,56.27,89.499,49.292,0.0,73.003,84.374,78.464,85.816,32.188,55.81,40.221,-10.828,50.688,96.0,72.688,75.125,56.438,57.375,0.0,41.219,72.0,70.0,1000.0,200.0,0.138,232.0,69.375,69.0,-0.052,72.125,71.313,56.344,57.0,0.0,42.031,72.0,70.0,1000.0,200.0,0.174,458.0,76.688,76.188,0.01,72.313,71.938,56.5,57.438,0.0,60.563,72.0,70.0,1000.0,200.0,0.279,577.5,75.938,76.438,0.017,72.875,70.375,56.438,57.75,0.0,61.531,72.0,70.0,1000.0,200.0,0.298,600.0,75.313,74.313,-0.004,1.0,1.0,1.0,1.0,1.0,1.0,1.0,1.0,1.0,1.0,1.0,1.0,1.0,1.0,1.0,1.0,12.622,12.643,11.726,12.32,1.0,1.0,1.0,1.0,1.0,1.0,1.0,1.0,1.0,1.0,1.0,1.0,1.0,1.0,1.0,1.0,332.5,525.0,526.0,524.0,303.25,523.0,526.0,520.0,-0.003,4.045,0.0,13.286,1.198,0.314,-0.003,0.001,-0.001,-0.001
9072007,1323,1.0,1.0,1.0,1.0,100.0,36.462,40.0,40.0,40.0,1.0,1.0,1218.155,308.053,0.012,11.956,0.0,80.0,55.0,1.4,1874.125,1919.376,1872.994,320.768,55.794,73.119,72.812,73.153,52.761,1.364,2.382,0.348,70.61,56.474,88.882,49.376,0.0,72.895,84.374,78.464,85.742,32.334,55.601,40.512,-10.82,50.719,95.875,72.688,75.438,56.344,57.375,0.0,40.656,72.0,70.0,1000.0,200.0,0.141,234.625,69.375,69.0,-0.052,72.25,71.125,56.25,57.0,0.0,42.75,72.0,70.0,1000.0,200.0,0.177,460.0,76.75,76.188,0.01,72.313,71.813,56.5,57.438,0.0,60.281,72.0,70.0,1000.0,200.0,0.27,570.5,76.0,76.438,0.018,72.875,70.25,56.438,57.75,0.0,61.594,72.0,70.0,1000.0,200.0,0.3,599.5,75.125,74.375,-0.004,1.0,1.0,1.0,1.0,1.0,1.0,1.0,1.0,1.0,1.0,1.0,1.0,1.0,1.0,1.0,1.0,12.622,12.645,11.721,12.323,1.0,1.0,1.0,1.0,1.0,1.0,1.0,1.0,1.0,1.0,1.0,1.0,1.0,1.0,1.0,1.0,332.75,525.0,526.0,524.0,303.0,523.0,526.0,520.0,-0.003,4.202,0.0,13.594,1.218,0.308,-0.003,0.001,-0.001,-0.0
9072007,1324,1.0,1.0,1.0,1.0,100.0,37.012,40.0,40.0,40.0,1.0,1.0,1239.239,319.766,0.022,11.866,0.0,80.0,55.0,1.4,1865.875,1952.516,1879.775,332.028,55.686,73.225,72.917,73.153,52.547,1.333,2.414,0.351,70.888,56.64,88.938,49.236,0.0,73.003,84.3,78.464,85.742,32.408,55.183,40.803,-10.82,50.656,95.75,72.938,76.25,56.344,57.375,0.0,41.625,72.0,70.0,1000.0,200.0,0.141,236.375,69.313,69.0,-0.052,72.25,71.313,56.25,57.0,0.0,42.188,72.0,70.0,1000.0,200.0,0.182,470.0,76.688,76.188,0.01,72.375,71.625,56.5,57.344,0.0,60.813,72.0,70.0,1000.0,200.0,0.288,587.0,76.0,76.313,0.02,72.688,70.375,56.438,57.75,0.0,61.781,72.0,70.0,1000.0,200.0,0.294,592.5,75.313,74.375,-0.004,1.0,1.0,1.0,1.0,1.0,1.0,1.0,1.0,1.0,1.0,1.0,1.0,1.0,1.0,1.0,1.0,12.614,12.643,11.724,12.316,1.0,1.0,1.0,1.0,1.0,1.0,1.0,1.0,1.0,1.0,1.0,1.0,1.0,1.0,1.0,1.0,333.0,525.0,526.0,524.5,303.25,525.0,526.0,519.5,-0.005,4.374,0.0,13.849,1.239,0.32,-0.002,0.001,-0.001,-0.001
9072007,1325,1.0,1.0,1.0,1.0,100.0,37.537,40.0,40.0,40.0,1.0,1.0,1252.123,311.567,0.022,11.852,0.0,80.0,55.0,1.4,1891.25,1962.478,1900.169,342.54,55.578,73.225,72.812,73.153,52.44,1.345,2.421,0.337,71.085,56.821,88.826,49.208,0.0,73.003,84.226,78.464,85.742,32.481,54.974,41.022,-10.82,50.656,95.813,73.0,75.813,56.344,57.156,0.0,40.625,72.0,70.0,1000.0,200.0,0.151,243.5,69.375,69.0,-0.052,72.25,71.313,56.25,57.0,0.0,43.406,72.0,70.0,1000.0,200.0,0.179,461.0,76.688,76.125,0.01,72.375,71.625,56.281,57.438,0.0,61.531,72.0,70.0,1000.0,200.0,0.283,580.0,76.0,76.313,0.019,72.875,70.25,56.438,57.75,0.0,61.969,72.0,70.0,1000.0,200.0,0.317,618.5,75.313,74.375,-0.004,1.0,1.0,1.0,1.0,1.0,1.0,1.0,1.0,1.0,1.0,1.0,1.0,1.0,1.0,1.0,1.0,12.627,12.643,11.734,12.318,1.0,1.0,1.0,1.0,1.0,1.0,1.0,1.0,1.0,1.0,1.0,1.0,1.0,1.0,1.0,1.0,332.75,525.0,526.0,525.0,303.25,525.0,526.0,519.5,-0.006,4.5,0.0,14.073,1.252,0.312,-0.003,0.001,-0.001,-0.001
9072007,1326,1.0,1.0,1.0,1.0,100.0,38.723,40.0,40.0,40.0,1.0,1.0,1281.406,315.081,0.012,11.837,0.0,80.0,55.0,1.4,1905.625,1990.749,1913.809,350.433,55.471,73.225,72.812,73.153,52.44,1.326,2.45,0.355,71.506,57.174,88.938,49.264,0.0,72.895,84.152,78.464,85.668,32.701,54.66,41.313,-10.828,50.656,95.625,72.938,75.375,56.0,57.156,0.0,40.969,72.0,70.0,1000.0,200.0,0.15,242.0,69.313,69.0,-0.052,72.125,71.563,56.25,56.938,0.0,42.031,72.0,70.0,1000.0,200.0,0.187,474.0,76.688,76.188,0.01,72.5,71.563,56.188,57.344,0.0,61.594,72.0,70.0,1000.0,200.0,0.292,592.0,75.938,76.313,0.015,72.875,70.063,56.438,57.75,0.0,62.75,72.0,70.0,1000.0,200.0,0.321,622.5,75.313,74.375,-0.004,1.0,1.0,1.0,1.0,1.0,1.0,1.0,1.0,1.0,1.0,1.0,1.0,1.0,1.0,1.0,1.0,12.622,12.643,11.724,12.32,1.0,1.0,1.0,1.0,1.0,1.0,1.0,1.0,1.0,1.0,1.0,1.0,1.0,1.0,1.0,1.0,332.75,525.0,525.5,525.0,303.25,525.5,526.0,519.5,-0.003,4.642,0.0,14.171,1.281,0.315,-0.002,0.001,-0.001,-0.001
9072007,1327,1.0,1.0,1.0,1.0,100.0,38.606,40.0,40.0,40.0,1.0,1.0,1282.577,315.081,0.022,11.852,0.0,80.0,55.0,1.4,1922.375,1972.448,1898.467,343.026,55.471,73.119,72.707,73.153,52.226,1.345,2.443,0.337,71.582,57.267,88.798,49.376,0.0,72.895,84.152,78.358,85.668,32.847,54.66,41.605,-10.82,50.781,95.688,72.938,75.375,56.0,57.156,0.0,41.25,72.0,70.0,1000.0,200.0,0.152,243.75,69.313,69.0,-0.052,72.313,71.563,56.125,56.938,0.0,43.031,72.0,70.0,1000.0,200.0,0.181,468.5,76.688,76.188,0.01,72.5,72.0,56.281,57.344,0.0,61.719,72.0,70.0,1000.0,200.0,0.298,596.0,75.938,76.313,0.021,72.5,70.063,56.438,57.75,0.0,63.313,72.0,70.0,1000.0,200.0,0.319,618.0,75.313,74.375,-0.004,1.0,1.0,1.0,1.0,1.0,1.0,1.0,1.0,1.0,1.0,1.0,1.0,1.0,1.0,1.0,1.0,12.626,12.655,11.735,12.328,1.0,1.0,1.0,1.0,1.0,1.0,1.0,1.0,1.0,1.0,1.0,1.0,1.0,1.0,1.0,1.0,333.25,524.5,526.0,525.0,303.25,525.5,526.0,520.0,-0.006,4.759,0.0,14.429,1.283,0.315,-0.002,0.001,-0.001,-0.001
9072007,1328,1.0,1.0,1.0,1.0,100.0,38.856,40.0,40.0,40.0,1.0,1.0,1308.346,317.423,0.012,11.837,0.0,80.0,55.0,1.4,1922.375,2012.415,1932.622,343.198,55.363,73.331,73.022,73.259,52.226,1.345,2.461,0.344,71.914,57.366,89.106,49.348,0.0,73.003,84.152,78.358,85.594,33.067,54.451,41.823,-10.82,50.75,95.625,72.938,75.625,56.0,56.969,0.0,41.75,72.0,70.0,1000.0,200.0,0.151,243.25,69.313,68.875,-0.052,72.25,71.563,55.938,56.938,0.0,43.156,72.0,70.0,1000.0,200.0,0.188,474.75,76.688,76.125,0.01,72.688,71.813,56.188,57.219,0.0,62.25,72.0,70.0,1000.0,200.0,0.316,615.5,76.0,76.313,0.021,72.688,70.0,56.344,57.563,0.0,64.125,72.0,70.0,1000.0,200.0,0.315,614.0,75.313,74.375,-0.004,1.0,1.0,1.0,1.0,1.0,1.0,1.0,1.0,1.0,1.0,1.0,1.0,1.0,1.0,1.0,1.0,12.638,12.656,11.743,12.331,1.0,1.0,1.0,1.0,1.0,1.0,1.0,1.0,1.0,1.0,1.0,1.0,1.0,1.0,1.0,1.0,333.25,524.5,525.5,525.5,303.0,525.5,525.5,519.5,-0.003,4.847,0.0,14.406,1.308,0.317,-0.003,0.001,-0.001,-0.001
9072007,1329,1.0,1.0,1.0,1.0,100.0,39.332,40.0,40.0,40.0,1.0,1.0,1324.744,327.965,0.012,11.852,0.0,80.0,55.0,1.4,1953.5,1997.411,1936.05,343.353,55.363,73.331,72.917,73.364,52.226,1.364,2.486,0.355,72.051,57.644,89.05,49.264,0.0,73.003,84.078,78.464,85.594,33.287,54.451,42.042,-10.82,50.656,95.688,73.0,75.625,56.0,57.063,0.0,42.188,72.0,70.0,1000.0,200.0,0.152,244.125,69.313,69.0,-0.052,72.25,71.313,55.938,56.938,0.0,42.281,72.0,70.0,1000.0,200.0,0.191,479.5,76.688,76.188,0.01,72.375,71.938,56.188,57.219,0.0,62.125,72.0,70.0,1000.0,200.0,0.303,602.5,75.938,76.313,0.017,72.5,70.25,56.344,57.563,0.0,64.0,72.0,70.0,1000.0,200.0,0.323,621.5,75.313,74.375,-0.004,1.0,1.0,1.0,1.0,1.0,1.0,1.0,1.0,1.0,1.0,1.0,1.0,1.0,1.0,1.0,1.0,12.624,12.645,11.732,12.323,1.0,1.0,1.0,1.0,1.0,1.0,1.0,1.0,1.0,1.0,1.0,1.0,1.0,1.0,1.0,1.0,333.0,524.5,525.5,525.5,303.25,526.5,526.0,519.5,-0.003,4.903,0.0,14.422,1.325,0.328,-0.002,0.001,-0.001,-0.001
9072007,1330,1.0,1.0,1.0,1.0,100.0,39.778,40.0,40.0,40.0,1.0,1.0,1323.573,324.451,0.012,11.807,0.0,80.0,55.0,1.4,1956.75,2010.747,1934.336,345.375,55.363,73.119,72.707,73.153,52.226,1.353,2.504,0.337,72.283,57.747,89.05,49.32,0.0,73.11,84.004,78.358,85.594,33.433,54.242,42.26,-10.82,50.875,95.688,73.0,75.375,56.0,57.063,0.0,42.781,72.0,70.0,1000.0,200.0,0.152,244.75,69.313,69.0,-0.052,72.25,71.25,56.125,56.781,0.0,42.375,72.0,70.0,1000.0,200.0,0.191,479.75,76.688,76.188,0.01,72.688,71.813,56.188,57.219,0.0,62.781,72.0,70.0,1000.0,200.0,0.302,601.0,75.938,76.313,0.021,72.563,70.063,56.344,57.563,0.0,63.0,72.0,70.0,1000.0,200.0,0.336,635.0,75.313,74.375,-0.004,1.0,1.0,1.0,1.0,1.0,1.0,1.0,1.0,1.0,1.0,1.0,1.0,1.0,1.0,1.0,1.0,12.637,12.662,11.747,12.341,1.0,1.0,1.0,1.0,1.0,1.0,1.0,1.0,1.0,1.0,1.0,1.0,1.0,1.0,1.0,1.0,333.5,524.5,525.5,526.0,303.0,525.5,526.0,519.5,-0.003,5.008,0.0,14.485,1.324,0.324,-0.002,0.001,-0.001,-0.001
9072007,1331,1.0,1.0,1.0,1.0,100.0,40.253,40.0,40.0,40.0,1.0,1.0,1364.568,330.307,0.022,11.896,0.0,80.0,55.0,1.4,1956.75,2055.866,1946.347,363.184,55.363,73.437,73.022,73.153,52.226,1.341,2.486,0.344,72.558,57.864,89.134,49.152,0.0,73.11,84.152,78.358,85.594,33.727,54.242,42.624,-10.82,50.688,95.75,73.0,75.25,56.0,56.969,0.0,42.094,72.0,70.0,1000.0,200.0,0.163,252.75,69.313,68.875,-0.052,72.313,71.25,55.938,56.781,0.0,42.875,72.0,70.0,1000.0,200.0,0.191,478.0,76.688,76.188,0.01,72.375,72.0,56.188,57.219,0.0,63.0,72.0,70.0,1000.0,200.0,0.324,623.5,76.0,76.313,0.017,72.5,70.0,56.219,57.563,0.0,63.563,72.0,70.0,1000.0,200.0,0.333,630.5,75.313,74.375,-0.004,1.0,1.0,1.0,1.0,1.0,1.0,1.0,1.0,1.0,1.0,1.0,1.0,1.0,1.0,1.0,1.0,12.637,12.659,11.74,12.333,1.0,1.0,1.0,1.0,1.0,1.0,1.0,1.0,1.0,1.0,1.0,1.0,1.0,1.0,1.0,1.0,333.0,525.0,525.5,526.0,303.0,526.5,526.0,519.5,-0.005,5.159,0.0,14.708,1.365,0.33,-0.003,0.001,-0.001,-0.001
9072007,1332,1.0,1.0,1.0,1.0,100.0,40.719,40.0,40.0,40.0,1.0,1.0,1351.684,327.965,0.012,11.792,0.0,80.0,55.0,1.4,1988.25,2037.464,1953.223,346.643,55.471,73.225,72.917,73.153,52.333,1.353,2.508,0.348,72.652,58.105,89.022,49.152,0.0,73.433,84.078,78.358,85.446,33.873,54.242,42.916,-10.828,50.75,95.75,73.125,75.75,55.906,56.969,0.0,41.875,72.0,70.0,1000.0,200.0,0.167,255.375,69.313,69.0,-0.052,72.25,71.25,55.938,56.781,0.0,43.844,72.0,70.0,1000.0,200.0,0.191,479.25,76.688,76.188,0.01,72.188,72.188,56.188,57.125,0.0,62.625,72.0,70.0,1000.0,200.0,0.31,609.0,75.938,76.313,0.018,72.563,69.875,56.219,57.563,0.0,63.938,72.0,70.0,1000.0,200.0,0.334,633.0,75.313,74.375,-0.004,1.0,1.0,1.0,1.0,1.0,1.0,1.0,1.0,1.0,1.0,1.0,1.0,1.0,1.0,1.0,1.0,12.621,12.645,11.73,12.318,1.0,1.0,1.0,1.0,1.0,1.0,1.0,1.0,1.0,1.0,1.0,1.0,1.0,1.0,1.0,1.0,332.75,525.0,525.0,526.5,303.0,526.5,525.5,519.5,-0.003,5.235,0.0,14.819,1.352,0.328,-0.002,0.001,-0.001,-0.001
9072007,1333,1.0,1.0,1.0,1.0,100.0,41.146,40.0,40.0,40.0,1.0,1.0,1334.114,327.965,0.022,11.852,0.0,80.0,55.0,1.4,1983.0,2012.415,1942.912,349.151,55.363,73.225,72.812,73.153,52.119,1.372,2.533,0.355,72.69,58.178,88.882,49.124,0.0,73.218,83.93,78.358,85.446,34.093,54.138,43.061,-10.82,50.625,95.813,73.0,75.25,55.906,56.969,0.0,41.969,72.0,70.0,1000.0,200.0,0.17,258.0,69.313,68.875,-0.052,72.125,71.25,55.938,56.688,0.0,42.688,72.0,70.0,1000.0,200.0,0.195,483.0,76.688,76.188,0.01,72.313,71.813,56.094,57.125,0.0,61.75,72.0,70.0,1000.0,200.0,0.294,592.0,76.0,76.313,0.019,72.563,69.813,56.219,57.438,0.0,64.438,72.0,70.0,1000.0,200.0,0.342,640.5,75.313,74.375,-0.004,1.0,1.0,1.0,1.0,1.0,1.0,1.0,1.0,1.0,1.0,1.0,1.0,1.0,1.0,1.0,1.0,12.637,12.659,11.739,12.335,1.0,1.0,1.0,1.0,1.0,1.0,1.0,1.0,1.0,1.0,1.0,1.0,1.0,1.0,1.0,1.0,333.0,525.0,525.0,526.5,303.0,526.5,526.0,519.5,-0.006,5.303,0.0,14.769,1.334,0.328,-0.003,0.001,-0.001,-0.001
9072007,1334,1.0,1.0,1.0,1.0,100.0,41.282,40.0,40.0,40.0,1.0,1.0,1372.767,337.335,0.012,11.792,0.0,80.0,55.0,1.4,1982.25,2059.216,1963.555,356.799,55.255,73.225,72.812,73.153,52.119,1.341,2.529,0.344,72.967,58.333,89.134,49.04,0.0,73.218,83.93,78.358,85.446,34.386,54.033,43.28,-10.82,50.531,95.813,72.938,75.375,55.906,56.969,0.0,42.5,72.0,70.0,1000.0,200.0,0.167,254.625,69.313,68.875,-0.052,72.0,71.313,55.938,56.688,0.0,43.0,72.0,70.0,1000.0,200.0,0.193,480.75,76.688,76.188,0.01,72.688,71.938,56.094,57.125,0.0,62.719,72.0,70.0,1000.0,200.0,0.322,622.0,75.938,76.313,0.019,72.563,69.813,56.219,57.438,0.0,65.5,72.0,70.0,1000.0,200.0,0.342,641.5,75.313,74.375,-0.004,1.0,1.0,1.0,1.0,1.0,1.0,1.0,1.0,1.0,1.0,1.0,1.0,1.0,1.0,1.0,1.0,12.621,12.65,11.732,12.32,1.0,1.0,1.0,1.0,1.0,1.0,1.0,1.0,1.0,1.0,1.0,1.0,1.0,1.0,1.0,1.0,332.75,524.5,525.0,527.0,303.25,526.0,526.5,519.5,-0.003,5.338,0.0,14.572,1.373,0.337,-0.003,0.001,-0.001,-0.001
9072007,1335,1.0,1.0,1.0,1.0,100.0,41.557,40.0,40.0,40.0,1.0,1.0,1350.512,334.993,0.022,11.852,0.0,80.0,55.0,1.4,1982.25,2060.89,1967.004,357.749,55.255,73.225,72.707,73.153,52.119,1.36,2.573,0.351,73.041,58.401,89.05,49.124,0.0,73.218,83.93,78.358,85.446,34.532,54.033,43.498,-10.82,50.5,95.813,72.938,75.063,55.906,56.969,0.0,42.5,72.0,70.0,1000.0,200.0,0.168,256.0,69.188,68.875,-0.052,72.125,71.313,55.938,56.688,0.0,43.188,72.0,70.0,1000.0,200.0,0.193,480.5,76.688,76.188,0.01,72.5,71.938,56.094,57.125,0.0,63.406,72.0,70.0,1000.0,200.0,0.317,616.5,76.0,76.313,0.021,72.688,69.875,56.219,57.438,0.0,65.5,72.0,70.0,1000.0,200.0,0.352,649.0,75.313,74.375,-0.004,1.0,1.0,1.0,1.0,1.0,1.0,1.0,1.0,1.0,1.0,1.0,1.0,1.0,1.0,1.0,1.0,12.635,12.659,11.74,12.333,1.0,1.0,1.0,1.0,1.0,1.0,1.0,1.0,1.0,1.0,1.0,1.0,1.0,1.0,1.0,1.0,333.0,525.0,525.0,527.5,303.25,527.0,526.0,519.5,-0.006,5.449,0.0,14.764,1.351,0.335,-0.002,0.001,-0.001,-0.001
9072007,1336,1.0,1.0,1.0,1.0,100.0,41.886,40.0,40.0,40.0,1.0,1.0,1399.707,338.507,0.012,11.881,0.0,80.0,55.0,1.4,1998.625,2084.362,1989.478,360.723,55.255,73.225,72.707,73.153,52.119,1.333,2.562,0.351,73.304,58.49,89.218,49.068,0.0,73.325,84.004,78.145,85.446,34.752,54.033,43.644,-10.828,50.594,95.813,72.938,75.25,55.906,56.969,0.0,43.375,72.0,70.0,1000.0,200.0,0.166,254.875,69.313,68.875,-0.052,72.125,71.563,55.938,56.781,0.0,43.781,72.0,70.0,1000.0,200.0,0.192,484.75,76.688,76.188,0.01,72.375,71.938,56.094,57.125,0.0,63.75,72.0,70.0,1000.0,200.0,0.33,627.5,75.938,76.313,0.018,72.563,69.813,56.219,57.563,0.0,66.313,72.0,70.0,1000.0,200.0,0.361,659.0,75.313,74.375,-0.004,1.0,1.0,1.0,1.0,1.0,1.0,1.0,1.0,1.0,1.0,1.0,1.0,1.0,1.0,1.0,1.0,12.629,12.645,11.732,12.325,1.0,1.0,1.0,1.0,1.0,1.0,1.0,1.0,1.0,1.0,1.0,1.0,1.0,1.0,1.0,1.0,332.75,525.0,524.5,528.0,303.25,526.5,526.5,519.5,-0.003,5.479,0.0,14.677,1.4,0.339,-0.003,0.001,-0.001,-0.001
9072007,1337,1.0,1.0,1.0,1.0,100.0,42.542,40.0,40.0,40.0,1.0,1.0,1385.652,339.678,0.012,11.852,0.0,80.0,55.0,1.4,2035.625,2084.362,1979.093,370.211,55.363,73.225,72.707,73.153,52.333,1.36,2.573,0.344,73.438,58.754,89.106,49.152,0.0,73.647,83.856,78.358,85.373,34.972,54.138,44.008,-10.828,50.5,95.813,73.0,75.438,55.906,56.969,0.0,43.688,72.0,70.0,1000.0,200.0,0.167,255.875,69.188,68.875,-0.052,72.25,71.25,55.938,56.781,0.0,43.781,72.0,70.0,1000.0,200.0,0.194,480.25,76.688,76.188,0.01,72.375,71.813,56.094,57.125,0.0,63.438,72.0,70.0,1000.0,200.0,0.33,629.0,75.938,76.313,0.019,72.563,69.875,56.219,57.344,0.0,66.5,72.0,70.0,1000.0,200.0,0.364,661.0,75.125,74.375,-0.004,1.0,1.0,1.0,1.0,1.0,1.0,1.0,1.0,1.0,1.0,1.0,1.0,1.0,1.0,1.0,1.0,12.602,12.632,11.712,12.306,1.0,1.0,1.0,1.0,1.0,1.0,1.0,1.0,1.0,1.0,1.0,1.0,1.0,1.0,1.0,1.0,332.25,525.0,525.0,528.5,303.0,527.5,526.0,520.0,-0.003,5.588,0.0,14.877,1.386,0.34,-0.002,0.001,-0.001,-0.0
9072007,1338,1.0,1.0,1.0,1.0,100.0,42.968,40.0,40.0,40.0,1.0,1.0,1417.277,338.507,0.022,11.852,0.0,80.0,55.0,1.4,2037.5,2106.197,1999.884,379.973,55.363,73.225,72.707,73.153,52.226,1.337,2.555,0.344,73.725,58.769,89.022,49.18,0.0,73.218,83.856,78.251,85.299,35.192,54.138,44.299,-10.82,50.531,95.875,72.938,75.25,55.906,56.969,0.0,43.469,72.0,70.0,1000.0,200.0,0.175,262.5,69.313,69.0,-0.052,72.313,71.25,55.844,56.781,0.0,43.625,72.0,70.0,1000.0,200.0,0.203,490.25,76.688,76.188,0.01,72.5,71.938,56.094,57.125,0.0,64.875,72.0,70.0,1000.0,200.0,0.33,627.5,75.938,76.438,0.021,72.563,69.875,56.125,57.438,0.0,66.625,72.0,70.0,1000.0,200.0,0.37,667.0,75.313,74.5,-0.004,1.0,1.0,1.0,1.0,1.0,1.0,1.0,1.0,1.0,1.0,1.0,1.0,1.0,1.0,1.0,1.0,12.605,12.627,11.71,12.306,1.0,1.0,1.0,1.0,1.0,1.0,1.0,1.0,1.0,1.0,1.0,1.0,1.0,1.0,1.0,1.0,332.25,525.0,524.5,528.5,303.25,527.5,526.0,520.0,-0.006,5.697,0.0,14.993,1.417,0.339,-0.002,0.001,-0.002,-0.0
9072007,1339,1.0,1.0,1.0,1.0,100.0,43.428,40.0,40.0,40.0,1.0,1.0,1462.958,340.849,0.022,11.792,0.0,80.0,55.0,1.4,2063.25,2112.923,1992.944,376.889,55.363,73.119,72.601,73.153,52.226,1.356,2.609,0.344,73.947,59.092,89.106,49.152,0.0,73.325,83.782,78.145,85.299,35.338,53.929,44.591,-10.828,50.813,95.875,73.0,75.063,55.906,56.906,0.0,43.406,72.0,70.0,1000.0,200.0,0.179,264.75,69.313,69.0,-0.052,72.25,71.25,55.938,56.688,0.0,43.75,72.0,70.0,1000.0,200.0,0.206,492.5,76.688,76.188,0.01,72.5,72.0,56.094,57.125,0.0,64.563,72.0,70.0,1000.0,200.0,0.332,630.0,76.0,76.313,0.02,72.563,69.813,56.219,57.344,0.0,67.125,72.0,70.0,1000.0,200.0,0.375,670.0,75.125,74.5,-0.004,1.0,1.0,1.0,1.0,1.0,1.0,1.0,1.0,1.0,1.0,1.0,1.0,1.0,1.0,1.0,1.0,12.607,12.635,11.712,12.313,1.0,1.0,1.0,1.0,1.0,1.0,1.0,1.0,1.0,1.0,1.0,1.0,1.0,1.0,1.0,1.0,332.25,525.0,525.0,529.0,303.25,527.5,526.0,520.0,-0.006,5.869,0.0,15.156,1.463,0.341,-0.002,0.001,-0.001,-0.0
9072007,1340,1.0,1.0,1.0,1.0,100.0,43.792,40.0,40.0,40.0,1.0,1.0,1459.444,351.391,0.022,11.852,0.0,80.0,55.0,1.4,2063.25,2146.607,2015.535,375.669,55.363,73.225,72.707,73.153,52.226,1.333,2.616,0.344,74.145,59.185,88.994,49.096,0.0,73.325,83.856,78.251,85.299,35.558,53.929,44.664,-10.828,50.531,95.75,73.125,75.375,55.906,56.969,0.0,43.844,72.0,70.0,1000.0,200.0,0.181,266.25,69.188,69.0,-0.052,72.25,71.313,55.938,56.688,0.0,44.063,72.0,70.0,1000.0,200.0,0.196,492.0,76.688,76.188,0.01,72.188,72.0,56.094,57.125,0.0,63.75,72.0,70.0,1000.0,200.0,0.343,643.5,75.938,76.313,0.021,72.563,69.688,56.219,57.344,0.0,67.938,72.0,70.0,1000.0,200.0,0.377,671.0,75.125,74.375,-0.004,1.0,1.0,1.0,1.0,1.0,1.0,1.0,1.0,1.0,1.0,1.0,1.0,1.0,1.0,1.0,1.0,12.605,12.629,11.705,12.308,1.0,1.0,1.0,1.0,1.0,1.0,1.0,1.0,1.0,1.0,1.0,1.0,1.0,1.0,1.0,1.0,332.0,525.0,525.0,529.0,303.25,528.0,526.5,520.0,-0.006,5.875,0.0,14.99,1.459,0.351,-0.001,0.001,-0.001,-0.0
9072007,1341,1.0,1.0,1.0,1.0,100.0,44.244,40.0,40.0,40.0,1.0,1.0,1464.129,353.734,0.022,11.747,0.0,80.0,55.0,1.4,2077.0,2116.287,2015.535,376.43,55.363,73.119,72.707,73.153,52.226,1.345,2.619,0.359,74.188,59.322,88.77,49.152,0.0,73.218,83.634,78.145,85.225,35.705,54.033,45.028,-10.82,50.313,95.75,72.938,75.25,55.906,56.969,0.0,43.719,72.0,70.0,1000.0,200.0,0.181,266.25,69.313,68.875,-0.052,72.25,71.313,55.938,56.781,0.0,43.656,72.0,70.0,1000.0,200.0,0.205,500.5,76.688,76.25,0.01,72.5,72.125,56.094,57.125,0.0,64.438,72.0,70.0,1000.0,200.0,0.335,633.0,75.938,76.313,0.019,72.5,69.813,56.219,57.344,0.0,68.438,72.0,70.0,1000.0,200.0,0.383,676.0,75.125,74.375,-0.004,1.0,1.0,1.0,1.0,1.0,1.0,1.0,1.0,1.0,1.0,1.0,1.0,1.0,1.0,1.0,1.0,12.607,12.635,11.714,12.313,1.0,1.0,1.0,1.0,1.0,1.0,1.0,1.0,1.0,1.0,1.0,1.0,1.0,1.0,1.0,1.0,332.25,524.5,524.5,529.5,303.25,527.0,526.5,520.0,-0.006,5.975,0.0,15.211,1.464,0.354,-0.003,0.001,-0.001,-0.0
9072007,1342,1.0,1.0,1.0,1.0,100.0,44.969,40.0,40.0,40.0,1.0,1.0,1503.953,349.048,0.022,11.762,0.0,80.0,55.0,1.4,2077.5,2163.482,2025.997,385.574,55.471,73.225,72.601,73.153,52.226,1.322,2.652,0.359,74.527,59.436,88.882,49.208,0.0,73.325,83.708,78.145,85.151,35.851,53.825,45.101,-10.82,50.438,95.75,72.688,75.125,55.906,56.906,0.0,44.375,72.0,70.0,1000.0,200.0,0.179,264.25,69.188,68.875,-0.052,72.25,71.313,55.938,56.781,0.0,44.031,72.0,70.0,1000.0,200.0,0.21,504.0,76.688,76.188,0.01,72.375,72.625,56.094,57.0,0.0,64.188,72.0,70.0,1000.0,200.0,0.35,646.5,75.938,76.438,0.021,72.5,69.5,56.125,57.344,0.0,66.938,72.0,70.0,1000.0,200.0,0.389,683.0,75.125,74.375,-0.004,1.0,1.0,1.0,1.0,1.0,1.0,1.0,1.0,1.0,1.0,1.0,1.0,1.0,1.0,1.0,1.0,12.637,12.655,11.73,12.333,1.0,1.0,1.0,1.0,1.0,1.0,1.0,1.0,1.0,1.0,1.0,1.0,1.0,1.0,1.0,1.0,332.75,525.0,524.5,529.5,303.25,528.0,526.0,520.0,-0.006,6.053,0.0,15.11,1.504,0.349,-0.002,0.001,-0.002,-0.0
9072007,1343,1.0,1.0,1.0,1.0,100.0,45.176,40.0,40.0,40.0,1.0,1.0,1473.499,350.22,0.022,11.807,0.0,80.0,55.0,1.4,2083.25,2141.549,2020.763,377.127,55.363,73.119,72.601,73.153,52.119,1.372,2.655,0.351,74.528,59.708,88.657,49.152,0.0,73.325,83.708,78.145,85.225,36.144,53.825,45.392,-10.82,50.219,95.75,72.688,75.063,55.813,56.906,0.0,43.813,72.0,70.0,1000.0,200.0,0.182,267.0,69.188,68.875,-0.052,72.25,71.313,55.844,56.688,0.0,44.031,72.0,70.0,1000.0,200.0,0.207,501.25,76.688,76.188,0.01,72.313,72.0,55.969,57.125,0.0,64.438,72.0,70.0,1000.0,200.0,0.34,636.0,75.938,76.313,0.019,72.5,69.5,56.125,57.344,0.0,68.188,72.0,70.0,1000.0,200.0,0.39,685.0,75.125,74.375,-0.004,1.0,1.0,1.0,1.0,1.0,1.0,1.0,1.0,1.0,1.0,1.0,1.0,1.0,1.0,1.0,1.0,12.635,12.655,11.734,12.328,1.0,1.0,1.0,1.0,1.0,1.0,1.0,1.0,1.0,1.0,1.0,1.0,1.0,1.0,1.0,1.0,332.75,525.0,524.5,530.0,303.0,527.0,526.5,520.0,-0.006,6.176,0.0,15.163,1.473,0.35,-0.002,0.001,-0.001,-0.0
9072007,1344,1.0,1.0,1.0,1.0,100.0,45.534,40.0,40.0,40.0,1.0,1.0,1482.87,353.734,0.022,11.941,0.0,80.0,55.0,1.4,2083.25,2170.238,2041.731,379.6,55.363,73.225,72.601,73.047,52.119,1.341,2.655,0.359,74.705,59.691,88.77,49.152,0.0,73.325,83.708,78.251,85.151,36.291,53.825,45.538,-10.82,50.375,95.688,72.938,75.125,55.906,56.969,0.0,44.813,72.0,70.0,1000.0,200.0,0.182,266.0,69.188,69.0,-0.052,72.125,71.563,55.938,56.688,0.0,43.938,72.0,70.0,1000.0,200.0,0.206,499.25,76.688,76.188,0.01,72.375,71.813,56.094,57.0,0.0,64.125,72.0,70.0,1000.0,200.0,0.348,646.0,75.938,76.313,0.019,72.375,69.5,56.125,57.344,0.0,68.0,72.0,70.0,1000.0,200.0,0.399,690.0,75.125,74.375,-0.004,1.0,1.0,1.0,1.0,1.0,1.0,1.0,1.0,1.0,1.0,1.0,1.0,1.0,1.0,1.0,1.0,12.637,12.659,11.739,12.336,1.0,1.0,1.0,1.0,1.0,1.0,1.0,1.0,1.0,1.0,1.0,1.0,1.0,1.0,1.0,1.0,333.25,524.5,524.5,530.0,303.25,527.5,526.5,520.0,-0.006,6.297,0.0,15.333,1.483,0.354,-0.001,0.001,-0.001,-0.0
9072007,1345,1.0,1.0,1.0,1.0,100.0,45.95,40.0,40.0,40.0,1.0,1.0,1499.268,353.734,0.022,11.881,0.0,80.0,55.0,1.4,2101.0,2182.069,2050.494,389.911,55.255,73.119,72.601,73.047,52.226,1.349,2.663,0.351,74.944,59.909,88.77,49.18,0.0,73.433,83.634,78.251,85.151,36.511,53.825,45.829,-10.82,50.313,95.688,72.938,75.375,55.906,56.906,0.0,43.781,72.0,70.0,1000.0,200.0,0.194,275.75,69.188,68.875,-0.052,72.25,71.313,55.844,56.688,0.0,43.719,72.0,70.0,1000.0,200.0,0.208,501.5,76.688,76.25,0.01,72.188,71.938,56.188,57.0,0.0,64.188,72.0,70.0,1000.0,200.0,0.349,646.0,75.938,76.313,0.021,72.313,69.5,56.125,57.344,0.0,67.813,72.0,70.0,1000.0,200.0,0.397,690.0,75.125,74.375,-0.004,1.0,1.0,1.0,1.0,1.0,1.0,1.0,1.0,1.0,1.0,1.0,1.0,1.0,1.0,1.0,1.0,12.648,12.667,11.747,12.348,1.0,1.0,1.0,1.0,1.0,1.0,1.0,1.0,1.0,1.0,1.0,1.0,1.0,1.0,1.0,1.0,333.5,524.5,524.5,530.5,303.0,527.0,526.0,520.5,-0.006,6.394,0.0,15.372,1.499,0.354,-0.002,0.001,-0.001,-0.0
9072007,1346,1.0,1.0,1.0,1.0,100.0,46.361,40.0,40.0,40.0,1.0,1.0,1505.125,363.104,0.022,11.866,0.0,80.0,55.0,1.4,2120.25,2171.927,2045.235,385.053,55.363,73.119,72.496,73.047,52.226,1.353,2.67,0.359,75.118,60.079,88.938,49.152,0.0,73.54,83.634,78.251,85.151,36.657,53.825,45.902,-10.82,50.531,95.625,72.938,75.063,55.906,56.969,0.0,44.969,72.0,70.0,1000.0,200.0,0.185,269.5,69.188,68.875,-0.052,72.313,71.313,55.938,56.688,0.0,43.844,72.0,70.0,1000.0,200.0,0.213,507.5,76.688,76.25,0.01,72.188,71.938,56.094,57.0,0.0,63.563,72.0,70.0,1000.0,200.0,0.354,651.0,75.938,76.313,0.017,72.375,69.5,56.125,57.344,0.0,67.875,72.0,70.0,1000.0,200.0,0.396,687.0,75.0,74.375,-0.004,1.0,1.0,1.0,1.0,1.0,1.0,1.0,1.0,1.0,1.0,1.0,1.0,1.0,1.0,1.0,1.0,12.627,12.658,11.732,12.331,1.0,1.0,1.0,1.0,1.0,1.0,1.0,1.0,1.0,1.0,1.0,1.0,1.0,1.0,1.0,1.0,333.0,525.0,524.5,531.0,303.25,528.0,526.5,520.5,-0.006,6.39,0.0,15.232,1.505,0.363,-0.002,0.001,-0.001,-0.0
9072007,1347,1.0,1.0,1.0,1.0,100.0,46.817,40.0,40.0,40.0,1.0,1.0,1548.463,358.419,0.012,11.822,0.0,80.0,55.0,1.4,2107.5,2195.604,2048.741,388.289,55.363,73.119,72.496,73.153,52.333,1.353,2.684,0.355,75.108,60.031,88.629,49.208,0.0,73.647,83.56,78.039,85.077,36.877,53.72,46.266,-10.828,50.25,95.688,72.938,74.875,55.906,56.969,0.0,44.313,72.0,70.0,1000.0,200.0,0.196,276.25,69.188,68.875,-0.052,72.25,71.25,55.938,56.688,0.0,44.344,72.0,70.0,1000.0,200.0,0.211,505.75,76.688,76.188,0.01,72.188,72.125,56.094,57.0,0.0,64.688,72.0,70.0,1000.0,200.0,0.348,647.0,75.938,76.313,0.017,72.375,69.25,56.125,57.344,0.0,68.75,72.0,70.0,1000.0,200.0,0.396,691.0,75.125,74.375,-0.004,1.0,1.0,1.0,1.0,1.0,1.0,1.0,1.0,1.0,1.0,1.0,1.0,1.0,1.0,1.0,1.0,12.63,12.658,11.737,12.335,1.0,1.0,1.0,1.0,1.0,1.0,1.0,1.0,1.0,1.0,1.0,1.0,1.0,1.0,1.0,1.0,333.0,524.5,524.5,531.0,303.25,527.5,526.5,520.5,-0.003,6.59,0.0,15.411,1.548,0.358,-0.002,0.001,-0.001,-0.0
9072007,1348,1.0,1.0,1.0,1.0,100.0,47.96,40.0,40.0,40.0,1.0,1.0,1495.754,360.761,0.022,11.881,0.0,80.0,55.0,1.4,2128.0,2188.835,2055.76,393.041,55.686,73.119,72.601,73.047,52.333,1.364,2.674,0.362,75.265,60.259,88.798,49.208,0.0,73.862,83.486,78.145,85.003,37.023,53.825,46.412,-10.82,50.344,95.688,72.938,74.875,55.906,56.906,0.0,44.281,72.0,70.0,1000.0,200.0,0.199,278.0,69.188,68.875,-0.052,72.125,71.313,55.844,56.688,0.0,44.875,72.0,70.0,1000.0,200.0,0.206,498.75,76.563,76.25,0.01,72.375,72.0,56.094,57.125,0.0,64.5,72.0,70.0,1000.0,200.0,0.355,652.0,75.938,76.313,0.017,72.313,69.438,56.125,57.344,0.0,68.063,72.0,70.0,1000.0,200.0,0.41,700.0,75.125,74.375,-0.004,1.0,1.0,1.0,1.0,1.0,1.0,1.0,1.0,1.0,1.0,1.0,1.0,1.0,1.0,1.0,1.0,12.643,12.672,11.749,12.344,1.0,1.0,1.0,1.0,1.0,1.0,1.0,1.0,1.0,1.0,1.0,1.0,1.0,1.0,1.0,1.0,333.25,525.0,524.5,531.0,303.0,527.5,526.5,520.5,-0.006,6.639,0.0,15.487,1.496,0.361,-0.002,0.0,-0.001,-0.0
9072007,1349,1.0,1.0,1.0,1.0,100.0,47.725,40.0,40.0,40.0,1.0,1.0,1581.259,377.16,0.022,11.896,0.0,80.0,55.0,1.4,2141.25,2215.931,2085.709,386.349,55.363,73.331,72.707,73.047,52.226,1.356,2.713,0.381,75.556,60.446,88.742,49.208,0.0,73.755,83.56,78.039,84.929,37.243,53.72,46.484,-10.82,50.313,95.563,72.688,75.375,55.906,56.906,0.0,44.656,72.0,70.0,1000.0,200.0,0.197,277.5,69.188,68.875,-0.052,72.25,71.313,55.938,56.688,0.0,44.25,72.0,70.0,1000.0,200.0,0.215,501.75,76.563,76.188,0.01,72.313,72.125,56.094,57.0,0.0,64.75,72.0,70.0,1000.0,200.0,0.364,660.0,75.938,76.313,0.019,72.375,69.25,56.125,57.344,0.0,67.75,72.0,70.0,1000.0,200.0,0.408,699.5,75.125,74.375,-0.004,1.0,1.0,1.0,1.0,1.0,1.0,1.0,1.0,1.0,1.0,1.0,1.0,1.0,1.0,1.0,1.0,12.642,12.665,11.749,12.344,1.0,1.0,1.0,1.0,1.0,1.0,1.0,1.0,1.0,1.0,1.0,1.0,1.0,1.0,1.0,1.0,333.5,524.5,524.5,531.0,303.25,529.0,526.5,520.5,-0.005,6.672,0.0,15.261,1.581,0.377,-0.002,0.001,-0.001,-0.0
9072007,1350,1.0,1.0,1.0,1.0,100.0,48.725,40.0,40.0,40.0,1.0,1.0,1553.148,358.419,0.022,11.792,0.0,80.0,55.0,1.4,2141.25,2207.458,2078.645,385.232,55.578,73.119,72.496,73.259,52.333,1.36,2.731,0.348,75.569,60.403,88.629,49.236,0.0,73.97,83.56,77.933,84.929,37.39,53.616,46.849,-10.82,50.375,95.625,72.938,75.25,56.0,56.906,0.0,44.75,72.0,70.0,1000.0,200.0,0.199,279.0,69.188,69.0,-0.052,72.125,71.313,55.938,56.781,0.0,43.281,72.0,70.0,1000.0,200.0,0.218,511.75,76.563,76.188,0.01,72.313,72.188,55.969,57.125,0.0,65.625,72.0,70.0,1000.0,200.0,0.354,651.0,75.938,76.313,0.013,72.375,69.438,56.219,57.344,0.0,69.313,72.0,70.0,1000.0,200.0,0.405,699.5,75.125,74.375,-0.004,1.0,1.0,1.0,1.0,1.0,1.0,1.0,1.0,1.0,1.0,1.0,1.0,1.0,1.0,1.0,1.0,12.648,12.676,11.755,12.352,1.0,1.0,1.0,1.0,1.0,1.0,1.0,1.0,1.0,1.0,1.0,1.0,1.0,1.0,1.0,1.0,333.75,525.0,524.0,531.5,303.25,528.5,527.0,520.5,-0.005,6.874,0.0,15.484,1.553,0.358,-0.001,0.001,-0.001,-0.0
9072007,1351,1.0,1.0,1.0,1.0,100.0,48.667,40.0,40.0,40.0,1.0,1.0,1580.088,367.789,0.012,11.852,0.0,80.0,55.0,1.4,2141.25,2193.911,2078.645,392.813,55.363,73.119,72.601,73.047,52.119,1.383,2.706,0.355,75.645,60.575,88.742,49.152,0.0,73.755,83.412,78.039,84.929,37.61,53.72,46.921,-10.828,50.25,95.688,72.938,74.875,55.906,56.906,0.0,44.406,72.0,70.0,1000.0,200.0,0.199,279.25,69.188,68.875,-0.052,72.125,71.563,55.938,56.781,0.0,43.375,72.0,70.0,1000.0,200.0,0.219,513.5,76.563,76.188,0.01,72.188,72.188,56.188,57.0,0.0,64.875,72.0,70.0,1000.0,200.0,0.352,649.0,76.0,76.313,0.02,72.375,69.25,56.219,57.344,0.0,68.875,72.0,70.0,1000.0,200.0,0.411,700.5,75.125,74.375,-0.005,1.0,1.0,1.0,1.0,1.0,1.0,1.0,1.0,1.0,1.0,1.0,1.0,1.0,1.0,1.0,1.0,12.638,12.662,11.743,12.338,1.0,1.0,1.0,1.0,1.0,1.0,1.0,1.0,1.0,1.0,1.0,1.0,1.0,1.0,1.0,1.0,333.25,525.0,524.5,531.5,303.25,528.5,527.0,521.0,-0.003,6.85,0.0,15.318,1.58,0.368,-0.002,0.001,-0.001,-0.001
9072007,1352,1.0,1.0,1.0,1.0,100.0,49.166,40.0,40.0,40.0,1.0,1.0,1583.602,366.618,0.022,11.852,0.0,80.0,55.0,1.4,2127.75,2221.018,2083.942,393.435,55.363,73.119,72.812,73.047,52.226,1.353,2.713,0.366,75.765,60.491,88.601,49.096,0.0,73.755,83.486,77.933,84.929,37.829,53.511,47.213,-10.82,50.25,95.625,72.688,75.063,55.906,56.906,0.0,44.844,72.0,70.0,1000.0,200.0,0.196,277.0,69.188,68.875,-0.052,72.25,71.563,55.938,56.781,0.0,44.031,72.0,70.0,1000.0,200.0,0.216,510.0,76.563,76.25,0.01,72.375,71.938,56.188,57.125,0.0,64.688,72.0,70.0,1000.0,200.0,0.361,659.5,76.0,76.313,0.018,72.313,69.25,56.125,57.344,0.0,69.875,72.0,70.0,1000.0,200.0,0.413,704.5,75.125,74.375,-0.004,1.0,1.0,1.0,1.0,1.0,1.0,1.0,1.0,1.0,1.0,1.0,1.0,1.0,1.0,1.0,1.0,12.651,12.68,11.762,12.355,1.0,1.0,1.0,1.0,1.0,1.0,1.0,1.0,1.0,1.0,1.0,1.0,1.0,1.0,1.0,1.0,334.0,524.5,524.5,531.5,303.25,528.5,527.0,520.5,-0.006,7.092,0.0,15.437,1.584,0.367,-0.002,0.0,-0.001,-0.0
9072007,1353,1.0,1.0,1.0,1.0,100.0,50.161,40.0,40.0,40.0,1.0,1.0,1556.662,367.789,0.012,11.852,0.0,80.0,55.0,1.4,2158.25,2224.41,2091.013,395.283,55.578,73.225,72.391,73.153,52.333,1.337,2.713,0.351,75.941,60.68,88.573,49.236,0.0,73.97,83.412,78.145,84.929,37.903,53.616,47.431,-10.828,50.313,95.688,72.688,74.688,56.0,56.906,0.0,45.906,72.0,70.0,1000.0,200.0,0.196,277.25,69.188,68.875,-0.052,72.25,71.563,55.938,56.781,0.0,44.875,72.0,70.0,1000.0,200.0,0.217,509.5,76.688,76.25,0.01,72.5,71.813,56.188,57.0,0.0,65.75,72.0,70.0,1000.0,200.0,0.376,673.5,76.0,76.125,0.019,72.313,69.188,56.125,57.344,0.0,70.5,72.0,70.0,1000.0,200.0,0.408,698.0,75.125,74.5,-0.004,1.0,1.0,1.0,1.0,1.0,1.0,1.0,1.0,1.0,1.0,1.0,1.0,1.0,1.0,1.0,1.0,12.66,12.689,11.76,12.363,1.0,1.0,1.0,1.0,1.0,1.0,1.0,1.0,1.0,1.0,1.0,1.0,1.0,1.0,1.0,1.0,333.75,524.5,524.0,532.0,303.25,528.0,527.0,520.5,-0.003,7.187,0.0,15.674,1.557,0.368,-0.002,0.001,-0.0,-0.0
9072007,1354,1.0,1.0,1.0,1.0,100.0,50.676,40.0,40.0,40.0,1.0,1.0,1582.431,371.303,0.022,11.822,0.0,80.0,55.0,1.4,2168.0,2236.289,2091.013,394.108,55.471,73.119,72.496,73.047,52.226,1.345,2.728,0.359,76.106,60.828,88.601,49.32,0.0,73.97,83.338,77.933,84.855,38.122,53.616,47.65,-10.82,50.188,95.625,72.938,74.875,56.0,56.906,0.0,46.094,72.0,70.0,1000.0,200.0,0.196,276.25,69.188,68.875,-0.052,72.25,71.25,55.938,56.688,0.0,45.844,72.0,70.0,1000.0,200.0,0.218,511.5,76.688,76.25,0.01,72.375,72.125,56.188,57.0,0.0,66.688,72.0,70.0,1000.0,200.0,0.377,674.0,75.938,76.313,0.022,72.313,69.188,56.219,57.344,0.0,69.25,72.0,70.0,1000.0,200.0,0.423,710.5,75.125,74.5,-0.004,1.0,1.0,1.0,1.0,1.0,1.0,1.0,1.0,1.0,1.0,1.0,1.0,1.0,1.0,1.0,1.0,12.643,12.678,11.754,12.352,1.0,1.0,1.0,1.0,1.0,1.0,1.0,1.0,1.0,1.0,1.0,1.0,1.0,1.0,1.0,1.0,333.5,525.0,524.0,532.0,303.25,528.0,527.5,520.5,-0.006,7.27,0.0,15.633,1.582,0.371,-0.002,0.001,-0.001,-0.0
9072007,1355,1.0,1.0,1.0,1.0,100.0,51.452,40.0,40.0,40.0,1.0,1.0,1587.116,379.502,0.022,11.896,0.0,80.0,55.0,1.4,2185.0,2215.931,2083.942,399.792,55.471,73.225,72.496,73.047,52.226,1.387,2.746,0.373,76.215,61.006,88.405,49.292,0.0,73.97,83.412,77.933,84.782,38.342,53.511,47.868,-10.82,50.031,95.625,72.688,75.125,56.0,56.969,0.0,44.563,72.0,70.0,1000.0,200.0,0.212,288.0,69.188,68.875,-0.052,72.125,71.313,55.938,56.5,0.0,45.0,72.0,70.0,1000.0,200.0,0.221,512.5,76.563,76.25,0.01,71.875,71.938,56.188,57.125,0.0,66.25,72.0,70.0,1000.0,200.0,0.369,664.5,75.938,76.313,0.021,72.063,69.25,56.219,57.344,0.0,68.75,72.0,70.0,1000.0,200.0,0.415,702.5,75.125,74.375,-0.004,1.0,1.0,1.0,1.0,1.0,1.0,1.0,1.0,1.0,1.0,1.0,1.0,1.0,1.0,1.0,1.0,12.637,12.662,11.747,12.341,1.0,1.0,1.0,1.0,1.0,1.0,1.0,1.0,1.0,1.0,1.0,1.0,1.0,1.0,1.0,1.0,333.75,525.0,524.5,532.0,303.0,527.5,527.5,521.0,-0.006,7.471,0.0,15.727,1.587,0.38,-0.002,0.0,-0.001,-0.0
9072007,1356,1.0,1.0,1.0,1.0,100.0,51.562,40.0,40.0,40.0,1.0,1.0,1588.287,370.132,0.022,11.941,0.0,80.0,55.0,1.4,2185.0,2205.764,2073.354,390.241,55.471,73.119,72.496,73.047,52.119,1.402,2.735,0.381,76.121,60.942,88.405,49.32,0.0,73.755,83.412,78.039,84.708,38.415,53.407,47.868,-10.82,50.313,95.5,72.688,75.125,55.906,56.906,0.0,45.313,72.0,70.0,1000.0,200.0,0.212,289.0,69.188,68.75,-0.052,72.125,71.313,55.938,56.688,0.0,45.594,72.0,70.0,1000.0,200.0,0.218,511.0,76.563,76.25,0.01,71.875,71.625,56.094,57.0,0.0,64.438,72.0,70.0,1000.0,200.0,0.352,649.5,75.938,76.313,0.021,72.063,69.063,56.219,57.344,0.0,69.063,72.0,70.0,1000.0,200.0,0.412,701.5,75.125,74.375,-0.004,1.0,1.0,1.0,1.0,1.0,1.0,1.0,1.0,1.0,1.0,1.0,1.0,1.0,1.0,1.0,1.0,12.619,12.65,11.734,12.327,1.0,1.0,1.0,1.0,1.0,1.0,1.0,1.0,1.0,1.0,1.0,1.0,1.0,1.0,1.0,1.0,333.0,525.0,524.5,532.0,303.25,529.0,527.5,521.0,-0.005,7.529,0.0,15.665,1.588,0.37,-0.003,0.0,-0.001,-0.0
9072007,1357,1.0,1.0,1.0,1.0,100.0,52.499,40.0,40.0,40.0,1.0,1.0,1618.741,373.646,0.012,11.896,0.0,80.0,55.0,1.4,2154.0,2251.577,2099.867,398.44,55.686,73.119,72.496,73.047,52.333,1.333,2.746,0.359,76.366,60.92,88.601,49.264,0.0,74.077,83.264,78.039,84.782,38.635,53.302,48.087,-10.82,50.281,95.563,72.938,75.25,55.906,56.906,0.0,44.844,72.0,70.0,1000.0,200.0,0.213,288.75,69.188,68.875,-0.052,72.125,71.563,55.938,56.688,0.0,45.063,72.0,70.0,1000.0,200.0,0.221,519.0,76.563,76.25,0.01,72.188,71.625,56.094,57.0,0.0,66.188,72.0,70.0,1000.0,200.0,0.375,671.5,76.0,76.313,0.017,72.063,69.063,56.219,57.344,0.0,69.938,72.0,70.0,1000.0,200.0,0.406,697.5,75.125,74.375,-0.004,1.0,1.0,1.0,1.0,1.0,1.0,1.0,1.0,1.0,1.0,1.0,1.0,1.0,1.0,1.0,1.0,12.618,12.647,11.743,12.323,1.0,1.0,1.0,1.0,1.0,1.0,1.0,1.0,1.0,1.0,1.0,1.0,1.0,1.0,1.0,1.0,333.25,525.0,524.5,532.0,303.0,528.0,527.5,521.0,-0.003,7.666,0.0,15.603,1.619,0.374,-0.002,0.0,-0.001,-0.0
9072007,1358,1.0,1.0,1.0,1.0,100.0,52.222,40.0,40.0,40.0,1.0,1.0,1612.885,375.988,0.012,11.866,0.0,80.0,55.0,1.4,2189.0,2227.803,2105.188,395.0,55.471,73.331,72.601,73.259,52.226,1.402,2.742,0.348,76.346,61.144,88.433,49.32,0.0,73.755,83.338,77.826,84.708,38.782,53.302,48.232,-10.828,50.063,95.5,72.688,75.125,55.906,56.969,0.0,44.75,72.0,70.0,1000.0,200.0,0.217,289.25,69.188,68.875,-0.052,72.25,71.563,55.938,56.688,0.0,45.25,72.0,70.0,1000.0,200.0,0.221,519.5,76.563,76.25,0.01,72.188,71.625,56.188,57.125,0.0,65.438,72.0,70.0,1000.0,200.0,0.366,661.5,76.0,76.313,0.019,72.063,69.188,56.125,57.281,0.0,68.75,72.0,70.0,1000.0,200.0,0.42,706.0,75.0,74.5,-0.004,1.0,1.0,1.0,1.0,1.0,1.0,1.0,1.0,1.0,1.0,1.0,1.0,1.0,1.0,1.0,1.0,12.65,12.676,11.764,12.355,1.0,1.0,1.0,1.0,1.0,1.0,1.0,1.0,1.0,1.0,1.0,1.0,1.0,1.0,1.0,1.0,334.25,525.0,524.5,532.0,303.25,529.0,527.5,521.0,-0.003,7.723,0.0,15.56,1.613,0.376,-0.002,0.0,-0.001,-0.0
9072007,1359,1.0,1.0,1.0,1.0,100.0,52.678,40.0,40.0,40.0,1.0,1.0,1625.769,377.16,0.022,11.896,0.0,80.0,55.0,1.4,2174.25,2237.987,2101.64,400.4,55.363,73.119,72.391,73.047,52.226,1.375,2.76,0.359,76.374,61.087,88.517,49.376,0.0,73.862,83.338,77.933,84.708,39.002,53.302,48.305,-10.82,50.063,95.563,72.938,74.75,55.906,56.906,0.0,46.156,72.0,70.0,1000.0,200.0,0.201,282.0,69.063,68.75,-0.052,72.25,71.313,55.938,56.5,0.0,45.344,72.0,70.0,1000.0,200.0,0.231,529.0,76.563,76.25,0.01,72.313,71.813,56.094,57.0,0.0,65.938,72.0,70.0,1000.0,200.0,0.375,670.0,75.938,76.313,0.019,72.063,69.188,56.125,57.344,0.0,70.0,72.0,70.0,1000.0,200.0,0.401,693.5,75.0,74.375,-0.004,1.0,1.0,1.0,1.0,1.0,1.0,1.0,1.0,1.0,1.0,1.0,1.0,1.0,1.0,1.0,1.0,12.642,12.681,11.768,12.351,1.0,1.0,1.0,1.0,1.0,1.0,1.0,1.0,1.0,1.0,1.0,1.0,1.0,1.0,1.0,1.0,333.75,525.0,524.5,532.5,303.0,528.0,527.5,521.0,-0.006,7.739,0.0,15.355,1.626,0.377,-0.002,0.0,-0.001,-0.0
9072007,1400,1.0,1.0,1.0,1.0,100.0,53.369,40.0,40.0,40.0,1.0,1.0,1637.482,380.674,0.012,11.866,0.0,80.0,55.0,1.4,2193.25,2256.677,2114.069,407.205,55.471,73.119,72.496,73.047,52.226,1.36,2.774,0.37,76.619,61.292,88.573,49.32,0.0,73.755,83.19,77.826,84.708,39.075,53.407,48.524,-10.82,50.219,95.563,72.688,75.125,55.906,56.906,0.0,45.656,72.0,70.0,1000.0,200.0,0.212,288.75,69.188,68.875,-0.052,72.125,71.25,55.938,56.781,0.0,44.563,72.0,70.0,1000.0,200.0,0.235,531.0,76.563,76.25,0.01,72.375,71.625,56.094,57.0,0.0,66.188,72.0,70.0,1000.0,200.0,0.378,673.5,75.938,76.438,0.021,72.313,69.188,56.219,57.344,0.0,68.75,72.0,70.0,1000.0,200.0,0.417,707.0,75.125,74.5,-0.004,1.0,1.0,1.0,1.0,1.0,1.0,1.0,1.0,1.0,1.0,1.0,1.0,1.0,1.0,1.0,1.0,12.651,12.675,11.759,12.351,1.0,1.0,1.0,1.0,1.0,1.0,1.0,1.0,1.0,1.0,1.0,1.0,1.0,1.0,1.0,1.0,333.75,525.0,524.5,533.0,303.25,528.0,527.5,521.0,-0.003,7.823,0.0,15.557,1.637,0.381,-0.002,0.0,-0.002,-0.0
9072007,1401,1.0,1.0,1.0,1.0,100.0,53.652,40.0,40.0,40.0,1.0,1.0,1644.51,380.674,0.022,11.971,0.0,80.0,55.0,1.4,2193.25,2253.277,2105.188,405.112,55.363,73.013,72.286,73.047,52.119,1.379,2.742,0.362,76.66,61.289,88.461,49.292,0.0,73.755,83.19,77.826,84.634,39.221,53.302,48.669,-10.82,50.156,95.563,72.688,75.063,55.906,56.906,0.0,45.781,72.0,70.0,1000.0,200.0,0.214,288.75,69.188,68.875,-0.052,72.125,71.25,55.938,56.688,0.0,45.063,72.0,70.0,1000.0,200.0,0.233,529.0,76.563,76.25,0.01,72.313,71.938,56.094,56.813,0.0,66.75,72.0,70.0,1000.0,200.0,0.378,672.0,75.938,76.438,0.019,72.063,69.188,56.219,57.344,0.0,70.0,72.0,70.0,1000.0,200.0,0.406,698.5,75.0,74.375,-0.004,1.0,1.0,1.0,1.0,1.0,1.0,1.0,1.0,1.0,1.0,1.0,1.0,1.0,1.0,1.0,1.0,12.663,12.691,11.772,12.364,1.0,1.0,1.0,1.0,1.0,1.0,1.0,1.0,1.0,1.0,1.0,1.0,1.0,1.0,1.0,1.0,334.25,525.0,524.5,532.5,303.0,528.5,527.5,521.0,-0.006,8.032,0.0,15.692,1.645,0.381,-0.002,0.0,-0.001,-0.0
9072007,1402,1.0,1.0,1.0,1.0,100.0,54.893,40.0,40.0,40.0,1.0,1.0,1612.885,381.845,0.022,11.956,0.0,80.0,55.0,1.4,2196.5,2265.18,2110.514,406.292,55.686,73.013,72.391,72.942,52.333,1.375,2.767,0.366,76.748,61.337,88.601,49.376,0.0,74.077,83.19,77.933,84.634,39.368,53.302,48.815,-10.82,50.344,95.563,72.625,74.75,55.906,56.906,0.0,46.313,72.0,70.0,1000.0,200.0,0.213,288.25,69.063,68.875,-0.052,72.25,71.125,55.938,56.688,0.0,46.0,72.0,70.0,1000.0,200.0,0.223,518.0,76.563,76.25,0.01,72.313,72.0,56.188,57.0,0.0,65.813,72.0,70.0,1000.0,200.0,0.389,684.0,76.0,76.313,0.021,72.0,68.875,56.219,57.344,0.0,68.625,72.0,70.0,1000.0,200.0,0.42,709.5,75.0,74.375,-0.004,1.0,1.0,1.0,1.0,1.0,1.0,1.0,1.0,1.0,1.0,1.0,1.0,1.0,1.0,1.0,1.0,12.655,12.681,11.772,12.355,1.0,1.0,1.0,1.0,1.0,1.0,1.0,1.0,1.0,1.0,1.0,1.0,1.0,1.0,1.0,1.0,334.25,525.0,524.5,532.5,303.0,529.0,527.5,521.0,-0.006,8.106,0.0,15.67,1.613,0.382,-0.001,0.0,-0.001,-0.0
9072007,1403,1.0,1.0,1.0,1.0,100.0,55.389,40.0,40.0,40.0,1.0,1.0,1655.051,399.414,0.012,11.971,0.0,80.0,55.0,1.4,2203.5,2248.178,2119.405,402.948,55.686,73.119,72.391,73.047,52.333,1.391,2.8,0.381,76.799,61.455,88.349,49.292,0.0,74.077,83.116,77.826,84.56,39.368,53.198,48.961,-10.82,50.031,95.563,72.625,75.375,55.906,56.969,0.0,46.25,72.0,70.0,1000.0,200.0,0.215,290.25,69.313,68.875,-0.052,72.25,71.125,55.938,56.688,0.0,45.5,72.0,70.0,1000.0,200.0,0.231,528.5,76.563,76.25,0.01,72.188,71.813,56.094,57.125,0.0,67.0,72.0,70.0,1000.0,200.0,0.378,673.0,76.0,76.313,0.02,72.063,69.188,56.219,57.281,0.0,68.625,72.0,70.0,1000.0,200.0,0.415,702.5,75.0,74.5,-0.004,1.0,1.0,1.0,1.0,1.0,1.0,1.0,1.0,1.0,1.0,1.0,1.0,1.0,1.0,1.0,1.0,12.667,12.688,11.773,12.363,1.0,1.0,1.0,1.0,1.0,1.0,1.0,1.0,1.0,1.0,1.0,1.0,1.0,1.0,1.0,1.0,334.5,525.0,524.5,532.5,303.0,530.0,527.5,521.0,-0.003,8.304,0.0,15.932,1.655,0.399,-0.003,0.0,-0.001,-0.0
9072007,1404,1.0,1.0,1.0,1.0,100.0,55.275,40.0,40.0,40.0,1.0,1.0,1655.051,388.873,0.022,11.926,0.0,80.0,55.0,1.4,2201.5,2265.18,2122.967,404.634,55.363,73.013,72.391,73.047,52.226,1.379,2.771,0.366,76.835,61.47,88.293,49.236,0.0,73.97,83.19,77.933,84.56,39.514,53.198,49.034,-10.82,50.063,95.563,72.688,75.063,55.906,56.906,0.0,46.719,72.0,70.0,1000.0,200.0,0.215,289.75,69.063,68.875,-0.052,72.25,71.25,55.938,56.688,0.0,45.125,72.0,70.0,1000.0,200.0,0.237,532.0,76.563,76.25,0.01,72.188,71.938,56.094,57.125,0.0,66.688,72.0,70.0,1000.0,200.0,0.375,670.5,75.938,76.313,0.021,72.0,69.063,56.125,57.344,0.0,69.313,72.0,70.0,1000.0,200.0,0.414,705.0,75.0,74.5,-0.004,1.0,1.0,1.0,1.0,1.0,1.0,1.0,1.0,1.0,1.0,1.0,1.0,1.0,1.0,1.0,1.0,12.635,12.665,11.757,12.343,1.0,1.0,1.0,1.0,1.0,1.0,1.0,1.0,1.0,1.0,1.0,1.0,1.0,1.0,1.0,1.0,333.75,524.5,525.0,532.5,303.0,529.5,528.0,521.0,-0.006,8.297,0.0,15.751,1.655,0.389,-0.001,0.0,-0.001,-0.0
9072007,1405,1.0,1.0,1.0,1.0,100.0,55.712,40.0,40.0,40.0,1.0,1.0,1665.593,379.502,0.012,11.941,0.0,80.0,55.0,1.4,2206.0,2277.094,2131.881,413.853,55.363,73.119,72.391,73.047,52.226,1.375,2.796,0.362,76.963,61.582,88.377,49.236,0.0,73.862,83.042,77.72,84.634,39.661,53.093,49.179,-10.828,49.906,95.438,72.5,75.063,55.906,56.969,0.0,46.094,72.0,70.0,1000.0,200.0,0.223,297.75,69.188,68.875,-0.052,72.125,71.313,55.938,56.688,0.0,45.063,72.0,70.0,1000.0,200.0,0.238,528.0,76.563,76.25,0.01,72.313,71.813,56.188,57.0,0.0,66.375,72.0,70.0,1000.0,200.0,0.387,680.5,76.0,76.438,0.023,72.0,69.063,56.125,57.281,0.0,69.0,72.0,70.0,1000.0,200.0,0.412,701.5,75.0,74.5,-0.004,1.0,1.0,1.0,1.0,1.0,1.0,1.0,1.0,1.0,1.0,1.0,1.0,1.0,1.0,1.0,1.0,12.647,12.688,11.773,12.363,1.0,1.0,1.0,1.0,1.0,1.0,1.0,1.0,1.0,1.0,1.0,1.0,1.0,1.0,1.0,1.0,334.25,524.5,524.5,532.5,303.25,528.5,527.5,521.0,-0.004,8.461,0.0,15.767,1.666,0.38,-0.002,0.0,-0.001,-0.0
9072007,1406,1.0,1.0,1.0,1.0,100.0,56.135,40.0,40.0,40.0,1.0,1.0,1650.366,377.16,0.022,12.03,0.0,80.0,55.0,1.4,2200.0,2268.583,2115.847,410.561,55.363,73.013,72.391,73.047,52.119,1.372,2.782,0.37,76.979,61.573,88.265,49.348,0.0,73.97,83.116,77.826,84.56,39.881,53.198,49.325,-10.82,49.906,95.438,72.625,75.25,55.906,56.906,0.0,46.5,72.0,70.0,1000.0,200.0,0.218,291.75,69.063,68.875,-0.052,72.25,71.0,55.938,56.688,0.0,45.656,72.0,70.0,1000.0,200.0,0.237,533.0,76.563,76.25,0.01,72.188,71.813,56.094,57.0,0.0,66.938,72.0,70.0,1000.0,200.0,0.386,679.5,76.0,76.313,0.02,72.0,68.875,56.125,57.344,0.0,69.563,72.0,70.0,1000.0,200.0,0.406,700.0,75.125,74.375,-0.004,1.0,1.0,1.0,1.0,1.0,1.0,1.0,1.0,1.0,1.0,1.0,1.0,1.0,1.0,1.0,1.0,12.663,12.698,11.784,12.374,1.0,1.0,1.0,1.0,1.0,1.0,1.0,1.0,1.0,1.0,1.0,1.0,1.0,1.0,1.0,1.0,334.75,524.5,525.0,532.5,303.0,529.0,527.5,521.0,-0.006,8.531,0.0,15.76,1.65,0.377,-0.001,0.0,-0.001,-0.0
9072007,1407,1.0,1.0,1.0,1.0,100.0,56.575,40.0,40.0,40.0,1.0,1.0,1662.079,380.674,0.012,11.926,0.0,80.0,55.0,1.4,2214.25,2268.583,2108.738,408.027,55.471,73.331,72.496,73.259,52.119,1.375,2.778,0.373,77.028,61.662,88.489,49.32,0.0,74.077,82.968,77.826,84.486,39.514,53.198,49.325,-10.828,49.906,95.438,72.688,74.875,56.0,56.906,0.0,47.156,72.0,70.0,1000.0,200.0,0.215,290.25,69.063,68.875,-0.052,72.125,71.125,55.938,56.688,0.0,45.719,72.0,70.0,1000.0,200.0,0.239,535.0,76.375,76.25,0.01,71.875,72.188,56.188,57.0,0.0,66.063,72.0,70.0,1000.0,200.0,0.388,680.0,76.0,76.313,0.021,72.0,69.063,56.219,57.344,0.0,68.875,72.0,70.0,1000.0,200.0,0.413,701.0,75.0,74.375,-0.004,1.0,1.0,1.0,1.0,1.0,1.0,1.0,1.0,1.0,1.0,1.0,1.0,1.0,1.0,1.0,1.0,12.657,12.691,11.778,12.364,1.0,1.0,1.0,1.0,1.0,1.0,1.0,1.0,1.0,1.0,1.0,1.0,1.0,1.0,1.0,1.0,334.75,524.5,524.5,532.5,303.25,528.5,527.5,521.0,-0.004,8.551,0.0,16.232,1.662,0.381,-0.001,0.0,-0.001,-0.0
9072007,1408,1.0,1.0,1.0,1.0,100.0,57.021,40.0,40.0,40.0,1.0,1.0,1658.565,387.701,0.012,11.926,0.0,80.0,55.0,1.4,2214.25,2278.797,2131.881,409.618,55.363,73.013,72.391,72.942,52.119,1.368,2.818,0.377,77.064,61.651,87.816,49.348,0.0,73.97,82.894,77.72,84.412,38.855,52.884,49.106,-10.82,49.906,95.438,72.688,74.688,55.813,56.75,0.0,46.219,72.0,70.0,1000.0,200.0,0.23,300.5,69.063,68.75,-0.052,72.125,71.313,55.938,56.688,0.0,45.281,72.0,70.0,1000.0,200.0,0.238,535.0,76.563,76.25,0.01,72.188,72.0,56.094,57.0,0.0,65.813,72.0,70.0,1000.0,200.0,0.387,682.5,76.0,76.438,0.018,71.938,69.063,56.125,57.344,0.0,69.125,72.0,70.0,1000.0,200.0,0.404,696.5,75.0,74.5,-0.004,1.0,1.0,1.0,1.0,1.0,1.0,1.0,1.0,1.0,1.0,1.0,1.0,1.0,1.0,1.0,1.0,12.66,12.689,11.778,12.364,1.0,1.0,1.0,1.0,1.0,1.0,1.0,1.0,1.0,1.0,1.0,1.0,1.0,1.0,1.0,1.0,334.5,525.0,524.5,533.0,303.25,529.5,528.0,521.0,-0.004,8.714,0.0,16.964,1.659,0.388,-0.002,0.0,-0.001,-0.0
9072007,1409,1.0,1.0,1.0,1.0,100.0,57.114,40.0,40.0,40.0,1.0,1.0,1686.677,377.16,0.012,12.016,0.0,80.0,55.0,1.4,2211.75,2283.906,2119.405,404.869,55.255,73.119,72.391,73.047,51.905,1.398,2.807,0.359,77.079,61.665,87.872,49.236,0.0,74.077,82.968,77.614,84.486,38.489,52.362,48.669,-10.82,50.219,95.25,72.688,74.75,55.688,56.75,0.0,46.406,72.0,70.0,1000.0,200.0,0.23,300.25,69.063,68.875,-0.052,72.125,71.125,55.844,56.5,0.0,45.344,72.0,70.0,1000.0,200.0,0.24,535.0,76.563,76.25,0.01,71.875,71.813,55.969,57.0,0.0,65.875,72.0,70.0,1000.0,200.0,0.387,682.5,76.0,76.313,0.019,71.938,68.875,56.125,57.281,0.0,69.063,72.0,70.0,1000.0,200.0,0.405,696.5,75.0,74.375,-0.004,1.0,1.0,1.0,1.0,1.0,1.0,1.0,1.0,1.0,1.0,1.0,1.0,1.0,1.0,1.0,1.0,12.662,12.689,11.78,12.364,1.0,1.0,1.0,1.0,1.0,1.0,1.0,1.0,1.0,1.0,1.0,1.0,1.0,1.0,1.0,1.0,334.75,524.5,525.0,532.5,303.25,528.5,528.0,521.5,-0.003,8.817,0.0,16.975,1.687,0.377,-0.001,0.0,-0.001,-0.0
9072007,1410,1.0,1.0,1.0,1.0,100.0,56.847,40.0,40.0,40.0,1.0,1.0,1637.482,386.53,0.012,12.016,0.0,80.0,55.0,1.4,2204.0,2258.377,2114.069,396.908,55.255,73.119,72.286,73.047,51.798,1.394,2.8,0.351,77.08,61.687,87.9,49.124,0.0,74.507,82.82,77.826,84.338,38.049,52.362,48.378,-10.828,50.188,95.375,72.625,74.75,55.688,56.563,0.0,45.906,72.0,70.0,1000.0,200.0,0.235,303.25,69.063,68.875,-0.052,72.25,71.125,55.75,56.406,0.0,45.5,72.0,70.0,1000.0,200.0,0.24,535.0,76.563,76.25,0.01,72.063,71.563,55.875,56.813,0.0,65.25,72.0,70.0,1000.0,200.0,0.364,662.0,76.0,76.313,0.021,71.813,68.875,56.063,57.281,0.0,68.0,72.0,70.0,1000.0,200.0,0.407,697.5,74.938,74.5,-0.004,1.0,1.0,1.0,1.0,1.0,1.0,1.0,1.0,1.0,1.0,1.0,1.0,1.0,1.0,1.0,1.0,12.654,12.691,11.773,12.364,1.0,1.0,1.0,1.0,1.0,1.0,1.0,1.0,1.0,1.0,1.0,1.0,1.0,1.0,1.0,1.0,334.5,524.5,525.0,532.5,303.25,528.5,528.0,521.5,-0.004,8.671,0.0,17.226,1.637,0.387,-0.001,0.0,-0.001,-0.0
9072007,1411,1.0,1.0,1.0,1.0,100.0,56.897,40.0,40.0,40.0,1.0,1.0,1681.991,379.502,0.012,11.971,0.0,80.0,55.0,1.4,2204.0,2278.797,2126.53,405.301,54.932,73.013,72.181,72.942,51.583,1.372,2.792,0.37,77.132,61.669,87.788,49.04,0.0,74.399,82.894,77.72,84.412,37.976,52.153,48.232,-10.82,49.625,95.313,72.625,74.688,55.5,56.563,0.0,45.906,72.0,70.0,1000.0,200.0,0.231,300.75,69.063,68.875,-0.052,72.125,71.313,55.625,56.406,0.0,45.813,72.0,70.0,1000.0,200.0,0.239,535.0,76.563,76.25,0.01,71.875,71.313,55.656,56.719,0.0,65.75,72.0,70.0,1000.0,200.0,0.384,677.0,76.0,76.438,0.021,71.938,69.063,55.844,57.188,0.0,68.688,72.0,70.0,1000.0,200.0,0.402,694.0,74.938,74.5,-0.004,1.0,1.0,1.0,1.0,1.0,1.0,1.0,1.0,1.0,1.0,1.0,1.0,1.0,1.0,1.0,1.0,12.67,12.698,11.775,12.373,1.0,1.0,1.0,1.0,1.0,1.0,1.0,1.0,1.0,1.0,1.0,1.0,1.0,1.0,1.0,1.0,334.5,525.0,525.0,533.0,303.25,528.5,528.0,521.5,-0.004,8.66,0.0,17.04,1.682,0.38,-0.001,0.0,-0.001,-0.0
9072007,1412,1.0,1.0,1.0,1.0,100.0,56.372,40.0,40.0,40.0,1.0,1.0,1665.593,384.187,0.022,11.926,0.0,80.0,55.0,1.4,2207.5,2273.689,2126.53,402.979,54.825,73.013,72.286,73.047,51.476,1.394,2.796,0.384,77.114,61.691,87.9,48.928,0.0,74.399,82.82,77.614,84.338,37.683,51.84,48.087,-10.82,49.875,95.25,72.5,74.875,55.406,56.344,0.0,47.344,72.0,70.0,1000.0,200.0,0.222,294.25,69.063,68.875,-0.052,72.125,71.688,55.531,56.313,0.0,45.969,72.0,70.0,1000.0,200.0,0.239,536.5,76.563,76.25,0.01,72.063,71.625,55.656,56.594,0.0,66.313,72.0,70.0,1000.0,200.0,0.379,674.0,76.0,76.313,0.019,71.938,69.063,55.75,57.188,0.0,67.563,72.0,70.0,1000.0,200.0,0.409,700.0,74.938,74.5,-0.004,1.0,1.0,1.0,1.0,1.0,1.0,1.0,1.0,1.0,1.0,1.0,1.0,1.0,1.0,1.0,1.0,12.655,12.688,11.77,12.36,1.0,1.0,1.0,1.0,1.0,1.0,1.0,1.0,1.0,1.0,1.0,1.0,1.0,1.0,1.0,1.0,334.5,524.5,524.5,533.0,303.25,528.0,528.0,521.0,-0.006,8.764,0.0,17.223,1.666,0.384,-0.001,0.0,-0.001,-0.0
9072007,1413,1.0,1.0,1.0,1.0,100.0,56.351,40.0,40.0,40.0,1.0,1.0,1673.792,378.331,0.022,11.956,0.0,80.0,55.0,1.4,2206.75,2265.18,2115.847,396.576,54.932,73.119,72.181,73.047,51.476,1.383,2.807,0.362,77.123,61.691,87.9,48.9,0.0,74.614,82.82,77.72,84.412,37.39,51.735,47.941,-10.82,49.875,95.313,72.5,74.688,55.281,56.438,0.0,46.5,72.0,70.0,1000.0,200.0,0.231,300.5,69.188,68.75,-0.052,72.25,71.563,55.531,56.188,0.0,46.594,72.0,70.0,1000.0,200.0,0.238,534.5,76.563,76.25,0.01,72.063,71.813,55.625,56.531,0.0,66.813,72.0,70.0,1000.0,200.0,0.375,674.0,76.0,76.438,0.021,71.938,68.875,55.75,56.969,0.0,67.625,72.0,70.0,1000.0,200.0,0.405,696.5,74.938,74.5,-0.004,1.0,1.0,1.0,1.0,1.0,1.0,1.0,1.0,1.0,1.0,1.0,1.0,1.0,1.0,1.0,1.0,12.659,12.691,11.778,12.364,1.0,1.0,1.0,1.0,1.0,1.0,1.0,1.0,1.0,1.0,1.0,1.0,1.0,1.0,1.0,1.0,334.5,524.5,524.5,533.0,303.25,528.0,528.0,521.0,-0.007,8.794,0.0,17.512,1.674,0.378,-0.003,0.0,-0.001,-0.0
9072007,1414,1.0,1.0,1.0,1.0,100.0,55.305,40.0,40.0,40.0,1.0,1.0,1655.051,384.187,0.012,11.956,0.0,80.0,55.0,1.4,2210.25,2271.987,2133.666,406.239,54.61,73.119,72.286,72.942,51.262,1.372,2.792,0.359,77.161,61.743,87.732,48.704,0.0,74.722,82.82,77.614,84.265,37.17,51.631,47.723,-10.82,49.281,95.438,72.5,74.688,55.281,56.344,0.0,46.969,72.0,70.0,1000.0,200.0,0.231,300.75,69.188,68.75,-0.052,72.125,71.25,55.344,56.188,0.0,45.938,72.0,70.0,1000.0,200.0,0.253,548.0,76.563,76.25,0.01,72.063,71.563,55.625,56.531,0.0,66.125,72.0,70.0,1000.0,200.0,0.371,666.0,76.0,76.313,0.019,71.938,68.875,55.75,56.844,0.0,67.688,72.0,70.0,1000.0,200.0,0.403,693.5,74.938,74.5,-0.004,1.0,1.0,1.0,1.0,1.0,1.0,1.0,1.0,1.0,1.0,1.0,1.0,1.0,1.0,1.0,1.0,12.652,12.686,11.76,12.36,1.0,1.0,1.0,1.0,1.0,1.0,1.0,1.0,1.0,1.0,1.0,1.0,1.0,1.0,1.0,1.0,334.0,525.0,524.5,533.0,303.25,530.0,528.0,521.0,-0.003,8.725,0.0,17.516,1.655,0.384,-0.003,0.0,-0.001,-0.0
9072007,1415,1.0,1.0,1.0,1.0,100.0,54.678,40.0,40.0,40.0,1.0,1.0,1686.677,375.988,0.022,11.926,0.0,80.0,55.0,1.4,2203.25,2265.18,2115.847,402.057,54.502,73.013,72.181,72.942,51.048,1.41,2.792,0.37,77.154,61.723,87.648,48.564,0.0,74.614,82.82,77.72,84.265,36.877,51.526,47.504,-10.82,49.25,95.25,72.5,74.438,55.094,56.25,0.0,46.375,72.0,70.0,1000.0,200.0,0.234,303.0,69.063,68.875,-0.052,72.125,71.313,55.219,56.094,0.0,46.656,72.0,70.0,1000.0,200.0,0.244,540.5,76.563,76.25,0.01,71.875,71.625,55.375,56.438,0.0,65.688,72.0,70.0,1000.0,200.0,0.373,668.0,76.0,76.313,0.018,71.813,68.813,55.688,56.844,0.0,68.5,72.0,70.0,1000.0,200.0,0.395,687.5,74.938,74.375,-0.004,1.0,1.0,1.0,1.0,1.0,1.0,1.0,1.0,1.0,1.0,1.0,1.0,1.0,1.0,1.0,1.0,12.662,12.689,11.765,12.364,1.0,1.0,1.0,1.0,1.0,1.0,1.0,1.0,1.0,1.0,1.0,1.0,1.0,1.0,1.0,1.0,334.25,524.5,524.5,532.5,303.0,530.0,528.0,521.5,-0.006,8.652,0.0,17.596,1.687,0.376,-0.001,0.0,-0.001,-0.0
9072007,1416,1.0,1.0,1.0,1.0,100.0,54.359,40.0,40.0,40.0,1.0,1.0,1672.621,380.674,0.022,11.896,0.0,80.0,55.0,1.4,2203.25,2263.479,2112.291,406.892,54.287,73.013,72.181,73.047,50.834,1.394,2.803,0.37,77.152,61.72,87.788,48.479,0.0,74.614,82.672,77.72,84.265,36.657,51.422,47.358,-10.82,49.406,95.375,72.438,74.563,55.094,56.125,0.0,46.75,72.0,70.0,1000.0,200.0,0.235,302.5,69.188,68.875,-0.052,72.125,71.0,55.125,55.906,0.0,47.375,72.0,70.0,1000.0,200.0,0.242,538.0,76.375,76.25,0.01,72.063,71.438,55.281,56.188,0.0,66.188,72.0,70.0,1000.0,200.0,0.38,675.0,76.0,76.438,0.023,71.938,68.813,55.563,56.781,0.0,68.688,72.0,70.0,1000.0,200.0,0.393,687.0,74.813,74.375,-0.004,1.0,1.0,1.0,1.0,1.0,1.0,1.0,1.0,1.0,1.0,1.0,1.0,1.0,1.0,1.0,1.0,12.651,12.68,11.762,12.356,1.0,1.0,1.0,1.0,1.0,1.0,1.0,1.0,1.0,1.0,1.0,1.0,1.0,1.0,1.0,1.0,334.25,525.0,524.5,532.5,303.25,527.5,528.0,521.0,-0.007,8.622,0.0,17.675,1.673,0.381,-0.002,0.0,-0.001,-0.0
9072007,1417,1.0,1.0,1.0,1.0,100.0,52.875,40.0,40.0,40.0,1.0,1.0,1671.45,383.016,0.022,11.896,0.0,80.0,55.0,1.4,2203.0,2283.906,2128.313,405.976,54.287,73.331,72.391,73.153,50.834,1.379,2.803,0.37,77.189,61.721,88.04,48.367,0.0,74.722,82.746,77.614,84.265,36.511,51.422,47.286,-10.82,49.375,95.438,72.438,74.563,54.906,56.125,0.0,47.031,72.0,70.0,1000.0,200.0,0.233,302.0,69.188,68.875,-0.052,72.0,71.563,55.125,55.906,0.0,47.094,72.0,70.0,1000.0,200.0,0.241,537.0,76.563,76.25,0.01,72.313,71.438,55.281,56.188,0.0,66.75,72.0,70.0,1000.0,200.0,0.389,685.0,76.0,76.313,0.021,71.813,68.813,55.563,56.688,0.0,67.625,72.0,70.0,1000.0,200.0,0.396,687.5,74.938,74.375,-0.004,1.0,1.0,1.0,1.0,1.0,1.0,1.0,1.0,1.0,1.0,1.0,1.0,1.0,1.0,1.0,1.0,12.635,12.675,11.762,12.349,1.0,1.0,1.0,1.0,1.0,1.0,1.0,1.0,1.0,1.0,1.0,1.0,1.0,1.0,1.0,1.0,334.25,524.5,524.5,533.0,303.25,527.5,528.0,521.0,-0.007,8.596,0.0,17.798,1.671,0.383,-0.002,0.0,-0.001,-0.0
9072007,1418,1.0,1.0,1.0,1.0,100.0,52.71,40.0,40.0,40.0,1.0,1.0,1659.737,384.187,0.012,12.001,0.0,80.0,55.0,1.4,2210.5,2253.277,2105.188,410.784,54.394,73.119,72.181,72.942,50.834,1.413,2.821,0.373,77.151,61.744,87.844,48.227,0.0,75.044,82.598,77.614,84.191,36.291,51.004,47.14,-10.82,49.281,95.438,72.5,74.688,54.906,55.938,0.0,46.875,72.0,70.0,1000.0,200.0,0.236,303.5,69.063,68.875,-0.052,72.0,71.25,55.031,55.781,0.0,46.813,72.0,70.0,1000.0,200.0,0.243,540.0,76.563,76.25,0.01,71.75,71.563,55.063,56.094,0.0,66.188,72.0,70.0,1000.0,200.0,0.375,669.0,76.0,76.313,0.02,71.813,68.688,55.406,56.688,0.0,67.938,72.0,70.0,1000.0,200.0,0.396,689.0,74.938,74.5,-0.004,1.0,1.0,1.0,1.0,1.0,1.0,1.0,1.0,1.0,1.0,1.0,1.0,1.0,1.0,1.0,1.0,12.622,12.667,11.754,12.343,1.0,1.0,1.0,1.0,1.0,1.0,1.0,1.0,1.0,1.0,1.0,1.0,1.0,1.0,1.0,1.0,334.25,524.5,524.5,532.5,303.25,528.0,528.0,521.5,-0.004,8.849,0.0,18.08,1.66,0.384,-0.001,0.0,-0.001,-0.0
9072007,1419,1.0,1.0,1.0,1.0,100.0,50.997,40.0,40.0,40.0,1.0,1.0,1656.223,379.502,0.012,12.001,0.0,80.0,55.0,1.4,2203.0,2258.377,2119.405,415.91,54.179,73.119,72.181,73.047,50.727,1.406,2.807,0.362,77.153,61.733,87.9,48.143,0.0,74.829,82.598,77.508,84.191,36.218,51.004,47.067,-10.828,49.281,95.438,72.5,74.563,54.781,55.875,0.0,47.031,72.0,70.0,1000.0,200.0,0.236,304.0,69.188,68.875,-0.052,72.0,71.25,54.969,55.688,0.0,46.688,72.0,70.0,1000.0,200.0,0.244,541.0,76.563,76.375,0.01,71.875,71.625,55.0,56.031,0.0,65.5,72.0,70.0,1000.0,200.0,0.371,665.0,76.0,76.438,0.017,71.813,68.688,55.219,56.563,0.0,66.625,72.0,70.0,1000.0,200.0,0.398,690.5,74.938,74.375,-0.004,1.0,1.0,1.0,1.0,1.0,1.0,1.0,1.0,1.0,1.0,1.0,1.0,1.0,1.0,1.0,1.0,12.607,12.645,11.734,12.322,1.0,1.0,1.0,1.0,1.0,1.0,1.0,1.0,1.0,1.0,1.0,1.0,1.0,1.0,1.0,1.0,333.25,524.5,524.5,532.5,303.0,527.5,527.5,521.5,-0.004,8.806,0.0,18.08,1.656,0.38,-0.002,0.0,-0.001,-0.0
9072007,1420,1.0,1.0,1.0,1.0,100.0,49.981,40.0,40.0,40.0,1.0,1.0,1637.482,381.845,0.012,11.926,0.0,80.0,55.0,1.4,2199.25,2258.377,2122.967,407.273,54.071,73.013,72.181,72.942,50.62,1.406,2.81,0.359,77.162,61.721,87.9,48.031,0.0,74.829,82.524,77.614,84.191,36.071,51.004,46.849,-10.82,49.25,95.438,72.438,74.563,54.688,55.75,0.0,47.281,72.0,70.0,1000.0,200.0,0.236,303.75,69.188,68.75,-0.052,71.875,71.25,54.969,55.688,0.0,46.406,72.0,70.0,1000.0,200.0,0.245,542.5,76.563,76.25,0.01,72.063,71.563,54.875,56.031,0.0,65.0,72.0,70.0,1000.0,200.0,0.377,673.5,76.0,76.313,0.021,71.688,68.813,55.125,56.375,0.0,66.25,72.0,70.0,1000.0,200.0,0.387,680.0,74.938,74.375,-0.004,1.0,1.0,1.0,1.0,1.0,1.0,1.0,1.0,1.0,1.0,1.0,1.0,1.0,1.0,1.0,1.0,12.643,12.675,11.759,12.355,1.0,1.0,1.0,1.0,1.0,1.0,1.0,1.0,1.0,1.0,1.0,1.0,1.0,1.0,1.0,1.0,334.25,524.5,524.5,533.0,303.25,529.0,528.0,521.5,-0.004,8.608,0.0,17.851,1.637,0.382,-0.003,0.0,-0.001,-0.0
9072007,1421,1.0,1.0,1.0,1.0,100.0,49.122,40.0,40.0,40.0,1.0,1.0,1639.824,380.674,0.012,11.881,0.0,80.0,55.0,1.4,2185.25,2232.894,2105.188,402.144,54.179,73.119,72.076,73.047,50.62,1.444,2.807,0.384,77.095,61.72,88.012,47.919,0.0,75.044,82.598,77.72,84.117,35.924,50.899,46.63,-10.82,48.906,95.563,72.313,74.188,54.594,55.75,0.0,46.781,72.0,70.0,1000.0,200.0,0.239,306.25,69.063,68.875,-0.052,71.75,71.125,54.719,55.594,0.0,45.125,72.0,70.0,1000.0,200.0,0.239,533.0,76.563,76.25,0.01,71.75,71.188,54.875,55.938,0.0,64.688,72.0,70.0,1000.0,200.0,0.372,664.5,76.0,76.438,0.021,71.5,68.625,55.125,56.375,0.0,65.188,72.0,70.0,1000.0,200.0,0.38,674.0,74.938,74.375,-0.004,1.0,1.0,1.0,1.0,1.0,1.0,1.0,1.0,1.0,1.0,1.0,1.0,1.0,1.0,1.0,1.0,12.65,12.678,11.749,12.352,1.0,1.0,1.0,1.0,1.0,1.0,1.0,1.0,1.0,1.0,1.0,1.0,1.0,1.0,1.0,1.0,333.75,524.5,525.0,532.5,303.25,527.5,528.0,521.5,-0.004,8.494,0.0,17.665,1.64,0.381,-0.001,0.0,-0.001,-0.0
9072007,1422,1.0,1.0,1.0,1.0,100.0,47.479,40.0,40.0,40.0,1.0,1.0,1610.542,377.16,0.022,11.896,0.0,80.0,55.0,1.4,2185.25,2212.541,2089.244,394.472,54.071,73.013,72.076,72.942,50.513,1.436,2.8,0.384,76.828,61.462,87.956,47.779,0.0,74.829,82.672,77.508,84.117,35.778,51.004,46.193,-10.82,48.656,95.5,72.125,74.25,54.5,55.656,0.0,46.438,72.0,70.0,1000.0,200.0,0.241,308.0,69.063,68.75,-0.052,71.75,71.25,54.625,55.469,0.0,44.813,72.0,70.0,1000.0,200.0,0.234,530.0,76.563,76.375,0.01,71.75,70.938,54.781,55.938,0.0,63.969,72.0,70.0,1000.0,200.0,0.367,661.5,76.0,76.313,0.021,71.5,68.625,55.125,56.281,0.0,64.688,72.0,70.0,1000.0,200.0,0.374,667.0,74.938,74.375,-0.004,1.0,1.0,1.0,1.0,1.0,1.0,1.0,1.0,1.0,1.0,1.0,1.0,1.0,1.0,1.0,1.0,12.662,12.688,11.765,12.361,1.0,1.0,1.0,1.0,1.0,1.0,1.0,1.0,1.0,1.0,1.0,1.0,1.0,1.0,1.0,1.0,334.25,524.5,525.0,532.5,303.25,528.0,528.0,521.5,-0.006,8.137,0.0,17.207,1.611,0.377,-0.002,0.0,-0.001,-0.0
9072007,1423,1.0,1.0,1.0,1.0,100.0,45.664,40.0,40.0,40.0,1.0,1.0,1615.227,378.331,0.012,11.852,0.0,80.0,55.0,1.4,2160.0,2212.541,2094.553,392.685,53.749,73.013,72.076,72.942,50.406,1.433,2.778,0.377,76.761,61.413,88.153,47.779,0.0,74.614,82.598,77.508,84.043,35.631,51.108,46.047,-10.828,48.656,95.563,72.125,74.688,54.5,55.563,0.0,46.313,72.0,70.0,1000.0,200.0,0.234,301.25,69.063,68.875,-0.052,71.875,71.125,54.625,55.469,0.0,45.5,72.0,70.0,1000.0,200.0,0.231,527.0,76.375,76.25,0.01,71.875,71.313,54.781,55.781,0.0,65.0,72.0,70.0,1000.0,200.0,0.36,655.5,76.0,76.438,0.021,71.688,68.625,55.063,56.281,0.0,64.813,72.0,70.0,1000.0,200.0,0.374,670.5,74.938,74.375,-0.004,1.0,1.0,1.0,1.0,1.0,1.0,1.0,1.0,1.0,1.0,1.0,1.0,1.0,1.0,1.0,1.0,12.645,12.678,11.754,12.355,1.0,1.0,1.0,1.0,1.0,1.0,1.0,1.0,1.0,1.0,1.0,1.0,1.0,1.0,1.0,1.0,334.0,524.5,525.0,532.5,303.25,530.0,528.0,521.5,-0.003,7.976,0.0,17.146,1.615,0.378,-0.001,0.0,-0.001,-0.0
9072007,1424,1.0,1.0,1.0,1.0,100.0,44.753,40.0,40.0,40.0,1.0,1.0,1608.199,377.16,0.012,11.807,0.0,80.0,55.0,1.4,2152.5,2200.683,2108.738,385.38,53.856,73.225,72.181,72.942,50.513,1.448,2.774,0.37,76.59,61.389,88.377,47.751,0.0,74.614,82.598,77.614,84.043,35.558,51.526,45.829,-10.82,48.656,95.688,72.0,73.875,54.5,55.563,0.0,47.031,72.0,70.0,1000.0,200.0,0.226,297.5,69.063,68.75,-0.052,71.875,71.125,54.625,55.469,0.0,45.344,72.0,70.0,1000.0,200.0,0.231,526.0,76.375,76.25,0.01,71.75,71.438,54.781,55.781,0.0,64.813,72.0,70.0,1000.0,200.0,0.358,656.0,76.0,76.438,0.021,71.688,68.625,54.938,56.375,0.0,64.5,72.0,70.0,1000.0,200.0,0.372,665.0,74.813,74.5,-0.004,1.0,1.0,1.0,1.0,1.0,1.0,1.0,1.0,1.0,1.0,1.0,1.0,1.0,1.0,1.0,1.0,12.63,12.659,11.737,12.34,1.0,1.0,1.0,1.0,1.0,1.0,1.0,1.0,1.0,1.0,1.0,1.0,1.0,1.0,1.0,1.0,333.5,525.0,525.0,533.0,303.25,528.0,528.0,521.5,-0.003,7.595,0.0,16.844,1.608,0.377,-0.002,0.0,-0.001,-0.0
9072007,1425,1.0,1.0,1.0,1.0,100.0,43.674,40.0,40.0,40.0,1.0,1.0,1597.657,377.16,0.022,11.837,0.0,80.0,55.0,1.4,2152.5,2202.376,2083.942,392.03,54.071,72.907,71.971,72.942,50.62,1.429,2.764,0.377,76.482,61.239,88.237,47.863,0.0,74.722,82.524,77.508,84.043,35.412,51.422,45.61,-10.82,48.406,95.75,72.0,73.938,54.5,55.563,0.0,46.938,72.0,70.0,1000.0,200.0,0.232,302.0,69.063,68.75,-0.052,71.875,71.0,54.625,55.469,0.0,46.219,72.0,70.0,1000.0,200.0,0.23,528.5,76.375,76.375,0.01,71.688,71.313,54.781,55.781,0.0,64.875,72.0,70.0,1000.0,200.0,0.357,653.5,76.0,76.438,0.021,71.5,68.625,55.063,56.188,0.0,63.375,72.0,70.0,1000.0,200.0,0.364,660.0,74.813,74.375,-0.004,1.0,1.0,1.0,1.0,1.0,1.0,1.0,1.0,1.0,1.0,1.0,1.0,1.0,1.0,1.0,1.0,12.643,12.675,11.751,12.352,1.0,1.0,1.0,1.0,1.0,1.0,1.0,1.0,1.0,1.0,1.0,1.0,1.0,1.0,1.0,1.0,333.75,524.5,525.0,532.5,303.25,527.5,528.0,521.5,-0.007,7.54,0.0,16.767,1.598,0.377,-0.002,0.0,-0.001,-0.0
9072007,1426,1.0,1.0,1.0,1.0,100.0,43.237,40.0,40.0,40.0,1.0,1.0,1610.542,377.16,0.012,11.956,0.0,80.0,55.0,1.4,2142.75,2210.846,2085.709,397.422,54.179,72.907,71.971,72.836,50.62,1.436,2.8,0.37,76.477,61.223,88.321,47.779,0.0,74.614,82.45,77.614,83.969,35.265,51.944,45.392,-10.82,48.313,95.625,72.125,74.438,54.594,55.656,0.0,46.281,72.0,70.0,1000.0,200.0,0.239,306.0,69.063,68.75,-0.052,71.875,71.25,54.625,55.469,0.0,44.563,72.0,70.0,1000.0,200.0,0.234,528.5,76.375,76.25,0.01,71.875,71.0,54.875,55.781,0.0,64.063,72.0,70.0,1000.0,200.0,0.361,657.0,76.0,76.438,0.02,71.5,68.688,54.938,56.281,0.0,63.188,72.0,70.0,1000.0,200.0,0.357,654.0,74.813,74.5,-0.004,1.0,1.0,1.0,1.0,1.0,1.0,1.0,1.0,1.0,1.0,1.0,1.0,1.0,1.0,1.0,1.0,12.647,12.673,11.755,12.352,1.0,1.0,1.0,1.0,1.0,1.0,1.0,1.0,1.0,1.0,1.0,1.0,1.0,1.0,1.0,1.0,334.25,524.5,525.0,532.5,303.0,529.0,528.0,521.5,-0.004,7.259,0.0,16.819,1.611,0.377,-0.002,0.0,-0.001,-0.0
9072007,1427,1.0,1.0,1.0,1.0,100.0,41.691,40.0,40.0,40.0,1.0,1.0,1580.088,379.502,0.022,11.837,0.0,80.0,55.0,1.4,2138.5,2190.527,2073.354,389.505,54.071,72.801,71.865,72.836,50.62,1.429,2.774,0.377,76.321,61.085,88.181,47.835,0.0,74.507,82.524,77.508,83.969,35.045,51.944,45.101,-10.82,48.344,95.75,72.0,73.875,54.5,55.563,0.0,45.813,72.0,70.0,1000.0,200.0,0.242,307.5,69.063,68.75,-0.052,71.875,71.313,54.625,55.469,0.0,44.656,72.0,70.0,1000.0,200.0,0.231,525.5,76.563,76.375,0.01,71.75,71.0,54.875,55.781,0.0,64.188,72.0,70.0,1000.0,200.0,0.356,653.0,75.938,76.438,0.021,71.5,68.625,55.063,56.188,0.0,63.531,72.0,70.0,1000.0,200.0,0.347,644.5,74.813,74.375,-0.004,1.0,1.0,1.0,1.0,1.0,1.0,1.0,1.0,1.0,1.0,1.0,1.0,1.0,1.0,1.0,1.0,12.618,12.645,11.737,12.323,1.0,1.0,1.0,1.0,1.0,1.0,1.0,1.0,1.0,1.0,1.0,1.0,1.0,1.0,1.0,1.0,333.5,524.5,525.0,532.5,303.25,528.0,528.0,521.5,-0.006,7.044,0.0,16.536,1.58,0.38,-0.002,0.0,-0.002,-0.0
9072007,1428,1.0,1.0,1.0,1.0,100.0,41.111,40.0,40.0,40.0,1.0,1.0,1594.144,366.618,0.012,11.792,0.0,80.0,55.0,1.4,2125.25,2170.238,2091.013,386.462,54.179,73.119,72.286,73.047,50.834,1.455,2.749,0.373,76.163,61.003,88.321,47.723,0.0,74.507,82.45,77.508,83.895,34.972,52.049,44.955,-10.82,48.344,95.688,72.125,73.938,54.594,55.563,0.0,46.875,72.0,70.0,1000.0,200.0,0.229,300.0,69.063,68.875,-0.052,72.0,71.125,54.719,55.469,0.0,45.563,72.0,70.0,1000.0,200.0,0.23,526.0,76.375,76.188,0.01,71.75,71.438,54.781,55.781,0.0,63.844,72.0,70.0,1000.0,200.0,0.352,648.0,76.0,76.438,0.021,71.5,68.625,55.063,56.281,0.0,62.875,72.0,70.0,1000.0,200.0,0.347,643.5,74.813,74.375,-0.004,1.0,1.0,1.0,1.0,1.0,1.0,1.0,1.0,1.0,1.0,1.0,1.0,1.0,1.0,1.0,1.0,12.612,12.64,11.734,12.319,1.0,1.0,1.0,1.0,1.0,1.0,1.0,1.0,1.0,1.0,1.0,1.0,1.0,1.0,1.0,1.0,333.25,525.0,525.0,532.5,303.25,528.0,528.0,522.0,-0.004,6.893,0.0,16.353,1.594,0.367,-0.001,0.0,-0.001,-0.0
9072007,1429,1.0,1.0,1.0,1.0,100.0,39.604,40.0,40.0,40.0,1.0,1.0,1549.634,367.789,0.012,11.688,0.0,80.0,55.0,1.4,2116.75,2165.17,2064.549,378.71,54.071,72.907,72.076,72.942,50.834,1.452,2.738,0.351,75.906,60.845,88.461,47.639,0.0,74.399,82.45,77.614,83.969,34.972,52.153,44.664,-10.828,48.469,95.75,72.0,74.188,54.688,55.656,0.0,46.375,72.0,70.0,1000.0,200.0,0.236,305.0,69.063,68.75,-0.052,71.75,71.125,54.719,55.469,0.0,44.25,72.0,70.0,1000.0,200.0,0.232,526.5,76.563,76.375,0.01,71.625,71.188,54.875,55.781,0.0,63.281,72.0,70.0,1000.0,200.0,0.338,635.5,76.0,76.313,0.021,71.5,68.688,55.063,56.281,0.0,62.0,72.0,70.0,1000.0,200.0,0.348,642.5,74.813,74.375,-0.004,1.0,1.0,1.0,1.0,1.0,1.0,1.0,1.0,1.0,1.0,1.0,1.0,1.0,1.0,1.0,1.0,12.612,12.635,11.722,12.316,1.0,1.0,1.0,1.0,1.0,1.0,1.0,1.0,1.0,1.0,1.0,1.0,1.0,1.0,1.0,1.0,333.25,525.0,525.5,532.5,303.25,529.0,528.0,521.5,-0.004,6.593,0.0,15.737,1.55,0.368,-0.002,0.0,-0.001,-0.0
9072007,1430,1.0,1.0,1.0,1.0,100.0,39.183,40.0,40.0,40.0,1.0,1.0,1540.264,364.275,0.012,11.747,0.0,80.0,55.0,1.4,2101.5,2158.417,2064.549,384.103,54.287,72.907,72.076,72.836,50.941,1.421,2.713,0.359,75.838,60.698,88.433,47.667,0.0,74.507,82.376,77.508,83.895,34.825,52.362,44.518,-10.82,48.25,95.75,72.0,74.688,54.688,55.656,0.0,45.938,72.0,70.0,1000.0,200.0,0.24,306.0,69.063,68.75,-0.052,71.875,71.25,54.719,55.469,0.0,44.063,72.0,70.0,1000.0,200.0,0.229,524.5,76.375,76.188,0.01,71.875,71.313,54.781,55.938,0.0,63.875,72.0,70.0,1000.0,200.0,0.344,641.5,76.0,76.438,0.021,71.5,68.625,55.063,56.281,0.0,63.313,72.0,70.0,1000.0,200.0,0.33,628.0,74.813,74.313,-0.004,1.0,1.0,1.0,1.0,1.0,1.0,1.0,1.0,1.0,1.0,1.0,1.0,1.0,1.0,1.0,1.0,12.605,12.64,11.737,12.319,1.0,1.0,1.0,1.0,1.0,1.0,1.0,1.0,1.0,1.0,1.0,1.0,1.0,1.0,1.0,1.0,333.75,524.5,525.0,532.5,303.25,529.5,528.0,521.5,-0.004,6.493,0.0,15.819,1.54,0.364,-0.002,0.0,-0.001,-0.0
9072007,1431,1.0,1.0,1.0,1.0,100.0,38.334,40.0,40.0,40.0,1.0,1.0,1551.977,365.447,0.012,11.747,0.0,80.0,55.0,1.4,2101.5,2138.177,2039.981,384.949,54.179,73.119,72.286,73.047,50.834,1.433,2.724,0.377,75.659,60.566,88.321,47.751,0.0,74.399,82.302,77.508,83.821,34.606,52.571,44.445,-10.828,48.313,95.688,72.0,74.563,54.688,55.656,0.0,46.344,72.0,70.0,1000.0,200.0,0.231,299.0,69.063,68.75,-0.052,71.875,71.125,54.719,55.594,0.0,45.313,72.0,70.0,1000.0,200.0,0.217,513.5,76.563,76.25,0.01,71.75,71.313,54.875,55.938,0.0,63.625,72.0,70.0,1000.0,200.0,0.345,642.0,76.0,76.438,0.015,71.688,68.625,55.125,56.281,0.0,63.031,72.0,70.0,1000.0,200.0,0.337,637.5,74.813,74.375,-0.004,1.0,1.0,1.0,1.0,1.0,1.0,1.0,1.0,1.0,1.0,1.0,1.0,1.0,1.0,1.0,1.0,12.626,12.656,11.755,12.335,1.0,1.0,1.0,1.0,1.0,1.0,1.0,1.0,1.0,1.0,1.0,1.0,1.0,1.0,1.0,1.0,334.0,524.5,525.5,532.0,303.0,529.0,528.0,521.5,-0.004,6.434,0.0,16.058,1.552,0.365,-0.002,0.0,-0.001,-0.0
9072007,1432,1.0,1.0,1.0,1.0,100.0,37.74,40.0,40.0,40.0,1.0,1.0,1508.638,365.447,0.012,11.792,0.0,80.0,55.0,1.4,2097.5,2141.549,2050.494,384.321,54.287,72.907,72.076,72.942,50.941,1.448,2.717,0.377,75.628,60.577,88.489,47.751,0.0,74.399,82.376,77.401,83.821,34.532,52.78,44.154,-10.82,48.531,95.625,72.0,74.125,54.688,55.75,0.0,46.688,72.0,70.0,1000.0,200.0,0.226,297.5,69.063,68.75,-0.052,71.875,71.563,54.969,55.594,0.0,45.0,72.0,70.0,1000.0,200.0,0.22,511.75,76.375,76.375,0.01,71.625,71.438,55.0,55.938,0.0,62.844,72.0,70.0,1000.0,200.0,0.345,641.5,76.0,76.438,0.017,71.688,68.688,55.125,56.281,0.0,62.781,72.0,70.0,1000.0,200.0,0.337,633.0,74.813,74.5,-0.004,1.0,1.0,1.0,1.0,1.0,1.0,1.0,1.0,1.0,1.0,1.0,1.0,1.0,1.0,1.0,1.0,12.635,12.662,11.752,12.335,1.0,1.0,1.0,1.0,1.0,1.0,1.0,1.0,1.0,1.0,1.0,1.0,1.0,1.0,1.0,1.0,333.75,524.5,525.0,532.0,303.25,528.0,527.5,522.0,-0.003,6.218,0.0,15.764,1.509,0.365,-0.002,0.0,-0.001,-0.0
9072007,1433,1.0,1.0,1.0,1.0,100.0,36.953,40.0,40.0,40.0,1.0,1.0,1541.435,370.132,0.012,11.703,0.0,80.0,55.0,1.4,2087.75,2151.667,2057.517,380.863,54.287,73.013,72.181,72.942,51.048,1.417,2.735,0.362,75.57,60.415,88.685,47.751,0.0,74.399,82.302,77.401,83.748,34.386,52.989,44.008,-10.82,48.594,95.75,72.0,74.188,54.781,55.75,0.0,46.625,72.0,70.0,1000.0,200.0,0.229,300.75,69.063,68.75,-0.052,71.875,71.313,54.969,55.594,0.0,45.406,72.0,70.0,1000.0,200.0,0.222,519.0,76.375,76.25,0.01,71.688,71.188,55.063,56.031,0.0,62.688,72.0,70.0,1000.0,200.0,0.345,641.0,76.0,76.438,0.015,71.688,68.688,55.125,56.375,0.0,61.938,72.0,70.0,1000.0,200.0,0.338,636.0,74.813,74.375,-0.004,1.0,1.0,1.0,1.0,1.0,1.0,1.0,1.0,1.0,1.0,1.0,1.0,1.0,1.0,1.0,1.0,12.64,12.67,11.759,12.346,1.0,1.0,1.0,1.0,1.0,1.0,1.0,1.0,1.0,1.0,1.0,1.0,1.0,1.0,1.0,1.0,334.0,524.5,525.5,531.5,303.25,527.5,527.5,521.5,-0.004,6.053,0.0,15.646,1.541,0.37,-0.002,0.0,-0.001,-0.0
9072007,1434,1.0,1.0,1.0,1.0,100.0,36.591,40.0,40.0,40.0,1.0,1.0,1535.578,359.59,0.012,11.852,0.0,80.0,55.0,1.4,2100.25,2163.482,2046.987,384.212,54.394,72.907,72.076,72.836,51.048,1.436,2.735,0.377,75.578,60.478,88.461,47.835,0.0,74.507,82.228,77.508,83.748,34.239,52.989,43.79,-10.82,48.438,95.688,72.125,74.188,54.906,55.75,0.0,45.906,72.0,70.0,1000.0,200.0,0.237,305.25,69.063,68.75,-0.052,71.875,71.0,55.031,55.688,0.0,44.906,72.0,70.0,1000.0,200.0,0.221,510.75,76.563,76.25,0.01,71.875,71.188,55.063,56.031,0.0,63.281,72.0,70.0,1000.0,200.0,0.354,652.5,76.0,76.313,0.017,71.688,68.625,55.219,56.375,0.0,61.25,72.0,70.0,1000.0,200.0,0.33,624.5,74.688,74.375,-0.004,1.0,1.0,1.0,1.0,1.0,1.0,1.0,1.0,1.0,1.0,1.0,1.0,1.0,1.0,1.0,1.0,12.651,12.678,11.765,12.354,1.0,1.0,1.0,1.0,1.0,1.0,1.0,1.0,1.0,1.0,1.0,1.0,1.0,1.0,1.0,1.0,334.5,524.5,525.0,531.5,303.25,528.5,527.5,522.0,-0.004,6.037,0.0,15.729,1.536,0.36,-0.002,0.0,-0.001,-0.0
9072007,1435,1.0,1.0,1.0,1.0,100.0,36.092,40.0,40.0,40.0,1.0,1.0,1530.893,360.761,0.012,11.688,0.0,80.0,55.0,1.4,2100.25,2153.354,2043.482,375.241,54.502,72.907,72.076,72.836,51.262,1.402,2.728,0.355,75.451,60.325,88.405,47.919,0.0,74.399,82.302,77.508,83.821,34.239,53.198,43.644,-10.82,48.594,95.688,72.0,74.188,54.906,55.75,0.0,47.125,72.0,70.0,1000.0,200.0,0.231,303.25,69.063,68.75,-0.052,71.875,71.25,55.031,55.781,0.0,43.563,72.0,70.0,1000.0,200.0,0.226,519.0,76.375,76.25,0.01,72.188,71.438,55.281,56.031,0.0,65.0,72.0,70.0,1000.0,200.0,0.344,642.0,76.0,76.438,0.021,71.5,68.625,55.219,56.375,0.0,60.906,72.0,70.0,1000.0,200.0,0.325,622.5,74.813,74.375,-0.004,1.0,1.0,1.0,1.0,1.0,1.0,1.0,1.0,1.0,1.0,1.0,1.0,1.0,1.0,1.0,1.0,12.651,12.681,11.757,12.358,1.0,1.0,1.0,1.0,1.0,1.0,1.0,1.0,1.0,1.0,1.0,1.0,1.0,1.0,1.0,1.0,334.25,524.5,525.0,531.5,303.25,528.5,527.0,522.0,-0.004,5.798,0.0,15.274,1.531,0.361,-0.002,0.0,-0.001,-0.0
9072007,1436,1.0,1.0,1.0,1.0,100.0,35.783,40.0,40.0,40.0,1.0,1.0,1534.407,357.247,0.022,11.822,0.0,80.0,55.0,1.4,2090.25,2136.492,2031.236,377.441,54.61,73.013,72.286,72.942,51.369,1.44,2.724,0.366,75.385,60.373,88.293,47.807,0.0,74.614,82.302,77.295,83.748,34.02,53.302,43.498,-10.82,48.375,95.563,72.0,74.875,55.094,55.875,0.0,46.125,72.0,70.0,1000.0,200.0,0.241,306.0,69.063,68.75,-0.052,72.125,71.25,55.125,55.781,0.0,45.344,72.0,70.0,1000.0,200.0,0.225,519.5,76.375,76.25,0.01,72.063,71.563,55.281,56.094,0.0,64.063,72.0,70.0,1000.0,200.0,0.346,639.0,76.0,76.313,0.02,71.813,68.813,55.406,56.563,0.0,61.219,72.0,70.0,1000.0,200.0,0.324,624.0,74.688,74.375,-0.004,1.0,1.0,1.0,1.0,1.0,1.0,1.0,1.0,1.0,1.0,1.0,1.0,1.0,1.0,1.0,1.0,12.642,12.672,11.751,12.351,1.0,1.0,1.0,1.0,1.0,1.0,1.0,1.0,1.0,1.0,1.0,1.0,1.0,1.0,1.0,1.0,334.25,524.5,525.0,531.5,303.25,528.0,527.5,521.5,-0.006,5.811,0.0,15.57,1.534,0.357,-0.002,0.0,-0.001,-0.0
9072007,1437,1.0,1.0,1.0,1.0,100.0,35.162,40.0,40.0,40.0,1.0,1.0,1535.578,366.618,0.022,11.777,0.0,80.0,55.0,1.4,2083.75,2156.729,2050.494,382.944,54.61,73.013,72.286,73.047,51.262,1.394,2.692,0.366,75.39,60.309,88.265,47.751,0.0,74.507,82.154,77.295,83.674,34.02,53.407,43.425,-10.82,48.313,95.5,72.0,74.688,55.094,55.938,0.0,47.031,72.0,70.0,1000.0,200.0,0.228,298.0,69.063,68.75,-0.052,72.125,71.0,55.125,55.781,0.0,45.344,72.0,70.0,1000.0,200.0,0.228,525.0,76.563,76.25,0.01,72.188,71.563,55.375,56.094,0.0,64.188,72.0,70.0,1000.0,200.0,0.353,651.5,76.0,76.438,0.021,71.688,68.813,55.406,56.563,0.0,61.25,72.0,70.0,1000.0,200.0,0.321,619.5,74.813,74.375,-0.004,1.0,1.0,1.0,1.0,1.0,1.0,1.0,1.0,1.0,1.0,1.0,1.0,1.0,1.0,1.0,1.0,12.651,12.684,11.765,12.361,1.0,1.0,1.0,1.0,1.0,1.0,1.0,1.0,1.0,1.0,1.0,1.0,1.0,1.0,1.0,1.0,334.25,524.5,525.5,531.5,303.25,528.0,527.5,521.5,-0.007,5.713,0.0,15.391,1.536,0.367,-0.002,0.0,-0.001,-0.0
9072007,1438,1.0,1.0,1.0,1.0,100.0,34.968,40.0,40.0,40.0,1.0,1.0,1513.324,360.761,0.012,11.673,0.0,80.0,55.0,1.4,2098.5,2153.354,2043.482,386.455,54.61,73.331,72.496,73.153,51.369,1.417,2.688,0.359,75.325,60.272,88.181,47.891,0.0,74.399,82.154,77.295,83.674,33.946,53.616,43.353,-10.82,48.219,95.438,71.938,74.438,55.094,55.875,0.0,46.656,72.0,70.0,1000.0,200.0,0.229,300.5,69.0,68.563,-0.052,72.0,71.125,55.125,55.781,0.0,45.063,72.0,70.0,1000.0,200.0,0.228,519.0,76.375,76.25,0.01,72.063,71.188,55.375,56.094,0.0,63.219,72.0,70.0,1000.0,200.0,0.35,648.0,76.0,76.313,0.02,71.688,68.813,55.406,56.563,0.0,60.469,72.0,70.0,1000.0,200.0,0.322,623.0,74.813,74.375,-0.004,1.0,1.0,1.0,1.0,1.0,1.0,1.0,1.0,1.0,1.0,1.0,1.0,1.0,1.0,1.0,1.0,12.63,12.661,11.747,12.336,1.0,1.0,1.0,1.0,1.0,1.0,1.0,1.0,1.0,1.0,1.0,1.0,1.0,1.0,1.0,1.0,333.5,524.5,525.5,531.5,303.25,528.0,527.0,521.5,-0.004,5.583,0.0,15.259,1.513,0.361,-0.003,0.0,-0.001,-0.0
9072007,1439,1.0,1.0,1.0,1.0,100.0,34.868,40.0,40.0,40.0,1.0,1.0,1533.236,358.419,0.022,11.747,0.0,80.0,55.0,1.4,2082.75,2131.438,2039.981,369.467,54.717,73.013,72.181,73.047,51.476,1.452,2.695,0.359,75.248,60.261,88.096,47.975,0.0,74.507,82.228,77.295,83.748,33.946,53.511,43.353,-10.82,48.375,95.375,71.938,73.938,55.188,56.125,0.0,46.531,72.0,70.0,1000.0,200.0,0.23,300.75,69.063,68.75,-0.052,72.0,71.313,55.219,55.906,0.0,44.719,72.0,70.0,1000.0,200.0,0.232,524.0,76.375,76.25,0.01,72.063,71.625,55.281,56.188,0.0,63.313,72.0,70.0,1000.0,200.0,0.341,639.0,76.125,76.313,0.021,71.688,68.875,55.563,56.688,0.0,61.719,72.0,70.0,1000.0,200.0,0.31,609.0,74.813,74.375,-0.004,1.0,1.0,1.0,1.0,1.0,1.0,1.0,1.0,1.0,1.0,1.0,1.0,1.0,1.0,1.0,1.0,12.627,12.67,11.747,12.348,1.0,1.0,1.0,1.0,1.0,1.0,1.0,1.0,1.0,1.0,1.0,1.0,1.0,1.0,1.0,1.0,333.75,524.5,525.5,531.0,303.25,529.0,527.0,521.5,-0.007,5.648,0.0,15.356,1.533,0.358,-0.002,0.0,-0.001,-0.0
9072007,1440,1.0,1.0,1.0,1.0,100.0,35.081,40.0,40.0,40.0,1.0,1.0,1513.324,358.419,0.012,11.822,0.0,80.0,55.0,1.4,2082.75,2155.042,2032.983,377.92,54.932,73.013,72.181,73.047,51.583,1.383,2.713,0.362,75.232,60.137,88.293,48.059,0.0,74.722,82.08,77.295,83.6,33.8,53.616,42.988,-10.82,48.625,95.375,72.0,73.938,55.281,56.125,0.0,47.0,72.0,70.0,1000.0,200.0,0.228,298.75,69.063,68.75,-0.052,72.125,71.563,55.219,56.094,0.0,44.531,72.0,70.0,1000.0,200.0,0.23,527.5,76.375,76.25,0.01,72.063,71.438,55.5,56.438,0.0,63.813,72.0,70.0,1000.0,200.0,0.34,640.5,76.0,76.438,0.021,71.5,68.875,55.563,56.688,0.0,59.719,72.0,70.0,1000.0,200.0,0.317,610.5,74.688,74.375,-0.004,1.0,1.0,1.0,1.0,1.0,1.0,1.0,1.0,1.0,1.0,1.0,1.0,1.0,1.0,1.0,1.0,12.616,12.653,11.739,12.327,1.0,1.0,1.0,1.0,1.0,1.0,1.0,1.0,1.0,1.0,1.0,1.0,1.0,1.0,1.0,1.0,333.5,524.5,525.0,531.0,303.0,528.5,527.0,522.0,-0.004,5.481,0.0,15.095,1.513,0.358,-0.002,0.0,-0.001,-0.0
9072007,1441,1.0,1.0,1.0,1.0,100.0,34.785,40.0,40.0,40.0,1.0,1.0,1544.949,361.933,0.012,11.747,0.0,80.0,55.0,1.4,2079.75,2173.617,2046.987,383.109,54.932,73.119,72.181,73.047,51.69,1.353,2.702,0.355,75.247,60.129,88.545,48.199,0.0,74.936,82.08,77.401,83.674,33.8,53.72,43.134,-10.82,48.875,95.375,72.0,74.125,55.281,56.25,0.0,47.625,72.0,70.0,1000.0,200.0,0.227,297.0,69.063,68.875,-0.052,72.25,71.25,55.219,55.906,0.0,45.781,72.0,70.0,1000.0,200.0,0.23,533.5,76.375,76.375,0.01,72.063,71.625,55.5,56.438,0.0,65.0,72.0,70.0,1000.0,200.0,0.356,655.5,76.0,76.438,0.02,71.5,68.813,55.563,56.781,0.0,61.438,72.0,70.0,1000.0,200.0,0.304,602.5,74.813,74.375,-0.004,1.0,1.0,1.0,1.0,1.0,1.0,1.0,1.0,1.0,1.0,1.0,1.0,1.0,1.0,1.0,1.0,12.61,12.635,11.727,12.311,1.0,1.0,1.0,1.0,1.0,1.0,1.0,1.0,1.0,1.0,1.0,1.0,1.0,1.0,1.0,1.0,333.5,524.5,525.0,531.0,303.25,527.5,527.0,521.5,-0.004,5.504,0.0,15.237,1.545,0.362,-0.001,0.0,-0.001,-0.0
9072007,1442,1.0,1.0,1.0,1.0,100.0,34.734,40.0,40.0,40.0,1.0,1.0,1512.152,354.905,0.022,11.807,0.0,80.0,55.0,1.4,2095.75,2148.293,2054.004,376.187,54.932,73.119,72.286,73.047,51.69,1.398,2.692,0.355,75.287,60.205,88.433,48.115,0.0,74.936,82.08,77.295,83.6,33.727,53.72,43.134,-10.82,48.594,95.438,72.125,73.938,55.281,56.125,0.0,46.5,72.0,70.0,1000.0,200.0,0.238,307.25,69.0,68.875,-0.052,72.25,71.25,55.344,56.094,0.0,45.594,72.0,70.0,1000.0,200.0,0.238,535.5,76.375,76.25,0.01,71.875,71.625,55.5,56.531,0.0,64.25,72.0,70.0,1000.0,200.0,0.346,642.0,76.0,76.438,0.018,71.5,68.875,55.688,56.781,0.0,58.969,72.0,70.0,1000.0,200.0,0.313,608.5,74.813,74.375,-0.004,1.0,1.0,1.0,1.0,1.0,1.0,1.0,1.0,1.0,1.0,1.0,1.0,1.0,1.0,1.0,1.0,12.614,12.65,11.737,12.322,1.0,1.0,1.0,1.0,1.0,1.0,1.0,1.0,1.0,1.0,1.0,1.0,1.0,1.0,1.0,1.0,333.5,524.5,525.5,531.0,303.25,527.0,526.5,522.0,-0.007,5.555,0.0,15.435,1.512,0.355,-0.001,0.0,-0.001,-0.0
9072007,1443,1.0,1.0,1.0,1.0,100.0,34.661,40.0,40.0,40.0,1.0,1.0,1507.467,353.734,0.022,11.807,0.0,80.0,55.0,1.4,2078.0,2143.234,2039.981,379.356,54.932,73.119,72.286,73.153,51.583,1.413,2.695,0.37,75.241,60.196,88.068,48.087,0.0,74.936,82.006,77.401,83.6,33.727,53.72,43.061,-10.828,48.594,95.313,72.313,74.25,55.281,56.25,0.0,47.469,72.0,70.0,1000.0,200.0,0.23,300.25,69.0,68.75,-0.052,72.125,71.313,55.344,56.094,0.0,45.219,72.0,70.0,1000.0,200.0,0.239,535.5,76.375,76.375,0.01,71.875,71.938,55.5,56.438,0.0,62.969,72.0,70.0,1000.0,200.0,0.345,642.0,76.0,76.438,0.021,71.5,68.875,55.688,56.844,0.0,60.594,72.0,70.0,1000.0,200.0,0.302,600.5,74.688,74.375,-0.004,1.0,1.0,1.0,1.0,1.0,1.0,1.0,1.0,1.0,1.0,1.0,1.0,1.0,1.0,1.0,1.0,12.604,12.63,11.734,12.311,1.0,1.0,1.0,1.0,1.0,1.0,1.0,1.0,1.0,1.0,1.0,1.0,1.0,1.0,1.0,1.0,333.5,524.5,525.0,530.5,303.25,528.5,526.5,522.0,-0.008,5.512,0.0,15.315,1.507,0.354,-0.002,0.0,-0.001,-0.0
9072007,1444,1.0,1.0,1.0,1.0,100.0,34.587,40.0,40.0,40.0,1.0,1.0,1540.264,360.761,0.012,11.777,0.0,80.0,55.0,1.4,2081.5,2160.105,2054.004,386.226,54.932,73.119,72.286,73.047,51.69,1.406,2.67,0.362,75.239,60.188,88.124,48.059,0.0,74.936,82.006,77.295,83.6,33.653,53.72,43.061,-10.828,48.625,95.25,72.313,74.563,55.406,56.25,0.0,47.75,72.0,70.0,1000.0,200.0,0.23,301.25,69.063,68.75,-0.052,72.125,71.75,55.531,56.094,0.0,46.219,72.0,70.0,1000.0,200.0,0.238,533.5,76.375,76.25,0.01,72.313,71.625,55.5,56.531,0.0,64.5,72.0,70.0,1000.0,200.0,0.353,653.5,76.0,76.438,0.021,71.813,69.063,55.688,56.844,0.0,61.313,72.0,70.0,1000.0,200.0,0.299,598.0,74.688,74.375,-0.004,1.0,1.0,1.0,1.0,1.0,1.0,1.0,1.0,1.0,1.0,1.0,1.0,1.0,1.0,1.0,1.0,12.599,12.627,11.726,12.311,1.0,1.0,1.0,1.0,1.0,1.0,1.0,1.0,1.0,1.0,1.0,1.0,1.0,1.0,1.0,1.0,333.5,524.0,525.0,530.5,303.25,528.5,527.0,522.0,-0.004,5.521,0.0,15.398,1.54,0.361,-0.002,0.0,-0.001,-0.0
9072007,1445,1.0,1.0,1.0,1.0,100.0,34.519,40.0,40.0,40.0,1.0,1.0,1503.953,358.419,0.022,11.762,0.0,80.0,55.0,1.4,2081.5,2146.607,2041.731,385.013,54.932,73.119,72.286,73.047,51.69,1.41,2.684,0.362,75.243,60.197,87.956,48.143,0.0,74.936,82.08,77.295,83.6,33.653,53.72,43.061,-10.82,48.406,95.125,72.313,74.188,55.406,56.25,0.0,46.844,72.0,70.0,1000.0,200.0,0.241,307.25,69.063,68.563,-0.052,72.125,71.875,55.531,56.188,0.0,46.031,72.0,70.0,1000.0,200.0,0.238,534.0,76.375,76.25,0.01,71.875,71.625,55.625,56.531,0.0,65.125,72.0,70.0,1000.0,200.0,0.349,644.5,76.0,76.438,0.017,71.813,69.063,55.75,56.844,0.0,60.156,72.0,70.0,1000.0,200.0,0.308,604.5,74.813,74.375,-0.004,1.0,1.0,1.0,1.0,1.0,1.0,1.0,1.0,1.0,1.0,1.0,1.0,1.0,1.0,1.0,1.0,12.596,12.625,11.724,12.3,1.0,1.0,1.0,1.0,1.0,1.0,1.0,1.0,1.0,1.0,1.0,1.0,1.0,1.0,1.0,1.0,333.5,524.5,525.0,530.5,303.25,528.5,527.0,522.0,-0.007,5.514,0.0,15.378,1.504,0.358,-0.004,0.0,-0.001,-0.0
9072007,1446,1.0,1.0,1.0,1.0,100.0,34.919,40.0,40.0,40.0,1.0,1.0,1533.236,363.104,0.012,11.792,0.0,80.0,55.0,1.4,2084.75,2170.238,2054.004,383.65,54.825,73.331,72.707,73.047,51.69,1.372,2.699,0.351,75.314,60.193,88.068,48.171,0.0,74.829,82.006,77.295,83.6,33.653,53.616,42.988,-10.82,48.625,95.188,72.125,74.125,55.406,56.25,0.0,46.688,72.0,70.0,1000.0,200.0,0.241,306.75,69.063,68.563,-0.052,72.125,71.875,55.531,56.094,0.0,46.813,72.0,70.0,1000.0,200.0,0.236,531.5,76.375,76.375,0.01,72.188,71.625,55.625,56.531,0.0,65.25,72.0,70.0,1000.0,200.0,0.356,654.0,76.125,76.438,0.017,71.813,69.188,55.75,56.969,0.0,60.313,72.0,70.0,1000.0,200.0,0.303,603.0,74.688,74.375,-0.004,1.0,1.0,1.0,1.0,1.0,1.0,1.0,1.0,1.0,1.0,1.0,1.0,1.0,1.0,1.0,1.0,12.599,12.632,11.732,12.31,1.0,1.0,1.0,1.0,1.0,1.0,1.0,1.0,1.0,1.0,1.0,1.0,1.0,1.0,1.0,1.0,333.25,524.0,525.0,530.5,303.25,527.5,526.5,522.0,-0.004,5.514,0.0,15.298,1.533,0.363,-0.004,0.0,-0.001,-0.0
9072007,1447,1.0,1.0,1.0,1.0,100.0,34.417,40.0,40.0,40.0,1.0,1.0,1519.18,364.275,0.012,11.732,0.0,80.0,55.0,1.4,2096.0,2161.793,2039.981,384.283,54.932,73.437,72.601,73.259,51.69,1.387,2.688,0.355,75.29,60.228,88.209,48.199,0.0,75.044,81.932,77.295,83.526,33.58,53.825,42.988,-10.82,48.625,95.25,72.125,74.188,55.406,56.344,0.0,47.125,72.0,70.0,1000.0,200.0,0.241,307.25,69.0,68.563,-0.052,72.25,71.875,55.531,56.188,0.0,47.063,72.0,70.0,1000.0,200.0,0.237,532.5,76.375,76.25,0.01,72.188,71.625,55.625,56.531,0.0,65.313,72.0,70.0,1000.0,200.0,0.361,656.0,76.0,76.438,0.019,71.813,69.188,55.75,56.969,0.0,61.375,72.0,70.0,1000.0,200.0,0.299,596.0,74.688,74.375,-0.004,1.0,1.0,1.0,1.0,1.0,1.0,1.0,1.0,1.0,1.0,1.0,1.0,1.0,1.0,1.0,1.0,12.601,12.637,11.727,12.313,1.0,1.0,1.0,1.0,1.0,1.0,1.0,1.0,1.0,1.0,1.0,1.0,1.0,1.0,1.0,1.0,333.25,524.0,525.0,530.5,303.25,528.0,526.5,522.0,-0.004,5.452,0.0,15.34,1.519,0.364,-0.003,0.0,-0.001,-0.0
9072007,1448,1.0,1.0,1.0,1.0,100.0,34.882,40.0,40.0,40.0,1.0,1.0,1529.722,364.275,0.012,11.747,0.0,80.0,55.0,1.4,2095.25,2180.378,2050.494,385.781,54.825,73.225,72.391,73.153,51.798,1.356,2.666,0.359,75.387,60.242,87.9,48.143,0.0,75.044,81.932,77.295,83.526,33.58,53.616,42.988,-10.82,48.406,95.0,72.125,74.25,55.5,56.344,0.0,47.219,72.0,70.0,1000.0,200.0,0.237,304.25,69.0,68.75,-0.052,72.25,71.75,55.531,56.188,0.0,46.781,72.0,70.0,1000.0,200.0,0.244,545.5,76.375,76.375,0.01,71.875,71.563,55.656,56.531,0.0,65.25,72.0,70.0,1000.0,200.0,0.357,653.0,76.0,76.438,0.02,71.813,69.188,55.75,56.969,0.0,59.938,72.0,70.0,1000.0,200.0,0.304,600.5,74.688,74.375,-0.004,1.0,1.0,1.0,1.0,1.0,1.0,1.0,1.0,1.0,1.0,1.0,1.0,1.0,1.0,1.0,1.0,12.607,12.64,11.729,12.318,1.0,1.0,1.0,1.0,1.0,1.0,1.0,1.0,1.0,1.0,1.0,1.0,1.0,1.0,1.0,1.0,333.25,524.0,525.0,530.5,303.25,528.5,527.0,521.5,-0.004,5.516,0.0,15.359,1.53,0.364,-0.002,0.0,-0.001,-0.0
9072007,1449,1.0,1.0,1.0,1.0,100.0,34.465,40.0,40.0,40.0,1.0,1.0,1543.778,359.59,0.022,11.703,0.0,80.0,55.0,1.4,2094.5,2183.76,2057.517,381.721,54.932,73.225,72.391,73.153,51.69,1.364,2.692,0.362,75.372,60.277,88.04,48.087,0.0,75.044,82.006,77.189,83.526,33.507,53.72,42.988,-10.82,48.406,95.125,72.125,74.438,55.5,56.344,0.0,47.094,72.0,70.0,1000.0,200.0,0.239,305.5,69.0,68.75,-0.052,72.25,71.875,55.531,56.188,0.0,47.75,72.0,70.0,1000.0,200.0,0.244,539.5,76.375,76.25,0.01,72.188,71.563,55.5,56.531,0.0,65.688,72.0,70.0,1000.0,200.0,0.366,664.5,76.0,76.438,0.02,71.938,69.188,55.75,56.969,0.0,61.469,72.0,70.0,1000.0,200.0,0.295,596.0,74.688,74.375,-0.004,1.0,1.0,1.0,1.0,1.0,1.0,1.0,1.0,1.0,1.0,1.0,1.0,1.0,1.0,1.0,1.0,12.593,12.63,11.726,12.308,1.0,1.0,1.0,1.0,1.0,1.0,1.0,1.0,1.0,1.0,1.0,1.0,1.0,1.0,1.0,1.0,333.25,524.0,525.0,530.0,303.25,527.5,527.0,521.5,-0.007,5.489,0.0,15.421,1.544,0.36,-0.002,0.0,-0.001,-0.0
9072007,1450,1.0,1.0,1.0,1.0,100.0,34.705,40.0,40.0,40.0,1.0,1.0,1556.662,365.447,0.022,11.837,0.0,80.0,55.0,1.4,2110.25,2193.911,2069.83,386.44,55.04,73.225,72.391,73.153,51.798,1.36,2.699,0.348,75.507,60.355,88.012,48.255,0.0,75.259,81.932,77.083,83.526,33.58,53.825,43.061,-10.828,48.438,94.938,72.125,74.188,55.5,56.344,0.0,47.438,72.0,70.0,1000.0,200.0,0.236,303.75,69.0,68.563,-0.052,72.25,71.688,55.531,56.188,0.0,47.188,72.0,70.0,1000.0,200.0,0.254,554.5,76.375,76.375,0.01,72.063,71.938,55.625,56.594,0.0,66.188,72.0,70.0,1000.0,200.0,0.361,658.0,76.0,76.438,0.021,71.813,69.188,55.844,56.969,0.0,59.25,72.0,70.0,1000.0,200.0,0.302,596.5,74.688,74.375,-0.004,1.0,1.0,1.0,1.0,1.0,1.0,1.0,1.0,1.0,1.0,1.0,1.0,1.0,1.0,1.0,1.0,12.597,12.637,11.737,12.315,1.0,1.0,1.0,1.0,1.0,1.0,1.0,1.0,1.0,1.0,1.0,1.0,1.0,1.0,1.0,1.0,333.75,524.0,525.0,530.0,303.25,528.5,526.5,521.5,-0.007,5.543,0.0,15.597,1.557,0.365,-0.003,0.0,-0.001,-0.0
9072007,1451,1.0,1.0,1.0,1.0,100.0,35.024,40.0,40.0,40.0,1.0,1.0,1525.037,364.275,0.012,11.732,0.0,80.0,55.0,1.4,2110.25,2166.859,2048.741,392.255,55.148,73.331,72.496,73.259,51.798,1.402,2.688,0.359,75.504,60.381,88.237,48.171,0.0,75.473,81.858,77.189,83.304,33.727,53.72,43.061,-10.82,48.438,95.063,72.313,73.938,55.5,56.344,0.0,47.031,72.0,70.0,1000.0,200.0,0.241,307.25,69.0,68.75,-0.052,72.25,71.875,55.625,56.188,0.0,47.344,72.0,70.0,1000.0,200.0,0.256,555.5,76.375,76.25,0.01,71.75,72.125,55.656,56.594,0.0,64.375,72.0,70.0,1000.0,200.0,0.349,643.0,76.0,76.438,0.021,71.813,69.25,55.844,57.188,0.0,59.844,72.0,70.0,1000.0,200.0,0.296,596.5,74.688,74.375,-0.004,1.0,1.0,1.0,1.0,1.0,1.0,1.0,1.0,1.0,1.0,1.0,1.0,1.0,1.0,1.0,1.0,12.597,12.637,11.73,12.315,1.0,1.0,1.0,1.0,1.0,1.0,1.0,1.0,1.0,1.0,1.0,1.0,1.0,1.0,1.0,1.0,333.5,523.5,525.0,530.0,303.25,528.0,526.5,521.5,-0.004,5.477,0.0,15.218,1.525,0.364,-0.002,0.0,-0.001,-0.0
9072007,1452,1.0,1.0,1.0,1.0,100.0,34.891,40.0,40.0,40.0,1.0,1.0,1546.12,367.789,0.012,11.777,0.0,80.0,55.0,1.4,2108.5,2200.683,2062.79,392.398,55.04,73.437,72.601,73.259,51.798,1.345,2.713,0.362,75.508,60.391,87.9,48.115,0.0,75.366,81.858,77.189,83.452,33.653,53.825,43.061,-10.828,48.344,94.938,72.313,74.688,55.5,56.344,0.0,47.0,72.0,70.0,1000.0,200.0,0.241,306.5,69.063,68.75,-0.052,72.25,71.75,55.75,56.188,0.0,47.813,72.0,70.0,1000.0,200.0,0.249,550.5,76.375,76.25,0.01,72.188,71.938,55.656,56.594,0.0,65.438,72.0,70.0,1000.0,200.0,0.362,662.5,75.938,76.438,0.019,71.813,69.188,55.844,56.969,0.0,59.5,72.0,70.0,1000.0,200.0,0.295,594.5,74.688,74.375,-0.004,1.0,1.0,1.0,1.0,1.0,1.0,1.0,1.0,1.0,1.0,1.0,1.0,1.0,1.0,1.0,1.0,12.618,12.665,11.751,12.34,1.0,1.0,1.0,1.0,1.0,1.0,1.0,1.0,1.0,1.0,1.0,1.0,1.0,1.0,1.0,1.0,334.0,524.0,525.0,530.0,303.25,528.5,526.5,521.5,-0.004,5.493,0.0,15.398,1.546,0.368,-0.002,0.0,-0.001,-0.0
9072007,1453,1.0,1.0,1.0,1.0,100.0,35.219,40.0,40.0,40.0,1.0,1.0,1539.092,360.761,0.022,11.747,0.0,80.0,55.0,1.4,2118.25,2188.835,2055.76,392.287,55.148,73.331,72.496,73.259,51.798,1.383,2.717,0.359,75.582,60.468,87.816,48.031,0.0,75.259,81.858,77.189,83.378,33.653,53.825,43.061,-10.82,48.188,94.938,72.125,74.188,55.5,56.344,0.0,47.438,72.0,70.0,1000.0,200.0,0.238,306.25,69.063,68.75,-0.052,72.125,71.75,55.625,56.313,0.0,47.656,72.0,70.0,1000.0,200.0,0.251,546.0,76.375,76.375,0.01,72.063,71.938,55.875,56.594,0.0,65.25,72.0,70.0,1000.0,200.0,0.37,665.0,76.0,76.438,0.018,71.813,69.188,55.844,56.969,0.0,59.375,72.0,70.0,1000.0,200.0,0.294,594.0,74.688,74.375,-0.004,1.0,1.0,1.0,1.0,1.0,1.0,1.0,1.0,1.0,1.0,1.0,1.0,1.0,1.0,1.0,1.0,12.616,12.65,11.734,12.33,1.0,1.0,1.0,1.0,1.0,1.0,1.0,1.0,1.0,1.0,1.0,1.0,1.0,1.0,1.0,1.0,333.75,524.0,525.0,530.0,303.5,528.0,527.0,521.5,-0.007,5.479,0.0,15.359,1.539,0.361,-0.002,0.0,-0.001,-0.0
9072007,1454,1.0,1.0,1.0,1.0,100.0,35.381,40.0,40.0,40.0,1.0,1.0,1561.347,359.59,0.012,11.747,0.0,80.0,55.0,1.4,2111.0,2188.835,2062.79,391.282,55.148,73.225,72.391,73.259,51.798,1.391,2.71,0.366,75.651,60.514,87.844,48.087,0.0,75.151,81.784,77.189,83.304,33.58,53.72,43.061,-10.82,48.219,94.813,72.125,74.25,55.5,56.438,0.0,47.344,72.0,70.0,1000.0,200.0,0.247,311.0,69.0,68.75,-0.052,72.25,71.75,55.625,56.313,0.0,47.188,72.0,70.0,1000.0,200.0,0.255,551.0,76.375,76.25,0.01,72.063,71.625,55.656,56.594,0.0,65.0,72.0,70.0,1000.0,200.0,0.364,659.5,76.0,76.313,0.018,71.938,69.188,56.063,57.188,0.0,58.875,72.0,70.0,1000.0,200.0,0.294,594.0,74.563,74.375,-0.004,1.0,1.0,1.0,1.0,1.0,1.0,1.0,1.0,1.0,1.0,1.0,1.0,1.0,1.0,1.0,1.0,12.634,12.665,11.751,12.34,1.0,1.0,1.0,1.0,1.0,1.0,1.0,1.0,1.0,1.0,1.0,1.0,1.0,1.0,1.0,1.0,334.25,524.0,525.0,530.0,303.0,528.5,526.5,521.5,-0.004,5.53,0.0,15.478,1.561,0.36,-0.002,0.0,-0.001,-0.0
9072007,1455,1.0,1.0,1.0,1.0,100.0,35.493,40.0,40.0,40.0,1.0,1.0,1554.319,368.96,0.012,11.792,0.0,80.0,55.0,1.4,2101.0,2192.219,2061.031,382.901,55.148,73.331,72.496,73.259,51.69,1.353,2.702,0.355,75.642,60.464,87.648,48.087,0.0,75.151,81.858,77.189,83.304,33.507,53.825,42.988,-10.82,48.125,94.813,72.125,74.25,55.5,56.344,0.0,48.094,72.0,70.0,1000.0,200.0,0.235,302.0,69.0,68.75,-0.052,72.438,72.25,55.625,56.188,0.0,47.969,72.0,70.0,1000.0,200.0,0.262,566.0,76.375,76.375,0.01,72.063,71.813,55.656,56.531,0.0,66.063,72.0,70.0,1000.0,200.0,0.362,660.0,76.0,76.438,0.018,71.813,69.25,55.844,57.188,0.0,60.094,72.0,70.0,1000.0,200.0,0.291,589.5,74.688,74.375,-0.004,1.0,1.0,1.0,1.0,1.0,1.0,1.0,1.0,1.0,1.0,1.0,1.0,1.0,1.0,1.0,1.0,12.64,12.681,11.757,12.358,1.0,1.0,1.0,1.0,1.0,1.0,1.0,1.0,1.0,1.0,1.0,1.0,1.0,1.0,1.0,1.0,334.25,523.5,525.0,530.0,303.0,528.5,527.0,521.5,-0.004,5.503,0.0,15.538,1.554,0.369,-0.002,0.0,-0.001,-0.0
9072007,1456,1.0,1.0,1.0,1.0,100.0,35.329,40.0,40.0,40.0,1.0,1.0,1529.722,367.789,0.012,11.822,0.0,80.0,55.0,1.4,2101.0,2171.927,2055.76,388.094,55.04,73.331,72.496,73.259,51.798,1.44,2.731,0.373,75.672,60.623,87.592,48.087,0.0,75.259,81.71,77.189,83.304,33.58,53.72,43.061,-10.82,47.906,94.688,72.0,74.188,55.5,56.344,0.0,46.781,72.0,70.0,1000.0,200.0,0.248,312.75,69.0,68.563,-0.052,72.313,72.25,55.625,56.188,0.0,47.469,72.0,70.0,1000.0,200.0,0.265,561.5,76.375,76.375,0.01,71.688,71.813,55.656,56.594,0.0,64.125,72.0,70.0,1000.0,200.0,0.354,644.0,76.0,76.313,0.021,71.813,69.25,55.844,57.188,0.0,58.5,72.0,70.0,1000.0,200.0,0.295,593.0,74.563,74.375,-0.004,1.0,1.0,1.0,1.0,1.0,1.0,1.0,1.0,1.0,1.0,1.0,1.0,1.0,1.0,1.0,1.0,12.637,12.675,11.752,12.349,1.0,1.0,1.0,1.0,1.0,1.0,1.0,1.0,1.0,1.0,1.0,1.0,1.0,1.0,1.0,1.0,334.0,523.5,525.0,530.0,303.25,528.5,527.0,521.5,-0.004,5.565,0.0,15.577,1.53,0.368,-0.003,0.0,-0.001,-0.0
9072007,1457,1.0,1.0,1.0,1.0,100.0,35.14,40.0,40.0,40.0,1.0,1.0,1554.319,366.618,0.012,11.792,0.0,80.0,55.0,1.4,2107.25,2182.069,2064.549,388.205,54.932,73.437,72.601,73.259,51.69,1.394,2.702,0.37,75.66,60.503,87.732,47.891,0.0,75.151,81.71,77.083,83.304,33.58,53.72,43.061,-10.82,48.219,94.625,71.938,74.25,55.5,56.438,0.0,47.438,72.0,70.0,1000.0,200.0,0.237,304.5,69.0,68.563,-0.052,72.313,72.188,55.625,56.188,0.0,47.875,72.0,70.0,1000.0,200.0,0.265,568.0,76.375,76.25,0.01,71.75,71.625,55.656,56.594,0.0,63.563,72.0,70.0,1000.0,200.0,0.351,648.0,76.0,76.313,0.017,71.813,69.25,55.844,57.188,0.0,59.781,72.0,70.0,1000.0,200.0,0.282,580.0,74.563,74.375,-0.004,1.0,1.0,1.0,1.0,1.0,1.0,1.0,1.0,1.0,1.0,1.0,1.0,1.0,1.0,1.0,1.0,12.637,12.675,11.749,12.349,1.0,1.0,1.0,1.0,1.0,1.0,1.0,1.0,1.0,1.0,1.0,1.0,1.0,1.0,1.0,1.0,334.25,524.0,525.5,529.5,303.25,528.5,527.0,521.5,-0.004,5.551,0.0,15.538,1.554,0.367,-0.003,0.0,-0.001,-0.0
9072007,1458,1.0,1.0,1.0,1.0,100.0,35.423,40.0,40.0,40.0,1.0,1.0,1542.606,356.076,0.022,11.762,0.0,80.0,55.0,1.4,2100.5,2170.238,2061.031,384.93,55.04,73.331,72.496,73.259,51.798,1.421,2.717,0.37,75.644,60.534,87.704,47.891,0.0,75.044,81.784,77.189,83.23,33.58,53.825,43.061,-10.82,48.156,94.688,72.0,74.563,55.5,56.438,0.0,47.406,72.0,70.0,1000.0,200.0,0.237,305.5,69.0,68.563,-0.052,72.25,71.875,55.625,56.313,0.0,48.406,72.0,70.0,1000.0,200.0,0.263,562.0,76.375,76.375,0.01,71.75,71.625,55.656,56.594,0.0,63.844,72.0,70.0,1000.0,200.0,0.343,640.0,76.0,76.438,0.015,71.813,69.188,56.063,57.188,0.0,58.781,72.0,70.0,1000.0,200.0,0.295,593.0,74.688,74.313,-0.004,1.0,1.0,1.0,1.0,1.0,1.0,1.0,1.0,1.0,1.0,1.0,1.0,1.0,1.0,1.0,1.0,12.627,12.673,11.745,12.349,1.0,1.0,1.0,1.0,1.0,1.0,1.0,1.0,1.0,1.0,1.0,1.0,1.0,1.0,1.0,1.0,333.75,524.0,525.5,529.5,303.25,528.5,527.0,521.5,-0.007,5.508,0.0,15.498,1.543,0.356,-0.003,0.0,-0.001,-0.0
9072007,1459,1.0,1.0,1.0,1.0,100.0,35.453,40.0,40.0,40.0,1.0,1.0,1550.805,367.789,0.012,11.747,0.0,80.0,55.0,1.4,2091.25,2171.927,2061.031,387.17,55.04,73.331,72.391,73.259,51.798,1.413,2.731,0.377,75.601,60.476,87.816,47.975,0.0,75.151,81.562,76.977,83.23,33.507,53.72,42.988,-10.82,48.313,94.75,71.938,74.125,55.406,56.344,0.0,47.094,72.0,70.0,1000.0,200.0,0.239,305.25,69.0,68.75,-0.052,72.125,71.875,55.625,56.188,0.0,48.281,72.0,70.0,1000.0,200.0,0.263,560.5,76.375,76.25,0.01,72.063,71.313,55.656,56.594,0.0,64.813,72.0,70.0,1000.0,200.0,0.35,647.5,76.0,76.313,0.017,71.938,69.25,55.844,57.188,0.0,60.156,72.0,70.0,1000.0,200.0,0.283,581.5,74.563,74.375,-0.004,1.0,1.0,1.0,1.0,1.0,1.0,1.0,1.0,1.0,1.0,1.0,1.0,1.0,1.0,1.0,1.0,12.629,12.673,11.747,12.349,1.0,1.0,1.0,1.0,1.0,1.0,1.0,1.0,1.0,1.0,1.0,1.0,1.0,1.0,1.0,1.0,334.0,524.0,525.0,529.5,303.25,528.0,527.0,521.5,-0.004,5.51,0.0,15.479,1.551,0.368,-0.002,0.0,-0.001,-0.0
9072007,1500,1.0,1.0,1.0,1.0,100.0,35.526,40.0,40.0,40.0,1.0,1.0,1568.375,372.474,0.012,11.747,0.0,80.0,55.0,1.4,2098.75,2198.99,2061.031,392.587,55.04,73.331,72.391,73.259,51.798,1.383,2.702,0.359,75.616,60.493,87.788,48.059,0.0,75.044,81.71,76.977,83.23,33.58,53.825,43.061,-10.82,48.125,94.75,72.0,74.188,55.5,56.438,0.0,47.781,72.0,70.0,1000.0,200.0,0.235,302.0,69.0,68.563,-0.052,72.25,71.75,55.625,56.188,0.0,48.0,72.0,70.0,1000.0,200.0,0.269,570.5,76.375,76.375,0.01,72.188,71.563,55.875,56.594,0.0,64.688,72.0,70.0,1000.0,200.0,0.362,658.5,76.0,76.438,0.019,71.813,69.438,55.844,57.188,0.0,60.25,72.0,70.0,1000.0,200.0,0.283,580.5,74.688,74.375,-0.004,1.0,1.0,1.0,1.0,1.0,1.0,1.0,1.0,1.0,1.0,1.0,1.0,1.0,1.0,1.0,1.0,12.638,12.683,11.754,12.354,1.0,1.0,1.0,1.0,1.0,1.0,1.0,1.0,1.0,1.0,1.0,1.0,1.0,1.0,1.0,1.0,334.25,523.5,525.0,529.5,303.25,528.5,527.0,521.5,-0.004,5.501,0.0,15.478,1.568,0.372,-0.003,0.0,-0.001,-0.0
9072007,1501,1.0,1.0,1.0,1.0,100.0,35.58,40.0,40.0,40.0,1.0,1.0,1542.606,363.104,0.022,11.777,0.0,80.0,55.0,1.4,2098.75,2175.307,2066.309,388.354,55.04,73.437,72.601,73.364,51.69,1.391,2.699,0.37,75.621,60.532,87.451,48.143,0.0,74.936,81.562,77.189,83.23,33.58,53.72,43.061,-10.82,47.875,94.688,72.0,74.188,55.5,56.438,0.0,47.531,72.0,70.0,1000.0,200.0,0.235,302.75,69.0,68.75,-0.052,72.25,71.688,55.531,56.188,0.0,48.406,72.0,70.0,1000.0,200.0,0.267,569.0,76.375,76.375,0.01,72.188,71.563,55.875,56.594,0.0,65.563,72.0,70.0,1000.0,200.0,0.359,656.0,76.0,76.313,0.021,71.813,69.438,55.844,57.188,0.0,59.188,72.0,70.0,1000.0,200.0,0.282,580.0,74.563,74.375,-0.004,1.0,1.0,1.0,1.0,1.0,1.0,1.0,1.0,1.0,1.0,1.0,1.0,1.0,1.0,1.0,1.0,12.634,12.67,11.743,12.349,1.0,1.0,1.0,1.0,1.0,1.0,1.0,1.0,1.0,1.0,1.0,1.0,1.0,1.0,1.0,1.0,333.75,524.0,525.5,529.5,303.25,528.5,527.0,521.5,-0.008,5.544,0.0,15.518,1.543,0.363,-0.002,0.0,-0.001,-0.0
9072007,1502,1.0,1.0,1.0,1.0,100.0,35.418,40.0,40.0,40.0,1.0,1.0,1562.518,366.618,0.022,11.747,0.0,80.0,55.0,1.4,2112.75,2175.307,2052.249,392.865,54.932,73.225,72.496,73.259,51.69,1.444,2.753,0.362,75.555,60.501,87.592,48.003,0.0,74.829,81.562,77.083,83.23,33.507,53.616,43.061,-10.82,48.031,94.563,72.0,74.25,55.5,56.344,0.0,47.469,72.0,70.0,1000.0,200.0,0.238,305.25,69.0,68.563,-0.052,72.125,71.563,55.625,56.188,0.0,48.531,72.0,70.0,1000.0,200.0,0.266,564.5,76.375,76.375,0.01,71.875,71.438,55.656,56.594,0.0,64.125,72.0,70.0,1000.0,200.0,0.355,651.0,76.0,76.438,0.017,71.688,69.25,55.844,57.188,0.0,58.906,72.0,70.0,1000.0,200.0,0.282,581.5,74.563,74.375,-0.004,1.0,1.0,1.0,1.0,1.0,1.0,1.0,1.0,1.0,1.0,1.0,1.0,1.0,1.0,1.0,1.0,12.63,12.668,11.742,12.346,1.0,1.0,1.0,1.0,1.0,1.0,1.0,1.0,1.0,1.0,1.0,1.0,1.0,1.0,1.0,1.0,333.75,524.0,525.5,529.5,303.0,528.0,527.5,521.0,-0.008,5.581,0.0,15.598,1.563,0.367,-0.003,0.0,-0.001,-0.0
9072007,1503,1.0,1.0,1.0,1.0,100.0,35.868,40.0,40.0,40.0,1.0,1.0,1549.634,359.59,0.012,11.822,0.0,80.0,55.0,1.4,2099.5,2171.927,2048.741,393.567,55.148,73.437,72.601,73.364,51.798,1.421,2.713,0.37,75.516,60.415,87.592,48.003,0.0,75.151,81.636,76.977,83.157,33.58,53.616,43.061,-10.82,48.031,94.625,72.0,74.563,55.406,56.344,0.0,47.5,72.0,70.0,1000.0,200.0,0.238,305.25,69.0,68.563,-0.052,72.0,71.75,55.531,56.188,0.0,48.281,72.0,70.0,1000.0,200.0,0.263,561.5,76.375,76.375,0.01,71.875,71.563,55.656,56.719,0.0,63.875,72.0,70.0,1000.0,200.0,0.354,649.0,76.0,76.438,0.017,71.813,69.25,55.844,57.188,0.0,58.375,72.0,70.0,1000.0,200.0,0.283,581.5,74.563,74.313,-0.004,1.0,1.0,1.0,1.0,1.0,1.0,1.0,1.0,1.0,1.0,1.0,1.0,1.0,1.0,1.0,1.0,12.626,12.663,11.742,12.341,1.0,1.0,1.0,1.0,1.0,1.0,1.0,1.0,1.0,1.0,1.0,1.0,1.0,1.0,1.0,1.0,333.75,524.0,525.5,529.0,303.25,528.5,527.5,521.0,-0.004,5.594,0.0,15.577,1.55,0.36,-0.003,0.0,-0.001,-0.0
9072007,1504,1.0,1.0,1.0,1.0,100.0,35.918,40.0,40.0,40.0,1.0,1.0,1549.634,359.59,0.012,11.732,0.0,80.0,55.0,1.4,2089.0,2192.219,2059.274,391.435,55.04,73.225,72.391,73.259,51.583,1.368,2.699,0.362,75.526,60.382,87.788,48.031,0.0,74.936,81.488,76.977,83.157,33.58,53.511,43.061,-10.82,48.375,94.688,72.0,74.188,55.406,56.344,0.0,47.656,72.0,70.0,1000.0,200.0,0.234,301.75,69.0,68.75,-0.052,72.125,72.0,55.531,56.188,0.0,48.344,72.0,70.0,1000.0,200.0,0.267,568.0,76.25,76.375,0.01,72.313,71.188,55.656,56.719,0.0,65.375,72.0,70.0,1000.0,200.0,0.357,657.0,76.0,76.313,0.019,71.938,69.5,55.844,57.188,0.0,59.469,72.0,70.0,1000.0,200.0,0.278,576.5,74.563,74.375,-0.004,1.0,1.0,1.0,1.0,1.0,1.0,1.0,1.0,1.0,1.0,1.0,1.0,1.0,1.0,1.0,1.0,12.614,12.653,11.74,12.327,1.0,1.0,1.0,1.0,1.0,1.0,1.0,1.0,1.0,1.0,1.0,1.0,1.0,1.0,1.0,1.0,333.75,524.0,525.5,529.5,303.25,528.5,527.5,521.0,-0.004,5.581,0.0,15.459,1.55,0.36,-0.002,-0.0,-0.001,-0.0
9072007,1505,1.0,1.0,1.0,1.0,100.0,36.187,40.0,40.0,40.0,1.0,1.0,1509.81,366.618,0.022,11.837,0.0,80.0,55.0,1.4,2104.25,2173.617,2054.004,385.076,55.255,73.119,72.286,73.047,51.798,1.394,2.717,0.362,75.524,60.427,87.816,48.031,0.0,75.259,81.562,76.977,83.083,33.58,53.72,43.061,-10.82,48.344,94.688,72.0,73.938,55.406,56.438,0.0,47.844,72.0,70.0,1000.0,200.0,0.236,303.0,69.0,68.563,-0.052,72.313,71.875,55.625,56.188,0.0,48.969,72.0,70.0,1000.0,200.0,0.263,564.5,76.375,76.375,0.01,72.063,71.438,55.656,56.719,0.0,65.0,72.0,70.0,1000.0,200.0,0.36,657.0,76.125,76.438,0.018,71.938,69.438,56.063,57.188,0.0,59.344,72.0,70.0,1000.0,200.0,0.28,578.0,74.563,74.375,-0.004,1.0,1.0,1.0,1.0,1.0,1.0,1.0,1.0,1.0,1.0,1.0,1.0,1.0,1.0,1.0,1.0,12.618,12.653,11.729,12.333,1.0,1.0,1.0,1.0,1.0,1.0,1.0,1.0,1.0,1.0,1.0,1.0,1.0,1.0,1.0,1.0,333.5,524.0,525.5,529.0,303.25,528.5,527.0,521.0,-0.007,5.572,0.0,15.597,1.51,0.367,-0.003,0.0,-0.001,-0.0
9072007,1506,1.0,1.0,1.0,1.0,100.0,35.528,40.0,40.0,40.0,1.0,1.0,1559.004,363.104,0.012,11.703,0.0,80.0,55.0,1.4,2104.25,2180.378,2068.07,387.273,54.932,73.331,72.391,73.259,51.69,1.391,2.71,0.37,75.526,60.425,87.592,48.115,0.0,75.259,81.414,76.977,83.083,33.58,53.616,43.061,-10.82,47.969,94.75,72.0,74.125,55.5,56.344,0.0,48.281,72.0,70.0,1000.0,200.0,0.233,302.0,68.813,68.75,-0.052,72.125,72.188,55.531,56.188,0.0,49.094,72.0,70.0,1000.0,200.0,0.266,565.0,76.25,76.375,0.01,72.188,71.813,55.656,56.594,0.0,65.688,72.0,70.0,1000.0,200.0,0.367,664.5,76.0,76.313,0.019,71.813,69.438,55.844,57.188,0.0,58.5,72.0,70.0,1000.0,200.0,0.279,577.0,74.563,74.375,-0.004,1.0,1.0,1.0,1.0,1.0,1.0,1.0,1.0,1.0,1.0,1.0,1.0,1.0,1.0,1.0,1.0,12.613,12.643,11.739,12.32,1.0,1.0,1.0,1.0,1.0,1.0,1.0,1.0,1.0,1.0,1.0,1.0,1.0,1.0,1.0,1.0,333.75,523.5,525.5,529.0,303.25,528.5,527.5,521.0,-0.005,5.538,0.0,15.42,1.559,0.363,-0.0,-0.0,-0.001,-0.0
9072007,1507,1.0,1.0,1.0,1.0,100.0,35.847,40.0,40.0,40.0,1.0,1.0,1575.403,365.447,0.012,11.732,0.0,80.0,55.0,1.4,2115.25,2207.458,2069.83,385.653,55.04,73.225,72.496,73.47,51.798,1.372,2.71,0.362,75.656,60.501,87.872,47.975,0.0,75.473,81.488,77.083,83.083,33.507,53.72,43.061,-10.82,48.281,94.625,72.0,74.188,55.5,56.344,0.0,47.156,72.0,70.0,1000.0,200.0,0.245,309.5,69.0,68.75,-0.052,72.25,72.25,55.625,56.188,0.0,47.781,72.0,70.0,1000.0,200.0,0.276,575.5,76.375,76.375,0.01,72.313,71.438,55.656,56.719,0.0,65.0,72.0,70.0,1000.0,200.0,0.372,667.0,76.0,76.438,0.017,71.938,69.5,55.844,57.188,0.0,59.906,72.0,70.0,1000.0,200.0,0.273,572.5,74.563,74.375,-0.004,1.0,1.0,1.0,1.0,1.0,1.0,1.0,1.0,1.0,1.0,1.0,1.0,1.0,1.0,1.0,1.0,12.614,12.653,11.74,12.33,1.0,1.0,1.0,1.0,1.0,1.0,1.0,1.0,1.0,1.0,1.0,1.0,1.0,1.0,1.0,1.0,333.75,524.0,525.5,529.0,303.0,529.0,527.0,521.0,-0.004,5.545,0.0,15.578,1.575,0.365,-0.002,0.0,-0.001,-0.0
9072007,1508,1.0,1.0,1.0,1.0,100.0,35.906,40.0,40.0,40.0,1.0,1.0,1523.865,368.96,0.022,11.688,0.0,80.0,55.0,1.4,2111.25,2195.604,2073.354,383.928,55.04,73.331,72.496,73.259,51.798,1.391,2.692,0.355,75.643,60.522,87.844,48.003,0.0,75.688,81.414,77.083,83.009,33.58,53.929,43.061,-10.82,48.375,94.75,72.125,74.25,55.5,56.438,0.0,46.844,72.0,70.0,1000.0,200.0,0.249,312.0,69.0,68.563,-0.052,72.0,72.0,55.625,56.313,0.0,48.531,72.0,70.0,1000.0,200.0,0.271,572.0,76.375,76.25,0.01,72.188,71.813,55.875,56.719,0.0,65.938,72.0,70.0,1000.0,200.0,0.359,655.0,76.0,76.438,0.021,71.813,69.438,56.063,57.281,0.0,58.594,72.0,70.0,1000.0,200.0,0.277,575.5,74.563,74.375,-0.004,1.0,1.0,1.0,1.0,1.0,1.0,1.0,1.0,1.0,1.0,1.0,1.0,1.0,1.0,1.0,1.0,12.61,12.651,11.729,12.327,1.0,1.0,1.0,1.0,1.0,1.0,1.0,1.0,1.0,1.0,1.0,1.0,1.0,1.0,1.0,1.0,333.5,523.5,525.0,529.0,303.25,528.5,527.0,521.0,-0.008,5.446,0.0,15.401,1.524,0.369,-0.003,0.0,-0.001,-0.0
9072007,1509,1.0,1.0,1.0,1.0,100.0,36.023,40.0,40.0,40.0,1.0,1.0,1588.287,364.275,0.012,11.777,0.0,80.0,55.0,1.4,2111.25,2212.541,2066.309,393.022,55.04,73.543,72.496,73.364,51.798,1.383,2.72,0.362,75.714,60.558,87.507,47.947,0.0,75.796,81.414,76.977,83.009,33.58,53.825,43.134,-10.82,47.656,94.688,72.0,74.563,55.5,56.344,0.0,46.875,72.0,70.0,1000.0,200.0,0.247,310.0,68.813,68.563,-0.052,72.125,71.875,55.625,56.313,0.0,48.063,72.0,70.0,1000.0,200.0,0.276,574.5,76.375,76.375,0.01,72.063,71.438,55.875,56.594,0.0,66.0,72.0,70.0,1000.0,200.0,0.369,664.5,76.0,76.438,0.019,71.938,69.438,56.063,57.281,0.0,59.531,72.0,70.0,1000.0,200.0,0.274,572.5,74.563,74.375,-0.004,1.0,1.0,1.0,1.0,1.0,1.0,1.0,1.0,1.0,1.0,1.0,1.0,1.0,1.0,1.0,1.0,12.618,12.658,11.74,12.333,1.0,1.0,1.0,1.0,1.0,1.0,1.0,1.0,1.0,1.0,1.0,1.0,1.0,1.0,1.0,1.0,334.0,523.5,525.0,529.0,303.25,528.5,527.0,521.0,-0.004,5.558,0.0,15.637,1.588,0.364,-0.002,0.0,-0.001,-0.0
9072007,1510,1.0,1.0,1.0,1.0,100.0,36.328,40.0,40.0,40.0,1.0,1.0,1574.231,366.618,0.012,11.792,0.0,80.0,55.0,1.4,2123.0,2212.541,2075.117,396.405,55.363,73.437,72.601,73.364,51.905,1.387,2.72,0.366,75.718,60.564,87.479,47.863,0.0,75.796,81.34,76.977,83.009,33.653,53.825,43.134,-10.82,47.75,94.5,72.0,74.688,55.5,56.438,0.0,47.594,72.0,70.0,1000.0,200.0,0.234,302.5,69.0,68.563,-0.052,72.313,72.0,55.625,56.188,0.0,48.188,72.0,70.0,1000.0,200.0,0.279,578.5,76.375,76.375,0.01,72.063,71.563,55.875,56.719,0.0,65.625,72.0,70.0,1000.0,200.0,0.374,670.0,76.125,76.438,0.018,72.0,69.438,56.063,57.188,0.0,59.969,72.0,70.0,1000.0,200.0,0.276,575.0,74.563,74.313,-0.004,1.0,1.0,1.0,1.0,1.0,1.0,1.0,1.0,1.0,1.0,1.0,1.0,1.0,1.0,1.0,1.0,12.621,12.665,11.747,12.34,1.0,1.0,1.0,1.0,1.0,1.0,1.0,1.0,1.0,1.0,1.0,1.0,1.0,1.0,1.0,1.0,334.0,523.5,525.0,528.5,303.25,528.5,526.5,521.0,-0.005,5.542,0.0,15.537,1.574,0.367,-0.003,0.0,-0.001,-0.0
9072007,1511,1.0,1.0,1.0,1.0,100.0,36.265,40.0,40.0,40.0,1.0,1.0,1568.375,368.96,0.022,11.792,0.0,80.0,55.0,1.4,2124.25,2205.764,2078.645,401.474,55.04,73.65,72.707,73.364,51.798,1.364,2.728,0.37,75.782,60.586,87.592,47.835,0.0,75.581,81.414,76.977,83.083,33.58,53.825,43.134,-10.82,47.781,94.625,71.938,74.188,55.5,56.344,0.0,47.938,72.0,70.0,1000.0,200.0,0.233,301.5,69.0,68.563,-0.052,72.125,72.0,55.625,56.313,0.0,48.75,72.0,70.0,1000.0,200.0,0.279,577.5,76.375,76.375,0.01,72.313,71.563,55.656,56.594,0.0,66.688,72.0,70.0,1000.0,200.0,0.379,675.0,76.0,76.438,0.021,71.938,69.5,56.063,57.188,0.0,59.781,72.0,70.0,1000.0,200.0,0.274,572.5,74.563,74.375,-0.004,1.0,1.0,1.0,1.0,1.0,1.0,1.0,1.0,1.0,1.0,1.0,1.0,1.0,1.0,1.0,1.0,12.622,12.661,11.742,12.335,1.0,1.0,1.0,1.0,1.0,1.0,1.0,1.0,1.0,1.0,1.0,1.0,1.0,1.0,1.0,1.0,333.75,523.5,525.0,529.0,303.0,528.5,527.0,521.0,-0.008,5.565,0.0,15.657,1.568,0.369,-0.003,0.0,-0.001,-0.0
9072007,1512,1.0,1.0,1.0,1.0,100.0,36.341,40.0,40.0,40.0,1.0,1.0,1583.602,368.96,0.022,11.777,0.0,80.0,55.0,1.4,2131.0,2219.322,2092.783,402.456,55.148,73.65,72.812,73.575,51.798,1.383,2.72,0.355,75.859,60.684,87.592,47.863,0.0,75.581,81.266,76.87,83.009,33.58,53.825,43.134,-10.82,47.75,94.625,72.0,74.25,55.5,56.438,0.0,47.188,72.0,70.0,1000.0,200.0,0.245,310.5,69.0,68.563,-0.052,72.25,72.0,55.625,56.313,0.0,49.25,72.0,70.0,1000.0,200.0,0.278,577.5,76.375,76.375,0.01,72.063,71.313,55.875,56.594,0.0,65.563,72.0,70.0,1000.0,200.0,0.386,676.0,76.0,76.438,0.019,71.938,69.688,56.063,57.281,0.0,59.75,72.0,70.0,1000.0,200.0,0.274,574.0,74.563,74.375,-0.004,1.0,1.0,1.0,1.0,1.0,1.0,1.0,1.0,1.0,1.0,1.0,1.0,1.0,1.0,1.0,1.0,12.618,12.658,11.737,12.333,1.0,1.0,1.0,1.0,1.0,1.0,1.0,1.0,1.0,1.0,1.0,1.0,1.0,1.0,1.0,1.0,333.75,523.5,525.5,528.5,303.25,528.0,527.0,521.0,-0.009,5.558,0.0,15.637,1.584,0.369,-0.003,0.0,-0.001,-0.0
9072007,1513,1.0,1.0,1.0,1.0,100.0,36.675,40.0,40.0,40.0,1.0,1.0,1597.657,371.303,0.012,11.732,0.0,80.0,55.0,1.4,2132.0,2198.99,2080.41,396.737,55.148,73.437,72.496,73.364,51.798,1.394,2.728,0.366,75.867,60.664,87.564,47.919,0.0,75.366,81.34,76.87,82.935,33.58,53.825,43.134,-10.82,47.844,94.563,72.0,74.188,55.5,56.438,0.0,47.719,72.0,70.0,1000.0,200.0,0.236,303.75,69.0,68.563,-0.052,72.25,71.875,55.625,56.188,0.0,49.75,72.0,70.0,1000.0,200.0,0.279,578.0,76.375,76.375,0.01,72.188,71.563,55.875,56.719,0.0,65.5,72.0,70.0,1000.0,200.0,0.38,671.0,76.0,76.438,0.02,71.938,69.438,56.063,57.281,0.0,59.375,72.0,70.0,1000.0,200.0,0.276,575.0,74.563,74.375,-0.004,1.0,1.0,1.0,1.0,1.0,1.0,1.0,1.0,1.0,1.0,1.0,1.0,1.0,1.0,1.0,1.0,12.622,12.665,11.743,12.34,1.0,1.0,1.0,1.0,1.0,1.0,1.0,1.0,1.0,1.0,1.0,1.0,1.0,1.0,1.0,1.0,333.75,523.5,525.0,529.0,303.25,529.0,527.0,521.0,-0.004,5.537,0.0,15.578,1.598,0.371,-0.003,0.0,-0.001,-0.0
9072007,1514,1.0,1.0,1.0,1.0,100.0,36.634,40.0,40.0,40.0,1.0,1.0,1573.06,373.646,0.012,11.792,0.0,80.0,55.0,1.4,2132.0,2210.846,2073.354,401.925,55.04,73.65,72.707,73.575,51.69,1.383,2.746,0.37,75.846,60.679,87.648,47.975,0.0,75.366,81.266,76.87,82.935,33.653,53.72,43.134,-10.828,48.031,94.625,72.0,74.125,55.5,56.438,0.0,48.25,72.0,70.0,1000.0,200.0,0.232,301.25,68.813,68.563,-0.052,72.25,72.25,55.625,56.313,0.0,50.313,72.0,70.0,1000.0,200.0,0.28,578.0,76.25,76.375,0.01,72.313,71.813,55.875,56.813,0.0,67.125,72.0,70.0,1000.0,200.0,0.377,673.0,76.0,76.438,0.017,71.938,69.438,56.063,57.281,0.0,59.25,72.0,70.0,1000.0,200.0,0.276,574.0,74.563,74.375,-0.004,1.0,1.0,1.0,1.0,1.0,1.0,1.0,1.0,1.0,1.0,1.0,1.0,1.0,1.0,1.0,1.0,12.602,12.651,11.727,12.328,1.0,1.0,1.0,1.0,1.0,1.0,1.0,1.0,1.0,1.0,1.0,1.0,1.0,1.0,1.0,1.0,333.25,523.5,525.5,529.0,303.25,528.5,527.0,521.0,-0.005,5.571,0.0,15.537,1.573,0.374,-0.002,-0.0,-0.001,-0.0
9072007,1515,1.0,1.0,1.0,1.0,100.0,37.002,40.0,40.0,40.0,1.0,1.0,1614.056,373.646,0.022,11.837,0.0,80.0,55.0,1.4,2135.0,2231.197,2091.013,392.279,55.148,73.437,72.601,73.364,51.905,1.356,2.756,0.37,76.106,60.769,87.732,48.003,0.0,75.581,81.266,77.083,82.935,33.653,53.929,43.134,-10.82,48.188,94.625,71.938,73.938,55.5,56.438,0.0,47.313,72.0,70.0,1000.0,200.0,0.242,308.5,69.0,68.563,-0.052,72.25,72.0,55.75,56.313,0.0,48.781,72.0,70.0,1000.0,200.0,0.29,586.0,76.375,76.375,0.01,72.188,71.625,55.875,56.719,0.0,66.063,72.0,70.0,1000.0,200.0,0.384,674.5,76.0,76.438,0.019,71.938,69.438,56.063,57.281,0.0,59.688,72.0,70.0,1000.0,200.0,0.271,571.0,74.438,74.375,-0.004,1.0,1.0,1.0,1.0,1.0,1.0,1.0,1.0,1.0,1.0,1.0,1.0,1.0,1.0,1.0,1.0,12.594,12.64,11.716,12.318,1.0,1.0,1.0,1.0,1.0,1.0,1.0,1.0,1.0,1.0,1.0,1.0,1.0,1.0,1.0,1.0,333.0,523.5,525.5,528.5,303.25,528.5,527.0,521.0,-0.009,5.535,0.0,15.597,1.614,0.374,-0.003,0.0,-0.001,-0.0
9072007,1516,1.0,1.0,1.0,1.0,100.0,37.17,40.0,40.0,40.0,1.0,1.0,1576.574,374.817,0.022,11.762,0.0,80.0,55.0,1.4,2132.0,2232.894,2099.867,394.884,55.148,73.437,72.601,73.364,51.905,1.375,2.713,0.37,76.063,60.809,87.564,47.947,0.0,75.581,81.193,76.87,82.935,33.653,53.825,43.207,-10.82,47.781,94.625,72.125,74.438,55.813,56.438,0.0,47.75,72.0,70.0,1000.0,200.0,0.236,303.5,69.0,68.75,-0.052,72.25,71.75,55.625,56.313,0.0,49.75,72.0,70.0,1000.0,200.0,0.288,587.5,76.25,76.375,0.01,72.188,71.938,55.969,56.719,0.0,67.125,72.0,70.0,1000.0,200.0,0.38,675.0,76.0,76.438,0.019,71.813,69.438,56.063,57.281,0.0,59.031,72.0,70.0,1000.0,200.0,0.275,574.0,74.438,74.375,-0.004,1.0,1.0,1.0,1.0,1.0,1.0,1.0,1.0,1.0,1.0,1.0,1.0,1.0,1.0,1.0,1.0,12.605,12.656,11.727,12.333,1.0,1.0,1.0,1.0,1.0,1.0,1.0,1.0,1.0,1.0,1.0,1.0,1.0,1.0,1.0,1.0,333.75,523.5,525.5,528.5,303.25,528.0,526.5,521.0,-0.009,5.571,0.0,15.617,1.577,0.375,-0.002,-0.0,-0.001,-0.0
9072007,1517,1.0,1.0,1.0,1.0,100.0,37.587,40.0,40.0,40.0,1.0,1.0,1605.857,374.817,0.022,11.673,0.0,80.0,55.0,1.4,2142.75,2236.289,2083.942,402.445,55.148,73.437,72.601,73.47,51.905,1.372,2.753,0.37,76.147,60.904,87.367,47.835,0.0,75.581,81.119,76.977,82.935,33.727,53.825,43.207,-10.82,47.688,94.625,72.125,74.125,55.688,56.563,0.0,47.813,72.0,70.0,1000.0,200.0,0.236,305.5,69.0,68.75,-0.052,72.25,72.188,55.75,56.313,0.0,49.406,72.0,70.0,1000.0,200.0,0.292,590.5,76.375,76.375,0.01,72.188,71.563,55.875,56.719,0.0,66.063,72.0,70.0,1000.0,200.0,0.387,677.0,76.0,76.438,0.021,71.938,69.5,56.125,57.281,0.0,57.938,72.0,70.0,1000.0,200.0,0.274,572.5,74.563,74.375,-0.004,1.0,1.0,1.0,1.0,1.0,1.0,1.0,1.0,1.0,1.0,1.0,1.0,1.0,1.0,1.0,1.0,12.607,12.645,11.721,12.323,1.0,1.0,1.0,1.0,1.0,1.0,1.0,1.0,1.0,1.0,1.0,1.0,1.0,1.0,1.0,1.0,333.0,523.5,525.0,528.5,303.25,529.0,526.5,521.0,-0.01,5.506,0.0,15.379,1.606,0.375,-0.002,0.0,-0.001,-0.0
9072007,1518,1.0,1.0,1.0,1.0,100.0,37.581,40.0,40.0,40.0,1.0,1.0,1609.37,367.789,0.012,11.703,0.0,80.0,55.0,1.4,2145.25,2239.685,2080.41,399.665,55.255,73.437,72.707,73.364,51.905,1.364,2.756,0.37,76.159,60.944,87.451,47.891,0.0,75.581,81.119,76.764,82.861,33.653,53.929,43.207,-10.82,47.75,94.5,72.0,74.125,55.688,56.438,0.0,47.031,72.0,70.0,1000.0,200.0,0.244,309.0,68.813,68.563,-0.052,72.125,72.188,55.75,56.313,0.0,49.688,72.0,70.0,1000.0,200.0,0.293,591.0,76.375,76.375,0.01,72.063,71.563,55.875,56.719,0.0,66.063,72.0,70.0,1000.0,200.0,0.384,677.5,76.0,76.313,0.021,71.938,69.688,56.125,57.344,0.0,58.844,72.0,70.0,1000.0,200.0,0.269,569.0,74.438,74.375,-0.004,1.0,1.0,1.0,1.0,1.0,1.0,1.0,1.0,1.0,1.0,1.0,1.0,1.0,1.0,1.0,1.0,12.613,12.667,11.729,12.341,1.0,1.0,1.0,1.0,1.0,1.0,1.0,1.0,1.0,1.0,1.0,1.0,1.0,1.0,1.0,1.0,333.75,523.5,525.5,528.5,303.25,529.0,526.5,521.0,-0.005,5.514,0.0,15.539,1.609,0.368,-0.002,0.0,-0.001,-0.0
9072007,1519,1.0,1.0,1.0,1.0,100.0,38.086,40.0,40.0,40.0,1.0,1.0,1591.801,373.646,0.022,11.777,0.0,80.0,55.0,1.4,2149.5,2215.931,2089.244,389.814,55.255,73.756,72.917,73.575,51.905,1.413,2.731,0.366,76.209,61.006,87.592,47.807,0.0,75.581,81.119,76.87,82.787,33.653,53.929,43.207,-10.82,48.156,94.5,72.125,74.438,55.688,56.563,0.0,47.781,72.0,70.0,1000.0,200.0,0.235,303.0,69.0,68.563,-0.052,72.125,72.375,55.75,56.313,0.0,49.656,72.0,70.0,1000.0,200.0,0.291,587.0,76.375,76.375,0.01,72.063,71.938,55.969,56.813,0.0,66.938,72.0,70.0,1000.0,200.0,0.376,670.5,76.0,76.563,0.017,71.938,69.688,56.063,57.281,0.0,58.344,72.0,70.0,1000.0,200.0,0.271,569.5,74.563,74.375,-0.004,1.0,1.0,1.0,1.0,1.0,1.0,1.0,1.0,1.0,1.0,1.0,1.0,1.0,1.0,1.0,1.0,12.624,12.665,11.735,12.343,1.0,1.0,1.0,1.0,1.0,1.0,1.0,1.0,1.0,1.0,1.0,1.0,1.0,1.0,1.0,1.0,333.75,523.0,525.5,528.5,303.25,529.0,526.5,521.0,-0.009,5.549,0.0,15.637,1.592,0.374,-0.003,0.0,-0.001,-0.0
9072007,1520,1.0,1.0,1.0,1.0,100.0,38.346,40.0,40.0,40.0,1.0,1.0,1597.657,371.303,0.022,11.792,0.0,80.0,55.0,1.4,2149.5,2237.987,2105.188,397.006,55.255,73.543,72.707,73.47,52.012,1.387,2.735,0.359,76.236,60.965,87.704,47.863,0.0,75.796,81.045,76.87,82.787,33.727,53.929,43.28,-10.82,48.094,94.625,72.0,74.25,55.688,56.438,0.0,48.188,72.0,70.0,1000.0,200.0,0.231,302.75,69.0,68.563,-0.052,72.125,72.5,55.75,56.313,0.0,49.219,72.0,70.0,1000.0,200.0,0.293,592.5,76.25,76.375,0.01,72.063,71.625,55.969,56.719,0.0,66.313,72.0,70.0,1000.0,200.0,0.383,675.0,76.0,76.438,0.02,71.938,69.688,56.125,57.281,0.0,58.188,72.0,70.0,1000.0,200.0,0.271,572.5,74.438,74.375,-0.004,1.0,1.0,1.0,1.0,1.0,1.0,1.0,1.0,1.0,1.0,1.0,1.0,1.0,1.0,1.0,1.0,12.624,12.665,11.737,12.343,1.0,1.0,1.0,1.0,1.0,1.0,1.0,1.0,1.0,1.0,1.0,1.0,1.0,1.0,1.0,1.0,333.75,523.5,525.5,528.5,303.25,529.0,527.0,521.0,-0.009,5.576,0.0,15.655,1.598,0.371,-0.003,-0.0,-0.001,-0.0
9072007,1521,1.0,1.0,1.0,1.0,100.0,38.963,40.0,40.0,40.0,1.0,1.0,1632.797,377.16,0.012,11.747,0.0,80.0,55.0,1.4,2139.25,2226.106,2087.477,395.646,55.363,73.65,72.707,73.47,52.119,1.402,2.774,0.359,76.219,60.978,87.844,47.807,0.0,76.011,81.193,76.764,82.787,33.8,53.929,43.28,-10.82,48.188,94.75,72.0,74.438,55.688,56.563,0.0,47.063,72.0,70.0,1000.0,200.0,0.246,308.5,68.813,68.563,-0.052,72.25,72.375,55.75,56.313,0.0,49.563,72.0,70.0,1000.0,200.0,0.297,596.0,76.375,76.375,0.01,71.688,71.813,55.969,56.813,0.0,65.5,72.0,70.0,1000.0,200.0,0.373,669.5,76.125,76.438,0.019,71.938,69.438,56.125,57.344,0.0,58.281,72.0,70.0,1000.0,200.0,0.269,568.5,74.563,74.313,-0.004,1.0,1.0,1.0,1.0,1.0,1.0,1.0,1.0,1.0,1.0,1.0,1.0,1.0,1.0,1.0,1.0,12.618,12.656,11.743,12.333,1.0,1.0,1.0,1.0,1.0,1.0,1.0,1.0,1.0,1.0,1.0,1.0,1.0,1.0,1.0,1.0,333.75,523.0,525.5,528.5,303.5,528.0,527.0,521.0,-0.004,5.532,0.0,15.476,1.633,0.377,-0.002,0.0,-0.001,-0.0
9072007,1522,1.0,1.0,1.0,1.0,100.0,39.307,40.0,40.0,40.0,1.0,1.0,1583.602,371.303,0.022,11.822,0.0,80.0,55.0,1.4,2135.0,2222.714,2083.942,395.465,55.363,73.65,72.812,73.575,52.012,1.394,2.746,0.377,76.178,60.968,87.339,47.751,0.0,75.903,80.971,76.764,82.64,33.727,54.033,43.353,-10.828,47.75,94.688,72.0,74.438,55.813,56.563,0.0,48.344,72.0,70.0,1000.0,200.0,0.235,303.25,69.0,68.563,-0.052,72.25,72.5,55.75,56.406,0.0,49.656,72.0,70.0,1000.0,200.0,0.298,596.5,76.375,76.375,0.01,71.75,71.938,55.969,56.813,0.0,64.563,72.0,70.0,1000.0,200.0,0.365,661.0,76.0,76.313,0.021,71.938,69.5,56.219,57.344,0.0,58.469,72.0,70.0,1000.0,200.0,0.268,565.0,74.563,74.375,-0.004,1.0,1.0,1.0,1.0,1.0,1.0,1.0,1.0,1.0,1.0,1.0,1.0,1.0,1.0,1.0,1.0,12.622,12.662,11.747,12.338,1.0,1.0,1.0,1.0,1.0,1.0,1.0,1.0,1.0,1.0,1.0,1.0,1.0,1.0,1.0,1.0,333.75,523.0,525.0,528.5,303.25,528.5,527.0,521.0,-0.009,5.604,0.0,15.815,1.584,0.371,-0.003,0.0,-0.001,-0.0
9072007,1523,1.0,1.0,1.0,1.0,100.0,39.433,40.0,40.0,40.0,1.0,1.0,1578.917,374.817,0.022,11.792,0.0,80.0,55.0,1.4,2129.5,2219.322,2091.013,392.999,55.255,73.65,72.812,73.575,51.905,1.402,2.742,0.366,76.184,60.953,87.199,47.723,0.0,75.796,81.119,76.764,82.713,33.8,53.929,43.353,-10.82,47.344,94.563,72.125,74.875,55.688,56.438,0.0,47.031,72.0,70.0,1000.0,200.0,0.247,308.75,68.813,68.563,-0.052,72.25,72.5,55.844,56.406,0.0,50.031,72.0,70.0,1000.0,200.0,0.298,596.5,76.375,76.375,0.01,72.063,71.625,55.969,56.813,0.0,64.375,72.0,70.0,1000.0,200.0,0.365,660.5,76.0,76.438,0.022,71.938,69.688,56.219,57.344,0.0,58.813,72.0,70.0,1000.0,200.0,0.265,563.5,74.438,74.313,-0.004,1.0,1.0,1.0,1.0,1.0,1.0,1.0,1.0,1.0,1.0,1.0,1.0,1.0,1.0,1.0,1.0,12.626,12.672,11.743,12.346,1.0,1.0,1.0,1.0,1.0,1.0,1.0,1.0,1.0,1.0,1.0,1.0,1.0,1.0,1.0,1.0,333.75,523.5,525.0,528.5,303.25,528.5,527.0,521.0,-0.008,5.596,0.0,15.655,1.579,0.375,-0.002,0.0,-0.001,-0.0
9072007,1524,1.0,1.0,1.0,1.0,100.0,39.765,40.0,40.0,40.0,1.0,1.0,1622.255,372.474,0.022,11.762,0.0,80.0,55.0,1.4,2136.75,2236.289,2103.414,395.896,55.255,73.756,72.917,73.47,51.905,1.387,2.738,0.355,76.231,60.955,87.339,47.667,0.0,75.796,81.119,76.764,82.713,33.946,54.033,43.425,-10.82,47.656,94.438,72.0,74.125,55.688,56.563,0.0,48.063,72.0,70.0,1000.0,200.0,0.238,305.75,68.813,68.563,-0.052,72.25,72.5,55.75,56.313,0.0,51.063,72.0,70.0,1000.0,200.0,0.294,593.5,76.25,76.375,0.01,72.063,71.625,55.969,56.813,0.0,65.438,72.0,70.0,1000.0,200.0,0.375,670.0,76.0,76.438,0.021,72.0,69.688,56.125,57.344,0.0,58.0,72.0,70.0,1000.0,200.0,0.275,574.5,74.563,74.313,-0.004,1.0,1.0,1.0,1.0,1.0,1.0,1.0,1.0,1.0,1.0,1.0,1.0,1.0,1.0,1.0,1.0,12.621,12.662,11.74,12.336,1.0,1.0,1.0,1.0,1.0,1.0,1.0,1.0,1.0,1.0,1.0,1.0,1.0,1.0,1.0,1.0,333.75,523.0,525.0,528.5,303.25,529.0,527.0,521.0,-0.008,5.55,0.0,15.493,1.622,0.372,-0.002,-0.0,-0.001,-0.0
9072007,1525,1.0,1.0,1.0,1.0,100.0,40.1,40.0,40.0,40.0,1.0,1.0,1590.63,379.502,0.022,11.732,0.0,80.0,55.0,1.4,2145.5,2236.289,2115.847,401.415,55.255,73.862,72.812,73.787,52.119,1.379,2.749,0.359,76.282,61.033,87.479,47.779,0.0,75.796,80.971,76.764,82.713,33.873,54.033,43.353,-10.828,47.594,94.625,72.0,73.625,55.813,56.563,0.0,47.344,72.0,70.0,1000.0,200.0,0.247,311.0,68.813,68.563,-0.052,72.313,72.375,55.75,56.406,0.0,49.938,72.0,70.0,1000.0,200.0,0.306,606.5,76.375,76.375,0.01,71.688,71.563,55.969,56.813,0.0,65.75,72.0,70.0,1000.0,200.0,0.374,669.0,76.0,76.438,0.021,71.938,69.688,56.125,57.344,0.0,58.875,72.0,70.0,1000.0,200.0,0.264,561.5,74.563,74.375,-0.004,1.0,1.0,1.0,1.0,1.0,1.0,1.0,1.0,1.0,1.0,1.0,1.0,1.0,1.0,1.0,1.0,12.618,12.661,11.732,12.34,1.0,1.0,1.0,1.0,1.0,1.0,1.0,1.0,1.0,1.0,1.0,1.0,1.0,1.0,1.0,1.0,333.5,523.0,525.0,528.5,303.25,528.0,526.5,521.0,-0.009,5.517,0.0,15.456,1.591,0.38,-0.002,0.0,-0.001,-0.0
9072007,1526,1.0,1.0,1.0,1.0,100.0,40.405,40.0,40.0,40.0,1.0,1.0,1596.486,366.618,0.022,11.792,0.0,80.0,55.0,1.4,2145.5,2212.541,2080.41,396.951,55.255,73.543,72.707,73.47,51.905,1.41,2.746,0.362,76.206,60.94,87.171,47.779,0.0,75.688,81.045,76.764,82.713,33.873,53.929,43.353,-10.828,47.563,94.563,72.0,74.125,55.813,56.75,0.0,47.531,72.0,70.0,1000.0,200.0,0.24,305.5,69.0,68.563,-0.052,72.125,72.5,55.75,56.313,0.0,50.719,72.0,70.0,1000.0,200.0,0.304,604.0,76.25,76.375,0.01,72.063,71.813,55.969,56.813,0.0,65.25,72.0,70.0,1000.0,200.0,0.355,653.5,76.125,76.438,0.017,72.0,69.688,56.125,57.344,0.0,57.344,72.0,70.0,1000.0,200.0,0.268,565.0,74.438,74.375,-0.004,1.0,1.0,1.0,1.0,1.0,1.0,1.0,1.0,1.0,1.0,1.0,1.0,1.0,1.0,1.0,1.0,12.609,12.653,11.729,12.33,1.0,1.0,1.0,1.0,1.0,1.0,1.0,1.0,1.0,1.0,1.0,1.0,1.0,1.0,1.0,1.0,333.25,523.0,525.0,528.5,303.25,529.0,526.5,521.0,-0.009,5.574,0.0,15.535,1.596,0.367,-0.003,-0.0,-0.001,-0.0
9072007,1527,1.0,1.0,1.0,1.0,100.0,40.782,40.0,40.0,40.0,1.0,1.0,1589.458,374.817,0.022,11.717,0.0,80.0,55.0,1.4,2130.0,2229.5,2091.013,402.027,55.255,73.543,72.707,73.681,51.905,1.356,2.699,0.359,76.287,60.98,87.451,47.807,0.0,75.581,81.045,76.764,82.713,33.8,53.929,43.353,-10.82,47.75,94.5,72.0,74.25,55.813,56.75,0.0,47.688,72.0,70.0,1000.0,200.0,0.243,308.25,69.0,68.563,-0.052,72.25,72.25,55.844,56.313,0.0,49.969,72.0,70.0,1000.0,200.0,0.305,605.0,76.25,76.375,0.01,72.313,71.938,55.969,56.813,0.0,66.188,72.0,70.0,1000.0,200.0,0.369,662.5,76.0,76.438,0.017,72.0,69.688,56.219,57.344,0.0,57.969,72.0,70.0,1000.0,200.0,0.271,571.0,74.438,74.375,-0.004,1.0,1.0,1.0,1.0,1.0,1.0,1.0,1.0,1.0,1.0,1.0,1.0,1.0,1.0,1.0,1.0,12.616,12.658,11.726,12.333,1.0,1.0,1.0,1.0,1.0,1.0,1.0,1.0,1.0,1.0,1.0,1.0,1.0,1.0,1.0,1.0,333.5,523.0,525.0,528.0,303.25,528.5,527.0,521.0,-0.009,5.561,0.0,15.555,1.589,0.375,-0.003,-0.0,-0.001,-0.0
9072007,1528,1.0,1.0,1.0,1.0,100.0,41.798,40.0,40.0,40.0,1.0,1.0,1629.283,371.303,0.022,11.732,0.0,80.0,55.0,1.4,2149.25,2237.987,2105.188,398.412,55.363,73.543,72.812,73.47,52.012,1.372,2.728,0.366,76.34,61.06,87.62,47.695,0.0,75.688,80.897,76.658,82.64,33.873,54.033,43.425,-10.82,47.781,94.625,72.125,74.438,55.906,56.75,0.0,47.375,72.0,70.0,1000.0,200.0,0.247,310.25,69.0,68.563,-0.052,72.313,72.5,55.844,56.406,0.0,51.469,72.0,70.0,1000.0,200.0,0.308,607.0,76.25,76.375,0.01,72.063,71.438,56.094,56.813,0.0,66.563,72.0,70.0,1000.0,200.0,0.383,677.0,76.125,76.438,0.021,72.0,69.5,56.219,57.344,0.0,58.938,72.0,70.0,1000.0,200.0,0.263,565.0,74.438,74.375,-0.004,1.0,1.0,1.0,1.0,1.0,1.0,1.0,1.0,1.0,1.0,1.0,1.0,1.0,1.0,1.0,1.0,12.605,12.653,11.73,12.33,1.0,1.0,1.0,1.0,1.0,1.0,1.0,1.0,1.0,1.0,1.0,1.0,1.0,1.0,1.0,1.0,333.25,523.0,525.0,528.5,303.25,529.0,526.5,521.0,-0.009,5.559,0.0,15.573,1.629,0.371,-0.003,-0.0,-0.001,-0.0
9072007,1529,1.0,1.0,1.0,1.0,100.0,41.822,40.0,40.0,40.0,1.0,1.0,1649.195,371.303,0.012,11.717,0.0,80.0,55.0,1.4,2163.0,2253.277,2099.867,409.037,55.363,73.65,72.707,73.575,52.119,1.379,2.782,0.362,76.514,61.211,87.648,47.779,0.0,75.903,80.897,76.87,82.64,33.8,54.138,43.498,-10.82,48.063,94.563,71.938,73.938,55.906,56.75,0.0,46.969,72.0,70.0,1000.0,200.0,0.246,309.75,68.813,68.438,-0.052,72.25,72.188,55.844,56.406,0.0,50.969,72.0,70.0,1000.0,200.0,0.316,617.0,76.25,76.375,0.01,72.188,71.563,56.094,57.0,0.0,66.125,72.0,70.0,1000.0,200.0,0.382,678.5,76.125,76.438,0.019,71.938,69.813,56.219,57.344,0.0,58.594,72.0,70.0,1000.0,200.0,0.265,561.5,74.438,74.375,-0.004,1.0,1.0,1.0,1.0,1.0,1.0,1.0,1.0,1.0,1.0,1.0,1.0,1.0,1.0,1.0,1.0,12.602,12.65,11.726,12.328,1.0,1.0,1.0,1.0,1.0,1.0,1.0,1.0,1.0,1.0,1.0,1.0,1.0,1.0,1.0,1.0,333.5,523.0,525.0,528.0,303.25,528.5,527.0,521.0,-0.005,5.587,0.0,15.791,1.649,0.371,-0.003,-0.0,-0.001,-0.0
9072007,1530,1.0,1.0,1.0,1.0,100.0,42.494,40.0,40.0,40.0,1.0,1.0,1602.343,378.331,0.022,11.822,0.0,80.0,55.0,1.4,2159.5,2231.197,2099.867,408.852,55.471,73.65,72.707,73.575,52.119,1.406,2.767,0.366,76.469,61.176,87.255,47.835,0.0,76.011,80.897,76.658,82.566,33.873,54.033,43.425,-10.828,47.781,94.688,72.0,74.188,55.906,56.75,0.0,47.469,72.0,70.0,1000.0,200.0,0.239,305.0,68.813,68.563,-0.052,72.25,72.25,55.938,56.5,0.0,51.906,72.0,70.0,1000.0,200.0,0.31,608.5,76.25,76.375,0.01,71.875,71.938,55.969,57.0,0.0,65.438,72.0,70.0,1000.0,200.0,0.371,666.5,76.125,76.438,0.021,71.813,69.688,56.219,57.438,0.0,57.094,72.0,70.0,1000.0,200.0,0.267,565.5,74.438,74.375,-0.004,1.0,1.0,1.0,1.0,1.0,1.0,1.0,1.0,1.0,1.0,1.0,1.0,1.0,1.0,1.0,1.0,12.605,12.658,11.729,12.333,1.0,1.0,1.0,1.0,1.0,1.0,1.0,1.0,1.0,1.0,1.0,1.0,1.0,1.0,1.0,1.0,333.5,523.0,525.0,528.0,303.25,529.0,527.0,521.0,-0.009,5.601,0.0,15.692,1.602,0.378,-0.002,-0.0,-0.001,-0.0
9072007,1531,1.0,1.0,1.0,1.0,100.0,42.744,40.0,40.0,40.0,1.0,1.0,1611.713,377.16,0.022,11.822,0.0,80.0,55.0,1.4,2137.0,2224.41,2098.095,396.887,55.363,73.862,72.917,73.787,52.012,1.398,2.764,0.373,76.429,61.151,87.115,47.779,0.0,75.796,80.749,76.552,82.566,33.946,54.033,43.644,-10.82,47.656,94.625,72.0,74.438,55.813,56.75,0.0,47.844,72.0,70.0,1000.0,200.0,0.237,303.5,69.0,68.563,-0.052,72.313,72.375,55.844,56.406,0.0,51.438,72.0,70.0,1000.0,200.0,0.316,616.5,76.25,76.375,0.01,71.875,71.625,55.969,56.813,0.0,65.75,72.0,70.0,1000.0,200.0,0.357,656.0,76.0,76.438,0.015,71.938,69.688,56.219,57.438,0.0,57.188,72.0,70.0,1000.0,200.0,0.269,565.5,74.438,74.313,-0.004,1.0,1.0,1.0,1.0,1.0,1.0,1.0,1.0,1.0,1.0,1.0,1.0,1.0,1.0,1.0,1.0,12.61,12.655,11.724,12.328,1.0,1.0,1.0,1.0,1.0,1.0,1.0,1.0,1.0,1.0,1.0,1.0,1.0,1.0,1.0,1.0,333.25,523.0,525.0,528.0,303.25,529.0,527.0,521.0,-0.01,5.708,0.0,15.932,1.612,0.377,-0.003,-0.0,-0.001,-0.0
9072007,1532,1.0,1.0,1.0,1.0,100.0,42.971,40.0,40.0,40.0,1.0,1.0,1600.0,372.474,0.012,11.866,0.0,80.0,55.0,1.4,2137.0,2243.082,2103.414,402.879,55.363,73.65,72.707,73.575,51.905,1.375,2.76,0.37,76.483,61.167,87.227,47.751,0.0,76.011,80.749,76.764,82.492,33.873,53.72,43.717,-10.82,47.844,94.563,72.0,74.188,55.813,56.75,0.0,47.563,72.0,70.0,1000.0,200.0,0.241,307.5,68.813,68.563,-0.052,72.313,72.5,55.844,56.406,0.0,51.344,72.0,70.0,1000.0,200.0,0.324,623.0,76.25,76.375,0.01,72.063,71.813,56.094,57.0,0.0,65.375,72.0,70.0,1000.0,200.0,0.366,663.0,76.125,76.438,0.017,72.0,69.813,56.219,57.438,0.0,57.719,72.0,70.0,1000.0,200.0,0.263,561.0,74.438,74.375,-0.004,1.0,1.0,1.0,1.0,1.0,1.0,1.0,1.0,1.0,1.0,1.0,1.0,1.0,1.0,1.0,1.0,12.619,12.659,11.734,12.333,1.0,1.0,1.0,1.0,1.0,1.0,1.0,1.0,1.0,1.0,1.0,1.0,1.0,1.0,1.0,1.0,333.25,523.0,525.0,528.0,303.25,529.0,527.0,521.0,-0.005,5.885,0.0,16.232,1.6,0.372,-0.002,-0.0,-0.001,-0.0
9072007,1533,1.0,1.0,1.0,1.0,100.0,43.244,40.0,40.0,40.0,1.0,1.0,1649.195,377.16,0.012,11.792,0.0,80.0,55.0,1.4,2158.25,2249.877,2105.188,406.036,55.363,73.862,73.022,73.787,52.012,1.375,2.774,0.359,76.619,61.234,87.564,47.723,0.0,76.118,80.749,76.764,82.418,33.946,53.825,43.717,-10.82,47.969,94.625,71.938,74.438,55.813,56.75,0.0,47.188,72.0,70.0,1000.0,200.0,0.245,309.0,68.813,68.563,-0.052,72.313,72.5,55.844,56.406,0.0,52.25,72.0,70.0,1000.0,200.0,0.321,619.5,76.25,76.375,0.01,72.063,71.625,55.969,56.813,0.0,65.875,72.0,70.0,1000.0,200.0,0.383,678.5,76.0,76.438,0.021,72.0,69.813,56.219,57.438,0.0,58.875,72.0,70.0,1000.0,200.0,0.26,558.0,74.438,74.375,-0.004,1.0,1.0,1.0,1.0,1.0,1.0,1.0,1.0,1.0,1.0,1.0,1.0,1.0,1.0,1.0,1.0,12.629,12.672,11.729,12.348,1.0,1.0,1.0,1.0,1.0,1.0,1.0,1.0,1.0,1.0,1.0,1.0,1.0,1.0,1.0,1.0,333.5,523.0,525.0,528.0,303.25,529.0,527.0,521.0,-0.005,5.796,0.0,16.011,1.649,0.377,-0.002,-0.0,-0.001,-0.0
9072007,1534,1.0,1.0,1.0,1.0,100.0,43.89,40.0,40.0,40.0,1.0,1.0,1645.681,370.132,0.022,11.792,0.0,80.0,55.0,1.4,2166.75,2248.178,2106.963,404.076,55.363,73.756,72.812,73.681,52.012,1.402,2.782,0.362,76.591,61.26,87.423,47.667,0.0,76.333,80.823,76.764,82.492,34.02,53.825,43.79,-10.82,48.031,94.688,72.0,74.688,55.813,56.563,0.0,47.781,72.0,70.0,1000.0,200.0,0.237,303.5,68.813,68.563,-0.052,72.25,72.5,55.844,56.406,0.0,51.594,72.0,70.0,1000.0,200.0,0.325,623.5,76.25,76.375,0.01,72.313,71.625,56.094,56.813,0.0,66.313,72.0,70.0,1000.0,200.0,0.374,669.0,76.0,76.438,0.017,72.0,69.688,56.219,57.438,0.0,58.813,72.0,70.0,1000.0,200.0,0.263,561.5,74.438,74.375,-0.004,1.0,1.0,1.0,1.0,1.0,1.0,1.0,1.0,1.0,1.0,1.0,1.0,1.0,1.0,1.0,1.0,12.613,12.663,11.73,12.34,1.0,1.0,1.0,1.0,1.0,1.0,1.0,1.0,1.0,1.0,1.0,1.0,1.0,1.0,1.0,1.0,333.5,523.0,525.0,528.0,303.25,528.0,527.5,521.0,-0.009,5.817,0.0,16.009,1.646,0.37,-0.002,-0.0,-0.001,-0.0
9072007,1535,1.0,1.0,1.0,1.0,100.0,44.479,40.0,40.0,40.0,1.0,1.0,1642.167,378.331,0.022,11.792,0.0,80.0,55.0,1.4,2158.0,2261.778,2114.069,407.092,55.255,73.756,72.812,73.681,52.012,1.379,2.76,0.362,76.669,61.338,87.115,47.555,0.0,76.225,80.675,76.658,82.492,34.093,53.616,44.008,-10.82,47.563,94.75,71.938,74.25,55.813,56.75,0.0,47.438,72.0,70.0,1000.0,200.0,0.242,308.0,68.813,68.563,-0.052,72.25,72.563,55.844,56.406,0.0,52.094,72.0,70.0,1000.0,200.0,0.323,621.5,76.25,76.375,0.01,72.063,71.938,55.969,57.0,0.0,66.75,72.0,70.0,1000.0,200.0,0.387,680.0,76.125,76.438,0.017,71.938,69.688,56.125,57.438,0.0,58.563,72.0,70.0,1000.0,200.0,0.262,559.5,74.438,74.375,-0.004,1.0,1.0,1.0,1.0,1.0,1.0,1.0,1.0,1.0,1.0,1.0,1.0,1.0,1.0,1.0,1.0,12.616,12.659,11.73,12.336,1.0,1.0,1.0,1.0,1.0,1.0,1.0,1.0,1.0,1.0,1.0,1.0,1.0,1.0,1.0,1.0,333.5,523.0,525.0,528.0,303.25,528.5,527.0,521.0,-0.01,5.989,0.0,16.246,1.642,0.378,-0.002,-0.0,-0.001,-0.0
9072007,1536,1.0,1.0,1.0,1.0,100.0,44.35,40.0,40.0,40.0,1.0,1.0,1630.454,381.845,0.012,11.717,0.0,80.0,55.0,1.4,2163.75,2241.383,2112.291,401.554,55.255,73.65,72.707,73.681,51.905,1.383,2.76,0.351,76.648,61.318,87.339,47.639,0.0,76.118,80.749,76.658,82.492,34.166,53.511,44.008,-10.82,47.969,94.563,72.0,74.188,55.813,56.75,0.0,47.656,72.0,70.0,1000.0,200.0,0.24,305.0,69.0,68.563,-0.052,72.438,72.375,55.75,56.406,0.0,52.188,72.0,70.0,1000.0,200.0,0.325,624.0,76.375,76.375,0.01,72.063,71.938,55.969,56.719,0.0,65.563,72.0,70.0,1000.0,200.0,0.372,667.0,76.0,76.438,0.02,71.938,69.5,56.125,57.438,0.0,57.875,72.0,70.0,1000.0,200.0,0.265,563.0,74.438,74.375,-0.004,1.0,1.0,1.0,1.0,1.0,1.0,1.0,1.0,1.0,1.0,1.0,1.0,1.0,1.0,1.0,1.0,12.612,12.659,11.719,12.333,1.0,1.0,1.0,1.0,1.0,1.0,1.0,1.0,1.0,1.0,1.0,1.0,1.0,1.0,1.0,1.0,333.25,522.5,525.0,528.0,303.0,529.0,527.0,521.0,-0.005,5.961,0.0,16.024,1.63,0.382,-0.003,0.0,-0.001,-0.0
9072007,1537,1.0,1.0,1.0,1.0,100.0,44.666,40.0,40.0,40.0,1.0,1.0,1615.227,378.331,0.022,11.852,0.0,80.0,55.0,1.4,2156.0,2244.78,2115.847,396.798,55.255,73.65,72.707,73.575,51.905,1.375,2.789,0.355,76.648,61.318,87.311,47.723,0.0,76.44,80.675,76.552,82.492,34.166,53.511,44.227,-10.82,47.688,94.813,72.125,74.125,55.688,56.563,0.0,48.313,72.0,70.0,1000.0,200.0,0.233,302.75,68.813,68.563,-0.052,72.313,72.5,55.75,56.313,0.0,53.375,72.0,70.0,1000.0,200.0,0.326,624.5,76.25,76.25,0.01,71.875,72.125,55.969,56.813,0.0,65.625,72.0,70.0,1000.0,200.0,0.371,667.0,76.125,76.438,0.019,71.938,69.688,56.219,57.438,0.0,57.594,72.0,70.0,1000.0,200.0,0.265,562.5,74.438,74.313,-0.004,1.0,1.0,1.0,1.0,1.0,1.0,1.0,1.0,1.0,1.0,1.0,1.0,1.0,1.0,1.0,1.0,12.601,12.656,11.716,12.331,1.0,1.0,1.0,1.0,1.0,1.0,1.0,1.0,1.0,1.0,1.0,1.0,1.0,1.0,1.0,1.0,332.75,523.0,525.0,528.0,303.5,529.5,527.5,521.0,-0.01,6.164,0.0,16.569,1.615,0.378,-0.002,0.0,-0.001,-0.0
9072007,1538,1.0,1.0,1.0,1.0,100.0,44.648,40.0,40.0,40.0,1.0,1.0,1650.366,379.502,0.022,11.822,0.0,80.0,55.0,1.4,2156.0,2249.877,2108.738,403.131,55.148,73.756,72.812,73.681,51.798,1.372,2.785,0.359,76.753,61.356,86.975,47.639,0.0,76.225,80.601,76.552,82.344,34.166,53.302,44.154,-10.82,47.344,94.563,72.125,74.188,55.688,56.563,0.0,47.125,72.0,70.0,1000.0,200.0,0.247,310.25,69.0,68.75,-0.052,72.313,72.5,55.75,56.313,0.0,52.375,72.0,70.0,1000.0,200.0,0.338,636.5,76.25,76.375,0.01,72.063,71.813,55.875,56.813,0.0,65.75,72.0,70.0,1000.0,200.0,0.367,664.0,76.125,76.438,0.017,72.0,69.813,56.125,57.438,0.0,58.469,72.0,70.0,1000.0,200.0,0.263,560.5,74.438,74.313,-0.004,1.0,1.0,1.0,1.0,1.0,1.0,1.0,1.0,1.0,1.0,1.0,1.0,1.0,1.0,1.0,1.0,12.604,12.661,11.721,12.338,1.0,1.0,1.0,1.0,1.0,1.0,1.0,1.0,1.0,1.0,1.0,1.0,1.0,1.0,1.0,1.0,333.25,522.5,525.0,528.0,303.25,529.5,527.5,521.0,-0.009,6.17,0.0,16.407,1.65,0.38,-0.002,-0.0,-0.001,-0.0
9072007,1539,1.0,1.0,1.0,1.0,100.0,44.501,40.0,40.0,40.0,1.0,1.0,1660.908,379.502,0.022,11.762,0.0,80.0,55.0,1.4,2168.75,2261.778,2112.291,398.771,55.04,73.756,72.812,73.681,51.69,1.375,2.774,0.362,76.81,61.428,86.975,47.583,0.0,76.118,80.749,76.552,82.492,34.313,53.407,44.154,-10.82,47.031,94.5,72.125,74.125,55.688,56.438,0.0,47.469,72.0,70.0,1000.0,200.0,0.245,310.0,69.0,68.563,-0.052,72.625,72.188,55.625,56.313,0.0,52.75,72.0,70.0,1000.0,200.0,0.338,636.0,76.25,76.375,0.01,71.875,71.813,55.875,56.813,0.0,66.563,72.0,70.0,1000.0,200.0,0.374,668.5,76.125,76.438,0.018,71.938,69.813,56.125,57.344,0.0,58.063,72.0,70.0,1000.0,200.0,0.262,559.5,74.438,74.375,-0.004,1.0,1.0,1.0,1.0,1.0,1.0,1.0,1.0,1.0,1.0,1.0,1.0,1.0,1.0,1.0,1.0,12.602,12.658,11.709,12.333,1.0,1.0,1.0,1.0,1.0,1.0,1.0,1.0,1.0,1.0,1.0,1.0,1.0,1.0,1.0,1.0,333.25,523.0,524.5,528.0,303.25,530.0,527.0,521.5,-0.009,6.062,0.0,16.083,1.661,0.38,-0.003,-0.0,-0.001,-0.0
9072007,1540,1.0,1.0,1.0,1.0,100.0,44.581,40.0,40.0,40.0,1.0,1.0,1673.792,384.187,0.012,11.792,0.0,80.0,55.0,1.4,2175.0,2268.583,2108.738,404.622,55.04,73.756,72.812,73.575,51.69,1.379,2.8,0.362,76.868,61.482,87.031,47.358,0.0,76.118,80.601,76.658,82.418,34.313,53.302,44.227,-10.82,47.125,94.438,72.125,74.688,55.5,56.438,0.0,47.188,72.0,70.0,1000.0,200.0,0.244,309.0,69.0,68.563,-0.052,72.313,72.5,55.625,56.188,0.0,53.969,72.0,70.0,1000.0,200.0,0.34,642.0,76.25,76.375,0.01,72.063,71.625,55.875,56.719,0.0,66.375,72.0,70.0,1000.0,200.0,0.379,671.0,76.0,76.563,0.02,72.0,69.813,56.063,57.344,0.0,58.313,72.0,70.0,1000.0,200.0,0.26,557.0,74.438,74.313,-0.004,1.0,1.0,1.0,1.0,1.0,1.0,1.0,1.0,1.0,1.0,1.0,1.0,1.0,1.0,1.0,1.0,12.601,12.651,11.712,12.328,1.0,1.0,1.0,1.0,1.0,1.0,1.0,1.0,1.0,1.0,1.0,1.0,1.0,1.0,1.0,1.0,333.0,523.0,525.0,528.0,303.25,529.0,527.5,521.5,-0.006,6.157,0.0,16.244,1.674,0.384,-0.003,-0.0,-0.002,-0.0
9072007,1541,1.0,1.0,1.0,1.0,100.0,44.648,40.0,40.0,40.0,1.0,1.0,1644.51,379.502,0.022,11.837,0.0,80.0,55.0,1.4,2186.25,2266.882,2122.967,407.704,55.04,73.756,72.812,73.681,51.69,1.364,2.792,0.366,76.909,61.525,87.031,47.274,0.0,76.333,80.675,76.658,82.418,34.386,53.407,44.154,-10.82,46.875,94.5,72.313,74.563,55.688,56.438,0.0,47.344,72.0,70.0,1000.0,200.0,0.246,310.0,68.813,68.563,-0.052,72.25,72.25,55.531,56.188,0.0,54.625,72.0,70.0,1000.0,200.0,0.338,634.0,76.25,76.375,0.01,71.75,71.625,55.875,56.719,0.0,66.5,72.0,70.0,1000.0,200.0,0.384,679.0,76.125,76.438,0.023,72.0,69.688,56.125,57.344,0.0,57.938,72.0,70.0,1000.0,200.0,0.261,559.5,74.438,74.375,-0.004,1.0,1.0,1.0,1.0,1.0,1.0,1.0,1.0,1.0,1.0,1.0,1.0,1.0,1.0,1.0,1.0,12.609,12.668,11.727,12.344,1.0,1.0,1.0,1.0,1.0,1.0,1.0,1.0,1.0,1.0,1.0,1.0,1.0,1.0,1.0,1.0,333.25,523.0,525.0,528.0,303.25,530.0,527.5,521.0,-0.01,6.079,0.0,16.065,1.645,0.38,-0.002,-0.0,-0.001,-0.0
9072007,1542,1.0,1.0,1.0,1.0,100.0,44.721,40.0,40.0,40.0,1.0,1.0,1663.25,384.187,0.012,11.732,0.0,80.0,55.0,1.4,2186.25,2261.778,2121.186,405.812,55.04,73.756,72.812,73.681,51.583,1.394,2.782,0.362,76.918,61.535,87.115,47.274,0.0,76.225,80.675,76.658,82.418,34.386,53.302,44.299,-10.82,47.031,94.563,72.125,74.188,55.5,56.438,0.0,46.938,72.0,70.0,1000.0,200.0,0.25,312.5,69.0,68.563,-0.052,72.125,72.25,55.625,56.188,0.0,54.063,72.0,70.0,1000.0,200.0,0.341,637.5,76.25,76.375,0.01,71.875,71.813,55.875,56.594,0.0,65.188,72.0,70.0,1000.0,200.0,0.366,663.5,76.0,76.438,0.017,71.938,69.688,56.063,57.281,0.0,57.781,72.0,70.0,1000.0,200.0,0.266,564.5,74.438,74.313,-0.004,1.0,1.0,1.0,1.0,1.0,1.0,1.0,1.0,1.0,1.0,1.0,1.0,1.0,1.0,1.0,1.0,12.609,12.662,11.722,12.34,1.0,1.0,1.0,1.0,1.0,1.0,1.0,1.0,1.0,1.0,1.0,1.0,1.0,1.0,1.0,1.0,333.25,522.5,525.0,528.0,303.25,529.0,527.0,521.5,-0.005,6.148,0.0,16.159,1.663,0.384,-0.003,-0.0,-0.001,-0.0
9072007,1543,1.0,1.0,1.0,1.0,100.0,44.765,40.0,40.0,40.0,1.0,1.0,1686.677,383.016,0.022,11.732,0.0,80.0,55.0,1.4,2177.25,2260.077,2117.626,408.825,55.04,73.756,72.812,73.681,51.69,1.421,2.818,0.362,76.904,61.533,87.255,47.218,0.0,76.44,80.601,76.552,82.418,34.459,53.407,44.372,-10.82,47.25,94.563,72.0,74.438,55.5,56.438,0.0,47.344,72.0,70.0,1000.0,200.0,0.241,306.25,68.813,68.563,-0.052,72.313,72.375,55.625,56.188,0.0,54.438,72.0,70.0,1000.0,200.0,0.34,639.0,76.25,76.375,0.01,71.875,71.625,55.875,56.719,0.0,64.313,72.0,70.0,1000.0,200.0,0.369,664.5,76.125,76.438,0.021,71.938,69.438,56.063,57.281,0.0,56.563,72.0,70.0,1000.0,200.0,0.268,566.0,74.438,74.375,-0.004,1.0,1.0,1.0,1.0,1.0,1.0,1.0,1.0,1.0,1.0,1.0,1.0,1.0,1.0,1.0,1.0,12.668,12.721,11.78,12.396,1.0,1.0,1.0,1.0,1.0,1.0,1.0,1.0,1.0,1.0,1.0,1.0,1.0,1.0,1.0,1.0,334.75,522.5,524.5,528.0,303.25,529.0,527.0,521.0,-0.01,6.138,0.0,16.159,1.687,0.383,-0.002,-0.0,-0.001,-0.0
9072007,1544,1.0,1.0,1.0,1.0,100.0,44.862,40.0,40.0,40.0,1.0,1.0,1670.278,385.359,0.022,11.777,0.0,80.0,55.0,1.4,2172.0,2258.377,2126.53,403.232,55.04,73.756,72.812,73.575,51.69,1.406,2.803,0.373,76.944,61.53,87.339,47.19,0.0,76.655,80.601,76.552,82.344,34.386,53.407,44.445,-10.828,46.969,94.625,72.0,74.688,55.5,56.438,0.0,48.344,72.0,70.0,1000.0,200.0,0.233,301.5,68.813,68.563,-0.052,72.438,72.5,55.531,56.188,0.0,54.0,72.0,70.0,1000.0,200.0,0.356,650.0,76.25,76.375,0.01,71.875,71.625,55.875,56.719,0.0,65.5,72.0,70.0,1000.0,200.0,0.361,659.0,76.0,76.438,0.021,71.938,69.5,56.063,57.344,0.0,56.875,72.0,70.0,1000.0,200.0,0.263,562.5,74.438,74.375,-0.004,1.0,1.0,1.0,1.0,1.0,1.0,1.0,1.0,1.0,1.0,1.0,1.0,1.0,1.0,1.0,1.0,12.672,12.733,11.789,12.406,1.0,1.0,1.0,1.0,1.0,1.0,1.0,1.0,1.0,1.0,1.0,1.0,1.0,1.0,1.0,1.0,335.0,522.5,524.5,528.0,303.25,529.5,527.0,521.0,-0.009,6.228,0.0,16.46,1.67,0.385,-0.002,-0.0,-0.001,-0.0
9072007,1545,1.0,1.0,1.0,1.0,100.0,44.945,40.0,40.0,40.0,1.0,1.0,1681.991,381.845,0.012,11.822,0.0,80.0,55.0,1.4,2172.0,2273.689,2124.748,408.183,55.04,73.756,72.707,73.681,51.69,1.387,2.76,0.37,76.966,61.544,87.087,47.33,0.0,76.44,80.527,76.552,82.344,34.386,53.407,44.372,-10.82,47.031,94.5,72.125,74.125,55.5,56.438,0.0,47.563,72.0,70.0,1000.0,200.0,0.245,310.25,68.813,68.563,-0.052,72.438,72.25,55.531,56.094,0.0,54.875,72.0,70.0,1000.0,200.0,0.361,654.5,76.25,76.375,0.01,72.063,71.625,55.875,56.719,0.0,64.875,72.0,70.0,1000.0,200.0,0.359,655.0,76.0,76.563,0.021,72.0,69.813,56.125,57.344,0.0,57.594,72.0,70.0,1000.0,200.0,0.261,560.5,74.438,74.375,-0.004,1.0,1.0,1.0,1.0,1.0,1.0,1.0,1.0,1.0,1.0,1.0,1.0,1.0,1.0,1.0,1.0,12.68,12.733,11.79,12.406,1.0,1.0,1.0,1.0,1.0,1.0,1.0,1.0,1.0,1.0,1.0,1.0,1.0,1.0,1.0,1.0,335.25,522.5,524.5,528.0,303.25,529.0,527.0,521.5,-0.005,6.207,0.0,16.403,1.682,0.382,-0.002,-0.0,-0.002,-0.0
9072007,1546,1.0,1.0,1.0,1.0,100.0,45.008,40.0,40.0,40.0,1.0,1.0,1679.649,384.187,0.022,11.866,0.0,80.0,55.0,1.4,2181.25,2290.721,2128.313,413.387,55.04,73.65,72.601,73.575,51.69,1.364,2.81,0.366,77.198,61.59,87.115,47.358,0.0,76.44,80.527,76.445,82.27,34.532,53.302,44.445,-10.82,46.906,94.563,72.125,73.938,55.406,56.344,0.0,47.406,72.0,70.0,1000.0,200.0,0.244,309.0,68.813,68.75,-0.052,72.625,72.375,55.531,56.094,0.0,54.875,72.0,70.0,1000.0,200.0,0.365,662.5,76.25,76.375,0.01,71.688,71.625,55.875,56.719,0.0,66.938,72.0,70.0,1000.0,200.0,0.37,665.0,76.125,76.563,0.018,71.938,69.813,56.063,57.281,0.0,57.156,72.0,70.0,1000.0,200.0,0.264,562.0,74.438,74.313,-0.004,1.0,1.0,1.0,1.0,1.0,1.0,1.0,1.0,1.0,1.0,1.0,1.0,1.0,1.0,1.0,1.0,12.675,12.729,11.787,12.398,1.0,1.0,1.0,1.0,1.0,1.0,1.0,1.0,1.0,1.0,1.0,1.0,1.0,1.0,1.0,1.0,335.25,522.5,525.0,528.0,303.25,529.0,527.0,521.5,-0.009,6.267,0.0,16.343,1.68,0.384,-0.0,-0.0,-0.001,-0.0
9072007,1547,1.0,1.0,1.0,1.0,100.0,45.052,40.0,40.0,40.0,1.0,1.0,1666.764,388.873,0.022,11.792,0.0,80.0,55.0,1.4,2200.0,2263.479,2115.847,404.907,55.04,73.756,72.707,73.681,51.69,1.398,2.818,0.362,77.12,61.767,86.975,47.246,0.0,76.333,80.527,76.445,82.27,34.459,53.302,44.372,-10.82,46.844,94.563,72.125,74.25,55.5,56.438,0.0,47.25,72.0,70.0,1000.0,200.0,0.247,308.0,68.813,68.563,-0.052,72.25,72.188,55.531,56.094,0.0,54.281,72.0,70.0,1000.0,200.0,0.375,671.0,76.25,76.375,0.01,72.063,71.625,55.875,56.594,0.0,65.313,72.0,70.0,1000.0,200.0,0.356,652.5,76.0,76.563,0.02,71.938,69.5,56.063,57.344,0.0,57.688,72.0,70.0,1000.0,200.0,0.253,552.0,74.438,74.375,-0.004,1.0,1.0,1.0,1.0,1.0,1.0,1.0,1.0,1.0,1.0,1.0,1.0,1.0,1.0,1.0,1.0,12.687,12.744,11.795,12.418,1.0,1.0,1.0,1.0,1.0,1.0,1.0,1.0,1.0,1.0,1.0,1.0,1.0,1.0,1.0,1.0,335.5,522.5,524.5,527.5,303.25,529.0,527.0,521.0,-0.009,6.204,0.0,16.241,1.667,0.389,-0.002,-0.0,-0.002,-0.0
9072007,1548,1.0,1.0,1.0,1.0,100.0,45.132,40.0,40.0,40.0,1.0,1.0,1648.023,390.044,0.012,11.837,0.0,80.0,55.0,1.4,2186.5,2278.797,2144.391,410.406,55.04,73.65,72.707,73.681,51.69,1.391,2.785,0.362,77.146,61.713,87.059,47.19,0.0,76.225,80.527,76.445,82.27,34.459,53.198,44.445,-10.82,47.0,94.5,72.125,74.188,55.5,56.438,0.0,47.75,72.0,70.0,1000.0,200.0,0.243,309.0,68.813,68.563,-0.052,72.125,72.25,55.531,56.094,0.0,55.094,72.0,70.0,1000.0,200.0,0.356,651.5,76.25,76.375,0.01,72.063,71.938,55.656,56.719,0.0,65.375,72.0,70.0,1000.0,200.0,0.373,668.5,76.125,76.438,0.019,71.938,69.5,56.063,57.281,0.0,56.188,72.0,70.0,1000.0,200.0,0.264,561.5,74.438,74.375,-0.004,1.0,1.0,1.0,1.0,1.0,1.0,1.0,1.0,1.0,1.0,1.0,1.0,1.0,1.0,1.0,1.0,12.68,12.73,11.793,12.404,1.0,1.0,1.0,1.0,1.0,1.0,1.0,1.0,1.0,1.0,1.0,1.0,1.0,1.0,1.0,1.0,335.5,522.5,525.0,527.5,303.25,528.5,527.5,521.0,-0.005,6.308,0.0,16.423,1.648,0.39,-0.002,-0.0,-0.001,-0.0
9072007,1549,1.0,1.0,1.0,1.0,100.0,44.891,40.0,40.0,40.0,1.0,1.0,1700.732,388.873,0.012,11.866,0.0,80.0,55.0,1.4,2195.0,2292.426,2139.025,412.863,54.932,73.65,72.707,73.681,51.583,1.383,2.814,0.366,77.193,61.738,87.059,47.386,0.0,76.225,80.453,76.445,82.196,34.532,53.407,44.445,-10.828,46.813,94.5,72.0,74.125,55.406,56.344,0.0,47.25,72.0,70.0,1000.0,200.0,0.246,309.75,68.813,68.563,-0.052,72.313,72.25,55.531,56.094,0.0,54.188,72.0,70.0,1000.0,200.0,0.369,666.5,76.25,76.5,0.01,71.875,71.625,55.656,56.594,0.0,66.125,72.0,70.0,1000.0,200.0,0.368,665.0,76.0,76.438,0.022,71.938,69.688,56.063,57.281,0.0,55.969,72.0,70.0,1000.0,200.0,0.262,559.5,74.313,74.375,-0.004,1.0,1.0,1.0,1.0,1.0,1.0,1.0,1.0,1.0,1.0,1.0,1.0,1.0,1.0,1.0,1.0,12.678,12.73,11.795,12.404,1.0,1.0,1.0,1.0,1.0,1.0,1.0,1.0,1.0,1.0,1.0,1.0,1.0,1.0,1.0,1.0,335.5,522.5,524.5,527.5,303.25,528.5,527.0,521.0,-0.005,6.232,0.0,16.343,1.701,0.389,-0.002,-0.0,-0.001,0.0
9072007,1550,1.0,1.0,1.0,1.0,100.0,45.119,40.0,40.0,40.0,1.0,1.0,1701.903,393.558,0.012,11.881,0.0,80.0,55.0,1.4,2195.0,2280.5,2142.601,407.405,55.04,73.862,72.812,73.892,51.583,1.394,2.803,0.366,77.205,61.781,87.115,47.246,0.0,76.333,80.453,76.445,82.27,34.459,53.407,44.518,-10.82,47.0,94.5,72.125,74.188,55.406,56.344,0.0,47.25,72.0,70.0,1000.0,200.0,0.248,311.75,68.813,68.563,-0.052,72.313,72.375,55.531,56.094,0.0,54.906,72.0,70.0,1000.0,200.0,0.371,667.5,76.25,76.375,0.01,72.063,71.438,55.656,56.719,0.0,65.688,72.0,70.0,1000.0,200.0,0.359,656.0,76.125,76.438,0.019,72.0,69.5,56.063,57.281,0.0,57.25,72.0,70.0,1000.0,200.0,0.26,559.0,74.438,74.375,-0.004,1.0,1.0,1.0,1.0,1.0,1.0,1.0,1.0,1.0,1.0,1.0,1.0,1.0,1.0,1.0,1.0,12.665,12.721,11.789,12.394,1.0,1.0,1.0,1.0,1.0,1.0,1.0,1.0,1.0,1.0,1.0,1.0,1.0,1.0,1.0,1.0,335.25,522.5,524.5,527.5,303.25,529.0,527.0,521.0,-0.005,6.307,0.0,16.605,1.702,0.394,-0.002,-0.0,-0.001,-0.0
9072007,1551,1.0,1.0,1.0,1.0,100.0,45.253,40.0,40.0,40.0,1.0,1.0,1711.274,386.53,0.022,11.822,0.0,80.0,55.0,1.4,2192.0,2299.245,2156.933,417.675,55.04,73.756,72.812,73.575,51.69,1.379,2.825,0.377,77.311,61.868,87.031,47.106,0.0,76.225,80.453,76.552,82.196,34.606,53.407,44.518,-10.82,46.625,94.438,72.125,74.188,55.5,56.344,0.0,47.594,72.0,70.0,1000.0,200.0,0.246,310.25,69.0,68.75,-0.052,72.25,72.563,55.531,56.094,0.0,54.281,72.0,70.0,1000.0,200.0,0.373,669.5,76.25,76.375,0.01,72.063,71.625,55.656,56.594,0.0,65.75,72.0,70.0,1000.0,200.0,0.375,668.0,76.0,76.438,0.017,71.938,69.688,56.063,57.281,0.0,56.406,72.0,70.0,1000.0,200.0,0.26,554.5,74.313,74.375,-0.004,1.0,1.0,1.0,1.0,1.0,1.0,1.0,1.0,1.0,1.0,1.0,1.0,1.0,1.0,1.0,1.0,12.678,12.716,11.789,12.393,1.0,1.0,1.0,1.0,1.0,1.0,1.0,1.0,1.0,1.0,1.0,1.0,1.0,1.0,1.0,1.0,335.25,523.0,524.5,527.5,303.25,529.5,527.0,521.0,-0.01,6.233,0.0,16.28,1.711,0.387,-0.002,-0.0,-0.001,0.0
9072007,1552,1.0,1.0,1.0,1.0,100.0,45.301,40.0,40.0,40.0,1.0,1.0,1666.764,390.044,0.022,11.807,0.0,80.0,55.0,1.4,2193.5,2287.313,2142.601,412.48,55.04,73.756,72.707,73.892,51.583,1.372,2.778,0.359,77.303,61.83,86.778,47.162,0.0,76.118,80.453,76.552,82.196,34.532,53.198,44.518,-10.82,46.719,94.438,72.0,74.25,55.406,56.344,0.0,47.375,72.0,70.0,1000.0,200.0,0.248,311.25,68.688,68.563,-0.052,72.0,72.375,55.531,56.094,0.0,55.219,72.0,70.0,1000.0,200.0,0.367,664.5,76.25,76.375,0.01,71.875,71.563,55.656,56.594,0.0,66.5,72.0,70.0,1000.0,200.0,0.368,663.5,76.125,76.438,0.017,71.938,69.688,56.063,57.281,0.0,56.75,72.0,70.0,1000.0,200.0,0.26,557.5,74.438,74.313,-0.004,1.0,1.0,1.0,1.0,1.0,1.0,1.0,1.0,1.0,1.0,1.0,1.0,1.0,1.0,1.0,1.0,12.665,12.721,11.789,12.396,1.0,1.0,1.0,1.0,1.0,1.0,1.0,1.0,1.0,1.0,1.0,1.0,1.0,1.0,1.0,1.0,335.25,522.5,525.0,527.5,303.25,530.0,527.5,521.0,-0.01,6.317,0.0,16.381,1.667,0.39,-0.001,-0.0,-0.001,-0.0
9072007,1553,1.0,1.0,1.0,1.0,100.0,45.037,40.0,40.0,40.0,1.0,1.0,1674.964,395.9,0.012,11.881,0.0,80.0,55.0,1.4,2196.5,2273.689,2155.14,399.058,55.255,73.65,72.601,73.681,51.583,1.402,2.825,0.377,77.308,61.857,87.031,47.05,0.0,76.548,80.305,76.445,82.123,34.459,53.198,44.518,-10.828,46.906,94.438,72.0,74.188,55.406,56.344,0.0,47.063,72.0,70.0,1000.0,200.0,0.251,313.5,68.813,68.563,-0.052,72.125,71.875,55.531,56.094,0.0,55.0,72.0,70.0,1000.0,200.0,0.356,655.5,76.125,76.375,0.01,71.75,71.625,55.656,56.594,0.0,64.313,72.0,70.0,1000.0,200.0,0.364,660.5,76.125,76.438,0.017,72.0,69.688,56.063,57.281,0.0,56.125,72.0,70.0,1000.0,200.0,0.264,560.0,74.438,74.375,-0.004,1.0,1.0,1.0,1.0,1.0,1.0,1.0,1.0,1.0,1.0,1.0,1.0,1.0,1.0,1.0,1.0,12.687,12.727,11.792,12.402,1.0,1.0,1.0,1.0,1.0,1.0,1.0,1.0,1.0,1.0,1.0,1.0,1.0,1.0,1.0,1.0,335.25,522.5,524.5,527.5,303.25,531.0,527.5,521.0,-0.006,6.378,0.0,16.605,1.675,0.396,-0.002,-0.0,-0.001,-0.0
9072007,1554,1.0,1.0,1.0,1.0,100.0,45.055,40.0,40.0,40.0,1.0,1.0,1667.936,387.701,0.022,11.822,0.0,80.0,55.0,1.4,2187.0,2263.479,2133.666,404.625,54.932,73.756,72.812,73.892,51.583,1.398,2.825,0.359,77.304,61.843,87.003,47.05,0.0,76.44,80.379,76.552,82.123,34.532,53.198,44.518,-10.82,46.781,94.438,72.0,74.125,55.406,56.344,0.0,47.844,72.0,70.0,1000.0,200.0,0.241,306.0,68.813,68.563,-0.052,72.125,72.0,55.531,56.094,0.0,54.625,72.0,70.0,1000.0,200.0,0.368,665.0,76.25,76.375,0.01,71.75,71.938,55.656,56.594,0.0,64.813,72.0,70.0,1000.0,200.0,0.36,659.0,76.125,76.563,0.021,71.938,69.688,56.063,57.281,0.0,56.563,72.0,70.0,1000.0,200.0,0.256,551.5,74.438,74.375,-0.004,1.0,1.0,1.0,1.0,1.0,1.0,1.0,1.0,1.0,1.0,1.0,1.0,1.0,1.0,1.0,1.0,12.698,12.738,11.8,12.414,1.0,1.0,1.0,1.0,1.0,1.0,1.0,1.0,1.0,1.0,1.0,1.0,1.0,1.0,1.0,1.0,335.5,522.5,524.5,527.5,303.25,529.5,527.0,521.5,-0.01,6.325,0.0,16.402,1.668,0.388,-0.002,-0.0,-0.001,-0.0
9072007,1555,1.0,1.0,1.0,1.0,100.0,45.075,40.0,40.0,40.0,1.0,1.0,1676.135,386.53,0.012,11.732,0.0,80.0,55.0,1.4,2187.0,2275.391,2131.881,400.534,54.932,73.756,72.812,73.681,51.583,1.387,2.803,0.366,77.301,61.842,87.031,46.938,0.0,76.655,80.305,76.339,82.123,34.606,53.407,44.518,-10.82,46.75,94.5,72.0,74.563,55.406,56.344,0.0,47.719,72.0,70.0,1000.0,200.0,0.242,308.75,68.813,68.563,-0.052,72.313,72.0,55.531,55.906,0.0,55.25,72.0,70.0,1000.0,200.0,0.371,666.0,76.25,76.375,0.01,71.75,71.938,55.656,56.719,0.0,65.063,72.0,70.0,1000.0,200.0,0.355,654.0,76.125,76.438,0.021,71.938,69.813,56.063,57.281,0.0,56.688,72.0,70.0,1000.0,200.0,0.26,556.0,74.438,74.375,-0.004,1.0,1.0,1.0,1.0,1.0,1.0,1.0,1.0,1.0,1.0,1.0,1.0,1.0,1.0,1.0,1.0,12.705,12.742,11.805,12.415,1.0,1.0,1.0,1.0,1.0,1.0,1.0,1.0,1.0,1.0,1.0,1.0,1.0,1.0,1.0,1.0,335.75,522.5,525.0,527.5,303.5,530.0,527.5,521.0,-0.006,6.185,0.0,16.156,1.676,0.387,-0.002,-0.0,-0.001,-0.0
9072007,1556,1.0,1.0,1.0,1.0,100.0,45.08,40.0,40.0,40.0,1.0,1.0,1689.019,386.53,0.012,11.747,0.0,80.0,55.0,1.4,2184.5,2271.987,2126.53,407.885,54.932,73.756,72.707,73.681,51.583,1.413,2.832,0.377,77.301,61.842,87.087,47.022,0.0,76.762,80.379,76.339,82.123,34.532,53.302,44.445,-10.82,46.75,94.438,72.0,74.188,55.5,56.344,0.0,46.844,72.0,70.0,1000.0,200.0,0.252,313.5,69.0,68.563,-0.052,72.25,72.188,55.344,56.094,0.0,55.5,72.0,70.0,1000.0,200.0,0.374,668.5,76.25,76.375,0.01,71.875,71.625,55.656,56.594,0.0,65.25,72.0,70.0,1000.0,200.0,0.353,649.0,76.125,76.438,0.017,71.938,69.688,56.063,57.281,0.0,57.313,72.0,70.0,1000.0,200.0,0.255,552.5,74.438,74.313,-0.004,1.0,1.0,1.0,1.0,1.0,1.0,1.0,1.0,1.0,1.0,1.0,1.0,1.0,1.0,1.0,1.0,12.697,12.734,11.795,12.407,1.0,1.0,1.0,1.0,1.0,1.0,1.0,1.0,1.0,1.0,1.0,1.0,1.0,1.0,1.0,1.0,335.5,522.0,525.0,527.5,303.25,530.5,527.5,521.0,-0.005,6.204,0.0,16.179,1.689,0.387,-0.003,-0.0,-0.001,-0.0
9072007,1557,1.0,1.0,1.0,1.0,100.0,45.098,40.0,40.0,40.0,1.0,1.0,1685.505,390.044,0.022,11.807,0.0,80.0,55.0,1.4,2189.0,2273.689,2130.097,404.782,54.932,73.756,72.707,73.681,51.583,1.41,2.807,0.373,77.299,61.838,86.862,47.05,0.0,76.762,80.379,76.339,82.123,34.606,53.407,44.591,-10.82,46.594,94.438,72.125,73.938,55.406,56.25,0.0,47.75,72.0,70.0,1000.0,200.0,0.239,305.0,68.813,68.563,-0.052,72.25,72.375,55.344,56.094,0.0,55.625,72.0,70.0,1000.0,200.0,0.371,666.5,76.25,76.375,0.01,71.75,71.938,55.656,56.594,0.0,65.063,72.0,70.0,1000.0,200.0,0.366,662.0,76.0,76.563,0.02,72.063,69.688,56.063,57.281,0.0,57.594,72.0,70.0,1000.0,200.0,0.254,551.0,74.438,74.313,-0.004,1.0,1.0,1.0,1.0,1.0,1.0,1.0,1.0,1.0,1.0,1.0,1.0,1.0,1.0,1.0,1.0,12.714,12.752,11.803,12.427,1.0,1.0,1.0,1.0,1.0,1.0,1.0,1.0,1.0,1.0,1.0,1.0,1.0,1.0,1.0,1.0,335.5,522.5,524.5,527.5,303.25,529.5,527.0,521.5,-0.009,6.271,0.0,16.379,1.686,0.39,-0.002,-0.0,-0.002,-0.0
9072007,1558,1.0,1.0,1.0,1.0,100.0,45.053,40.0,40.0,40.0,1.0,1.0,1678.477,390.044,0.022,11.881,0.0,80.0,55.0,1.4,2180.75,2275.391,2135.452,403.538,54.932,73.756,72.707,73.681,51.476,1.406,2.81,0.37,77.278,61.839,86.862,47.078,0.0,76.655,80.379,76.339,82.123,34.679,53.198,44.664,-10.82,46.438,94.375,72.0,73.938,55.5,56.344,0.0,47.969,72.0,70.0,1000.0,200.0,0.239,307.75,68.813,68.438,-0.052,72.25,72.25,55.531,55.906,0.0,54.938,72.0,70.0,1000.0,200.0,0.385,679.0,76.25,76.375,0.01,71.875,71.813,55.875,56.594,0.0,64.0,72.0,70.0,1000.0,200.0,0.348,645.0,76.125,76.438,0.021,72.0,69.5,55.844,57.281,0.0,57.0,72.0,70.0,1000.0,200.0,0.254,551.0,74.438,74.375,-0.004,1.0,1.0,1.0,1.0,1.0,1.0,1.0,1.0,1.0,1.0,1.0,1.0,1.0,1.0,1.0,1.0,12.688,12.733,11.797,12.409,1.0,1.0,1.0,1.0,1.0,1.0,1.0,1.0,1.0,1.0,1.0,1.0,1.0,1.0,1.0,1.0,335.5,522.5,524.5,527.5,303.25,530.0,527.5,521.0,-0.009,6.406,0.0,16.482,1.678,0.39,-0.003,-0.0,-0.001,-0.0
9072007,1559,1.0,1.0,1.0,1.0,100.0,44.999,40.0,40.0,40.0,1.0,1.0,1700.732,384.187,0.012,11.747,0.0,80.0,55.0,1.4,2187.5,2273.689,2121.186,413.685,54.932,73.756,72.812,73.681,51.583,1.398,2.821,0.366,77.283,61.826,86.918,46.938,0.0,76.655,80.231,76.339,81.975,34.606,53.407,44.518,-10.82,46.656,94.375,72.0,74.25,55.406,56.344,0.0,47.625,72.0,70.0,1000.0,200.0,0.249,311.5,68.813,68.563,-0.052,72.25,72.0,55.531,55.906,0.0,55.719,72.0,70.0,1000.0,200.0,0.385,680.0,76.25,76.375,0.01,71.875,71.625,55.656,56.531,0.0,64.938,72.0,70.0,1000.0,200.0,0.35,647.0,76.125,76.438,0.021,71.938,69.5,55.844,57.281,0.0,57.844,72.0,70.0,1000.0,200.0,0.252,549.5,74.438,74.375,-0.004,1.0,1.0,1.0,1.0,1.0,1.0,1.0,1.0,1.0,1.0,1.0,1.0,1.0,1.0,1.0,1.0,12.711,12.75,11.816,12.425,1.0,1.0,1.0,1.0,1.0,1.0,1.0,1.0,1.0,1.0,1.0,1.0,1.0,1.0,1.0,1.0,336.0,522.5,524.5,527.0,303.5,530.5,527.5,521.0,-0.005,6.193,0.0,16.177,1.701,0.384,-0.002,-0.0,-0.001,-0.0
9072007,1600,1.0,1.0,1.0,1.0,100.0,44.974,40.0,40.0,40.0,1.0,1.0,1694.876,387.701,0.012,11.792,0.0,80.0,55.0,1.4,2189.5,2270.285,2137.238,411.203,54.932,73.756,72.812,73.787,51.583,1.402,2.8,0.359,77.283,61.826,86.918,46.938,0.0,76.548,80.157,76.339,81.975,34.606,53.302,44.518,-10.82,46.563,94.375,72.0,74.188,55.5,56.438,0.0,47.469,72.0,70.0,1000.0,200.0,0.25,312.75,68.813,68.563,-0.052,72.313,72.25,55.531,55.906,0.0,55.438,72.0,70.0,1000.0,200.0,0.386,680.5,76.25,76.375,0.01,71.75,71.938,55.656,56.594,0.0,63.719,72.0,70.0,1000.0,200.0,0.35,647.5,76.125,76.438,0.018,72.0,69.5,56.063,57.281,0.0,57.938,72.0,70.0,1000.0,200.0,0.253,550.5,74.438,74.375,-0.004,1.0,1.0,1.0,1.0,1.0,1.0,1.0,1.0,1.0,1.0,1.0,1.0,1.0,1.0,1.0,1.0,12.69,12.739,11.798,12.414,1.0,1.0,1.0,1.0,1.0,1.0,1.0,1.0,1.0,1.0,1.0,1.0,1.0,1.0,1.0,1.0,335.5,522.5,524.5,527.5,303.25,530.0,527.5,521.5,-0.006,6.252,0.0,16.239,1.695,0.388,-0.002,-0.0,-0.001,-0.0
9072007,1601,1.0,1.0,1.0,1.0,100.0,44.982,40.0,40.0,40.0,1.0,1.0,1687.848,384.187,0.022,11.852,0.0,80.0,55.0,1.4,2189.5,2273.689,2130.097,406.163,55.04,73.756,72.812,73.681,51.583,1.406,2.814,0.366,77.287,61.826,87.227,46.882,0.0,76.655,80.157,76.339,82.049,34.532,53.407,44.591,-10.82,47.0,94.5,72.0,74.438,55.406,56.25,0.0,47.188,72.0,70.0,1000.0,200.0,0.249,311.75,68.813,68.563,-0.052,72.313,72.375,55.625,55.906,0.0,56.625,72.0,70.0,1000.0,200.0,0.385,680.0,76.25,76.375,0.01,72.063,71.938,55.656,56.594,0.0,63.531,72.0,70.0,1000.0,200.0,0.347,644.5,76.125,76.563,0.012,72.0,69.688,55.844,57.281,0.0,57.219,72.0,70.0,1000.0,200.0,0.259,556.0,74.438,74.375,-0.004,1.0,1.0,1.0,1.0,1.0,1.0,1.0,1.0,1.0,1.0,1.0,1.0,1.0,1.0,1.0,1.0,12.693,12.738,11.797,12.414,1.0,1.0,1.0,1.0,1.0,1.0,1.0,1.0,1.0,1.0,1.0,1.0,1.0,1.0,1.0,1.0,335.75,522.5,524.5,527.5,303.5,530.5,527.5,521.0,-0.011,6.316,0.0,16.564,1.688,0.384,-0.002,-0.0,-0.001,-0.0
9072007,1602,1.0,1.0,1.0,1.0,100.0,45.255,40.0,40.0,40.0,1.0,1.0,1718.302,390.044,0.022,11.852,0.0,80.0,55.0,1.4,2192.5,2292.426,2137.238,416.574,55.04,74.074,73.022,73.892,51.69,1.387,2.803,0.366,77.287,61.83,86.834,46.826,0.0,76.762,80.157,76.445,81.901,34.606,53.302,44.591,-10.82,46.344,94.438,72.125,73.938,55.406,56.344,0.0,47.688,72.0,70.0,1000.0,200.0,0.246,310.5,68.813,68.563,-0.052,72.25,72.188,55.344,55.906,0.0,56.469,72.0,70.0,1000.0,200.0,0.394,687.0,76.375,76.375,0.01,71.875,72.0,55.656,56.594,0.0,64.5,72.0,70.0,1000.0,200.0,0.358,655.0,76.125,76.438,0.02,71.813,69.688,56.063,57.281,0.0,57.781,72.0,70.0,1000.0,200.0,0.253,552.5,74.438,74.313,-0.004,1.0,1.0,1.0,1.0,1.0,1.0,1.0,1.0,1.0,1.0,1.0,1.0,1.0,1.0,1.0,1.0,12.693,12.741,11.8,12.418,1.0,1.0,1.0,1.0,1.0,1.0,1.0,1.0,1.0,1.0,1.0,1.0,1.0,1.0,1.0,1.0,335.5,522.5,524.5,527.5,303.5,530.0,527.5,521.0,-0.01,6.33,0.0,16.442,1.718,0.39,-0.002,0.0,-0.001,-0.0
9072007,1603,1.0,1.0,1.0,1.0,100.0,45.017,40.0,40.0,40.0,1.0,1.0,1712.445,386.53,0.012,11.762,0.0,80.0,55.0,1.4,2212.0,2278.797,2140.813,412.761,55.04,73.968,73.022,73.892,51.583,1.394,2.814,0.366,77.328,61.871,86.582,46.91,0.0,76.548,80.083,76.445,81.975,34.532,53.407,44.591,-10.82,46.281,94.25,72.125,73.938,55.5,56.344,0.0,47.25,72.0,70.0,1000.0,200.0,0.248,311.0,68.813,68.438,-0.052,72.25,72.188,55.531,56.094,0.0,56.188,72.0,70.0,1000.0,200.0,0.399,692.0,76.25,76.375,0.01,71.875,71.813,55.656,56.719,0.0,64.438,72.0,70.0,1000.0,200.0,0.347,643.5,76.125,76.438,0.017,72.0,69.688,56.063,57.281,0.0,57.125,72.0,70.0,1000.0,200.0,0.257,554.0,74.438,74.375,-0.004,1.0,1.0,1.0,1.0,1.0,1.0,1.0,1.0,1.0,1.0,1.0,1.0,1.0,1.0,1.0,1.0,12.703,12.763,11.813,12.435,1.0,1.0,1.0,1.0,1.0,1.0,1.0,1.0,1.0,1.0,1.0,1.0,1.0,1.0,1.0,1.0,335.75,522.5,524.5,527.5,303.5,530.5,527.5,521.0,-0.006,6.268,0.0,16.438,1.712,0.387,-0.003,-0.0,-0.001,-0.0
9072007,1604,1.0,1.0,1.0,1.0,100.0,45.228,40.0,40.0,40.0,1.0,1.0,1686.677,380.674,0.022,11.762,0.0,80.0,55.0,1.4,2194.75,2282.203,2133.666,413.672,55.04,74.074,72.917,73.681,51.583,1.379,2.818,0.366,77.35,61.884,87.059,46.938,0.0,76.655,80.157,76.339,81.975,34.606,53.198,44.591,-10.82,46.688,94.313,72.0,74.75,55.406,56.344,0.0,47.563,72.0,70.0,1000.0,200.0,0.248,311.25,68.813,68.563,-0.052,72.25,72.0,55.531,55.906,0.0,55.875,72.0,70.0,1000.0,200.0,0.4,691.5,76.25,76.375,0.01,71.688,72.188,55.656,56.594,0.0,63.563,72.0,70.0,1000.0,200.0,0.345,643.5,76.125,76.438,0.021,71.938,69.5,56.063,57.281,0.0,57.938,72.0,70.0,1000.0,200.0,0.252,549.0,74.438,74.375,-0.004,1.0,1.0,1.0,1.0,1.0,1.0,1.0,1.0,1.0,1.0,1.0,1.0,1.0,1.0,1.0,1.0,12.706,12.767,11.818,12.44,1.0,1.0,1.0,1.0,1.0,1.0,1.0,1.0,1.0,1.0,1.0,1.0,1.0,1.0,1.0,1.0,336.25,522.5,524.5,527.0,303.5,530.5,527.0,521.0,-0.01,6.317,0.0,16.317,1.687,0.381,-0.002,-0.0,-0.001,-0.0
9072007,1605,1.0,1.0,1.0,1.0,100.0,45.02,40.0,40.0,40.0,1.0,1.0,1678.477,387.701,0.012,11.807,0.0,80.0,55.0,1.4,2190.75,2263.479,2128.313,403.656,54.932,73.968,73.022,73.892,51.476,1.421,2.818,0.373,77.213,61.883,86.526,46.854,0.0,76.655,80.157,76.445,81.975,34.606,53.407,44.591,-10.828,46.281,94.25,72.0,74.438,55.5,56.25,0.0,46.813,72.0,70.0,1000.0,200.0,0.253,313.25,69.0,68.563,-0.052,72.0,72.0,55.531,56.094,0.0,56.156,72.0,70.0,1000.0,200.0,0.381,678.0,76.25,76.375,0.01,71.875,71.563,55.656,56.719,0.0,64.25,72.0,70.0,1000.0,200.0,0.337,636.0,76.125,76.563,0.017,71.938,69.5,56.063,57.281,0.0,56.781,72.0,70.0,1000.0,200.0,0.255,551.0,74.438,74.375,-0.004,1.0,1.0,1.0,1.0,1.0,1.0,1.0,1.0,1.0,1.0,1.0,1.0,1.0,1.0,1.0,1.0,12.709,12.771,11.822,12.443,1.0,1.0,1.0,1.0,1.0,1.0,1.0,1.0,1.0,1.0,1.0,1.0,1.0,1.0,1.0,1.0,336.25,522.5,524.5,527.5,303.5,530.5,527.0,521.0,-0.006,6.271,0.0,16.379,1.678,0.388,-0.003,-0.0,-0.001,-0.0
9072007,1606,1.0,1.0,1.0,1.0,100.0,44.953,40.0,40.0,40.0,1.0,1.0,1679.649,384.187,0.022,11.822,0.0,80.0,55.0,1.4,2190.75,2275.391,2130.097,405.567,54.932,73.756,72.812,73.681,51.583,1.383,2.821,0.355,77.289,61.82,86.778,46.77,0.0,76.655,80.083,76.233,81.901,34.679,53.302,44.518,-10.82,46.375,94.313,72.0,74.125,55.406,56.344,0.0,47.969,72.0,70.0,1000.0,200.0,0.24,307.25,68.813,68.438,-0.052,72.313,72.188,55.531,55.906,0.0,56.844,72.0,70.0,1000.0,200.0,0.388,680.0,76.25,76.375,0.01,71.875,71.625,55.656,56.594,0.0,64.813,72.0,70.0,1000.0,200.0,0.353,647.5,76.125,76.438,0.02,72.0,69.688,56.063,57.281,0.0,57.063,72.0,70.0,1000.0,200.0,0.25,550.5,74.313,74.375,-0.004,1.0,1.0,1.0,1.0,1.0,1.0,1.0,1.0,1.0,1.0,1.0,1.0,1.0,1.0,1.0,1.0,12.714,12.779,11.82,12.453,1.0,1.0,1.0,1.0,1.0,1.0,1.0,1.0,1.0,1.0,1.0,1.0,1.0,1.0,1.0,1.0,336.25,522.5,524.5,527.0,303.25,531.5,527.0,521.5,-0.01,6.246,0.0,16.16,1.68,0.384,-0.003,-0.0,-0.001,0.0
9072007,1607,1.0,1.0,1.0,1.0,100.0,44.895,40.0,40.0,40.0,1.0,1.0,1705.417,386.53,0.022,11.896,0.0,80.0,55.0,1.4,2187.25,2294.131,2144.391,413.315,55.148,73.756,72.707,73.787,51.583,1.379,2.8,0.351,77.342,61.832,86.75,46.854,0.0,76.87,80.083,76.233,81.975,34.679,53.302,44.664,-10.828,46.219,94.25,72.0,73.938,55.5,56.25,0.0,47.5,72.0,70.0,1000.0,200.0,0.246,310.25,68.813,68.563,-0.052,72.313,72.188,55.531,55.906,0.0,57.156,72.0,70.0,1000.0,200.0,0.395,687.0,76.25,76.5,0.01,72.063,71.625,55.656,56.719,0.0,65.313,72.0,70.0,1000.0,200.0,0.357,653.5,76.125,76.563,0.021,71.813,69.813,55.844,57.281,0.0,57.219,72.0,70.0,1000.0,200.0,0.252,551.0,74.438,74.375,-0.004,1.0,1.0,1.0,1.0,1.0,1.0,1.0,1.0,1.0,1.0,1.0,1.0,1.0,1.0,1.0,1.0,12.731,12.788,11.826,12.467,1.0,1.0,1.0,1.0,1.0,1.0,1.0,1.0,1.0,1.0,1.0,1.0,1.0,1.0,1.0,1.0,336.5,522.5,524.5,527.0,303.5,531.0,527.0,521.5,-0.011,6.378,0.0,16.502,1.705,0.387,-0.002,-0.0,-0.001,-0.0
9072007,1608,1.0,1.0,1.0,1.0,100.0,44.873,40.0,40.0,40.0,1.0,1.0,1686.677,387.701,0.022,11.852,0.0,80.0,55.0,1.4,2206.0,2290.721,2144.391,415.867,54.932,73.756,72.707,73.681,51.583,1.383,2.814,0.362,77.397,61.939,86.722,46.882,0.0,76.44,80.009,76.445,81.827,34.679,53.302,44.664,-10.82,46.188,94.25,72.0,73.938,55.406,56.344,0.0,47.813,72.0,70.0,1000.0,200.0,0.247,311.25,68.688,68.438,-0.052,72.25,72.188,55.531,55.906,0.0,57.25,72.0,70.0,1000.0,200.0,0.397,690.5,76.25,76.375,0.01,72.063,71.625,55.656,56.594,0.0,64.0,72.0,70.0,1000.0,200.0,0.361,658.5,76.0,76.438,0.019,71.938,69.813,55.844,57.281,0.0,57.25,72.0,70.0,1000.0,200.0,0.248,543.5,74.313,74.375,-0.004,1.0,1.0,1.0,1.0,1.0,1.0,1.0,1.0,1.0,1.0,1.0,1.0,1.0,1.0,1.0,1.0,12.716,12.785,11.825,12.453,1.0,1.0,1.0,1.0,1.0,1.0,1.0,1.0,1.0,1.0,1.0,1.0,1.0,1.0,1.0,1.0,336.25,522.5,524.5,527.0,303.5,531.0,527.0,521.5,-0.011,6.355,0.0,16.441,1.687,0.388,-0.002,-0.0,-0.001,0.0
9072007,1609,1.0,1.0,1.0,1.0,100.0,44.858,40.0,40.0,40.0,1.0,1.0,1669.107,391.215,0.012,11.837,0.0,80.0,55.0,1.4,2194.25,2282.203,2142.601,413.183,54.932,73.756,72.812,73.681,51.476,1.41,2.814,0.359,77.382,61.906,86.75,46.854,0.0,76.44,80.009,76.233,81.827,34.606,53.302,44.518,-10.82,46.406,94.125,72.0,74.125,55.406,56.25,0.0,47.156,72.0,70.0,1000.0,200.0,0.251,313.0,68.813,68.563,-0.052,72.313,72.0,55.344,55.906,0.0,57.781,72.0,70.0,1000.0,200.0,0.403,695.0,76.25,76.375,0.01,71.75,71.813,55.656,56.594,0.0,64.75,72.0,70.0,1000.0,200.0,0.345,643.0,76.0,76.563,0.017,71.938,69.688,55.844,57.281,0.0,57.469,72.0,70.0,1000.0,200.0,0.246,543.0,74.313,74.375,-0.004,1.0,1.0,1.0,1.0,1.0,1.0,1.0,1.0,1.0,1.0,1.0,1.0,1.0,1.0,1.0,1.0,12.708,12.774,11.822,12.45,1.0,1.0,1.0,1.0,1.0,1.0,1.0,1.0,1.0,1.0,1.0,1.0,1.0,1.0,1.0,1.0,336.25,522.5,524.5,527.0,303.25,531.0,527.0,521.5,-0.006,6.276,0.0,16.301,1.669,0.391,-0.002,-0.0,-0.001,0.0
9072007,1610,1.0,1.0,1.0,1.0,100.0,45.36,40.0,40.0,40.0,1.0,1.0,1720.644,393.558,0.022,11.822,0.0,80.0,55.0,1.4,2205.25,2304.362,2153.346,413.375,54.932,73.756,72.812,73.681,51.583,1.375,2.821,0.373,77.484,61.99,86.975,46.798,0.0,76.44,79.935,76.233,81.827,34.679,53.302,44.591,-10.82,46.406,94.313,72.0,74.563,55.406,56.344,0.0,47.406,72.0,70.0,1000.0,200.0,0.246,310.25,68.813,68.438,-0.052,72.25,72.188,55.531,55.906,0.0,57.969,72.0,70.0,1000.0,200.0,0.396,689.0,76.25,76.375,0.01,72.063,71.438,55.656,56.594,0.0,64.188,72.0,70.0,1000.0,200.0,0.359,658.0,76.125,76.563,0.011,71.938,69.688,56.063,57.281,0.0,55.875,72.0,70.0,1000.0,200.0,0.256,553.0,74.313,74.313,-0.004,1.0,1.0,1.0,1.0,1.0,1.0,1.0,1.0,1.0,1.0,1.0,1.0,1.0,1.0,1.0,1.0,12.721,12.787,11.838,12.46,1.0,1.0,1.0,1.0,1.0,1.0,1.0,1.0,1.0,1.0,1.0,1.0,1.0,1.0,1.0,1.0,336.75,522.0,524.5,527.0,303.25,532.0,526.5,521.5,-0.011,6.292,0.0,16.28,1.721,0.394,-0.003,-0.0,-0.001,0.0
9072007,1611,1.0,1.0,1.0,1.0,100.0,44.868,40.0,40.0,40.0,1.0,1.0,1717.13,397.072,0.012,11.822,0.0,80.0,55.0,1.4,2205.25,2314.601,2162.32,413.171,54.932,73.968,72.917,73.892,51.583,1.379,2.814,0.366,77.548,61.962,86.89,46.77,0.0,76.44,80.009,76.233,81.827,34.679,53.407,44.664,-10.82,46.469,94.188,72.0,74.438,55.406,56.344,0.0,47.531,72.0,70.0,1000.0,200.0,0.245,309.0,68.813,68.563,-0.052,72.25,72.188,55.531,56.094,0.0,57.688,72.0,70.0,1000.0,200.0,0.419,711.0,76.25,76.375,0.01,71.875,71.313,55.656,56.594,0.0,65.125,72.0,70.0,1000.0,200.0,0.355,653.5,76.125,76.438,0.021,71.938,69.813,55.844,57.188,0.0,57.531,72.0,70.0,1000.0,200.0,0.244,539.0,74.438,74.375,-0.004,1.0,1.0,1.0,1.0,1.0,1.0,1.0,1.0,1.0,1.0,1.0,1.0,1.0,1.0,1.0,1.0,12.723,12.788,11.847,12.462,1.0,1.0,1.0,1.0,1.0,1.0,1.0,1.0,1.0,1.0,1.0,1.0,1.0,1.0,1.0,1.0,337.0,522.5,524.5,527.0,303.5,531.5,526.5,521.5,-0.006,6.303,0.0,16.4,1.717,0.397,-0.002,-0.0,-0.001,-0.0
9072007,1612,1.0,1.0,1.0,1.0,100.0,44.868,40.0,40.0,40.0,1.0,1.0,1707.76,395.9,0.022,11.881,0.0,80.0,55.0,1.4,2219.75,2287.313,2153.346,412.032,55.04,73.862,72.812,73.787,51.69,1.402,2.836,0.37,77.573,62.071,87.087,46.742,0.0,76.655,79.935,76.233,81.827,34.679,53.511,44.664,-10.82,46.563,94.375,72.0,74.688,55.5,56.438,0.0,47.219,72.0,70.0,1000.0,200.0,0.249,311.5,69.0,68.563,-0.052,72.25,71.75,55.531,55.906,0.0,57.688,72.0,70.0,1000.0,200.0,0.412,703.0,76.25,76.375,0.01,71.875,71.625,55.875,56.594,0.0,65.688,72.0,70.0,1000.0,200.0,0.355,649.5,76.125,76.563,0.018,71.813,69.688,56.063,57.281,0.0,56.563,72.0,70.0,1000.0,200.0,0.24,538.0,74.313,74.375,-0.004,1.0,1.0,1.0,1.0,1.0,1.0,1.0,1.0,1.0,1.0,1.0,1.0,1.0,1.0,1.0,1.0,12.719,12.785,11.831,12.456,1.0,1.0,1.0,1.0,1.0,1.0,1.0,1.0,1.0,1.0,1.0,1.0,1.0,1.0,1.0,1.0,336.5,522.5,524.5,527.0,303.5,532.0,527.0,521.5,-0.011,6.299,0.0,16.482,1.708,0.396,-0.003,-0.0,-0.001,0.0
9072007,1613,1.0,1.0,1.0,1.0,100.0,45.185,40.0,40.0,40.0,1.0,1.0,1691.362,383.016,0.022,11.732,0.0,80.0,55.0,1.4,2208.25,2311.187,2153.346,421.808,55.04,73.968,73.022,73.998,51.69,1.375,2.828,0.373,77.64,62.052,86.947,46.798,0.0,76.655,80.009,76.233,81.827,34.679,53.302,44.736,-10.82,46.438,94.25,71.938,74.188,55.406,56.344,0.0,47.156,72.0,70.0,1000.0,200.0,0.246,309.75,68.688,68.438,-0.052,72.125,72.0,55.531,56.094,0.0,58.313,72.0,70.0,1000.0,200.0,0.409,700.0,76.25,76.375,0.01,72.188,71.625,55.875,56.594,0.0,65.125,72.0,70.0,1000.0,200.0,0.365,662.0,76.125,76.563,0.017,71.938,69.688,56.063,57.281,0.0,55.813,72.0,70.0,1000.0,200.0,0.249,546.0,74.438,74.375,-0.004,1.0,1.0,1.0,1.0,1.0,1.0,1.0,1.0,1.0,1.0,1.0,1.0,1.0,1.0,1.0,1.0,12.73,12.79,11.836,12.465,1.0,1.0,1.0,1.0,1.0,1.0,1.0,1.0,1.0,1.0,1.0,1.0,1.0,1.0,1.0,1.0,336.75,522.0,524.5,527.0,303.5,533.0,527.0,521.5,-0.011,6.336,0.0,16.392,1.691,0.383,-0.002,-0.0,-0.001,-0.0
9072007,1614,1.0,1.0,1.0,1.0,100.0,45.758,40.0,40.0,40.0,1.0,1.0,1705.417,388.873,0.012,11.837,0.0,80.0,55.0,1.4,2208.25,2289.017,2147.97,409.877,55.04,73.756,72.707,73.787,51.69,1.402,2.85,0.366,77.635,62.164,86.638,46.854,0.0,76.655,79.861,76.339,81.753,34.606,53.407,44.664,-10.82,46.313,94.25,71.938,74.25,55.688,56.344,0.0,47.313,72.0,70.0,1000.0,200.0,0.241,306.0,68.813,68.438,-0.052,72.125,72.0,55.531,55.906,0.0,57.219,72.0,70.0,1000.0,200.0,0.414,705.5,76.25,76.375,0.01,71.688,71.938,55.875,56.594,0.0,64.375,72.0,70.0,1000.0,200.0,0.345,642.5,76.125,76.563,0.019,71.938,69.813,56.063,57.188,0.0,55.625,72.0,70.0,1000.0,200.0,0.252,550.0,74.438,74.375,-0.004,1.0,1.0,1.0,1.0,1.0,1.0,1.0,1.0,1.0,1.0,1.0,1.0,1.0,1.0,1.0,1.0,12.721,12.788,11.843,12.461,1.0,1.0,1.0,1.0,1.0,1.0,1.0,1.0,1.0,1.0,1.0,1.0,1.0,1.0,1.0,1.0,336.75,522.0,525.0,527.0,303.25,532.5,527.0,521.0,-0.006,6.332,0.0,16.541,1.705,0.389,-0.003,-0.0,-0.001,-0.0
9072007,1615,1.0,1.0,1.0,1.0,100.0,45.851,40.0,40.0,40.0,1.0,1.0,1689.019,390.044,0.022,11.852,0.0,80.0,55.0,1.4,2202.75,2275.391,2130.097,412.747,55.255,74.074,73.022,73.892,51.583,1.421,2.839,0.37,77.63,62.109,86.638,46.798,0.0,76.87,79.787,76.339,81.753,34.679,53.302,44.591,-10.82,46.313,94.125,71.938,74.125,55.5,56.344,0.0,47.813,72.0,70.0,1000.0,200.0,0.237,305.25,68.813,68.563,-0.052,72.0,72.25,55.344,55.906,0.0,57.531,72.0,70.0,1000.0,200.0,0.418,707.5,76.25,76.375,0.01,72.063,71.625,55.656,56.594,0.0,63.5,72.0,70.0,1000.0,200.0,0.347,644.5,76.125,76.563,0.02,71.938,69.688,55.844,57.281,0.0,56.406,72.0,70.0,1000.0,200.0,0.241,536.5,74.313,74.375,-0.004,1.0,1.0,1.0,1.0,1.0,1.0,1.0,1.0,1.0,1.0,1.0,1.0,1.0,1.0,1.0,1.0,12.721,12.782,11.838,12.46,1.0,1.0,1.0,1.0,1.0,1.0,1.0,1.0,1.0,1.0,1.0,1.0,1.0,1.0,1.0,1.0,336.75,522.5,524.5,527.0,303.25,533.0,526.5,521.0,-0.013,6.308,0.0,16.321,1.689,0.39,-0.002,-0.0,-0.001,0.0
9072007,1616,1.0,1.0,1.0,1.0,100.0,45.165,40.0,40.0,40.0,1.0,1.0,1718.302,391.215,0.012,11.822,0.0,80.0,55.0,1.4,2198.0,2309.481,2146.18,418.265,54.932,73.968,73.022,73.892,51.583,1.391,2.843,0.359,77.657,62.105,86.526,46.854,0.0,76.548,79.787,76.339,81.753,34.679,53.198,44.664,-10.828,46.063,94.188,72.0,74.25,55.406,56.344,0.0,47.656,72.0,70.0,1000.0,200.0,0.244,309.75,68.813,68.563,-0.052,72.25,72.188,55.531,55.906,0.0,57.563,72.0,70.0,1000.0,200.0,0.411,702.5,76.25,76.375,0.01,72.063,71.625,55.656,56.594,0.0,64.75,72.0,70.0,1000.0,200.0,0.361,657.5,76.125,76.563,0.02,72.0,69.813,56.063,57.281,0.0,55.188,72.0,70.0,1000.0,200.0,0.248,545.0,74.313,74.375,-0.004,1.0,1.0,1.0,1.0,1.0,1.0,1.0,1.0,1.0,1.0,1.0,1.0,1.0,1.0,1.0,1.0,12.703,12.767,11.814,12.44,1.0,1.0,1.0,1.0,1.0,1.0,1.0,1.0,1.0,1.0,1.0,1.0,1.0,1.0,1.0,1.0,335.75,522.5,524.5,527.0,303.25,533.0,527.0,521.5,-0.007,6.374,0.0,16.4,1.718,0.391,-0.002,-0.0,-0.001,0.0
9072007,1617,1.0,1.0,1.0,1.0,100.0,45.16,40.0,40.0,40.0,1.0,1.0,1681.991,391.215,0.012,11.837,0.0,80.0,55.0,1.4,2216.25,2290.721,2147.97,414.455,54.932,73.756,72.707,73.681,51.476,1.406,2.81,0.377,77.649,62.12,86.414,46.798,0.0,76.44,79.787,76.127,81.679,34.679,53.302,44.664,-10.82,46.063,94.125,72.0,74.125,55.406,56.344,0.0,46.938,72.0,70.0,1000.0,200.0,0.25,310.75,68.813,68.563,-0.052,72.25,72.188,55.344,55.906,0.0,57.563,72.0,70.0,1000.0,200.0,0.415,704.5,76.25,76.375,0.01,72.188,71.313,55.875,56.594,0.0,64.313,72.0,70.0,1000.0,200.0,0.359,655.5,76.125,76.563,0.018,72.0,69.813,56.063,57.281,0.0,56.656,72.0,70.0,1000.0,200.0,0.236,531.5,74.438,74.313,-0.004,1.0,1.0,1.0,1.0,1.0,1.0,1.0,1.0,1.0,1.0,1.0,1.0,1.0,1.0,1.0,1.0,12.703,12.768,11.818,12.445,1.0,1.0,1.0,1.0,1.0,1.0,1.0,1.0,1.0,1.0,1.0,1.0,1.0,1.0,1.0,1.0,336.0,522.5,525.0,527.0,303.5,533.0,527.0,521.5,-0.006,6.347,0.0,16.421,1.682,0.391,-0.002,-0.0,-0.001,-0.0
9072007,1618,1.0,1.0,1.0,1.0,100.0,45.145,40.0,40.0,40.0,1.0,1.0,1677.306,391.215,0.012,11.807,0.0,80.0,55.0,1.4,2210.0,2268.583,2142.601,409.696,54.932,73.756,72.707,73.681,51.476,1.413,2.843,0.366,77.565,62.096,86.358,46.91,0.0,76.44,79.787,76.127,81.679,34.752,53.198,44.664,-10.82,46.094,93.938,71.938,74.125,55.406,56.344,0.0,48.438,72.0,70.0,1000.0,200.0,0.237,304.0,68.813,68.438,-0.052,72.25,72.0,55.344,55.906,0.0,58.031,72.0,70.0,1000.0,200.0,0.418,708.0,76.25,76.375,0.01,71.875,71.438,55.656,56.594,0.0,64.438,72.0,70.0,1000.0,200.0,0.345,644.0,76.125,76.563,0.017,72.0,69.875,56.063,57.281,0.0,55.906,72.0,70.0,1000.0,200.0,0.24,536.0,74.313,74.5,-0.004,1.0,1.0,1.0,1.0,1.0,1.0,1.0,1.0,1.0,1.0,1.0,1.0,1.0,1.0,1.0,1.0,12.709,12.765,11.823,12.442,1.0,1.0,1.0,1.0,1.0,1.0,1.0,1.0,1.0,1.0,1.0,1.0,1.0,1.0,1.0,1.0,336.25,522.0,525.0,527.0,303.5,534.0,526.5,521.5,-0.006,6.345,0.0,16.259,1.677,0.391,-0.003,-0.0,-0.001,0.0
9072007,1619,1.0,1.0,1.0,1.0,100.0,45.048,40.0,40.0,40.0,1.0,1.0,1720.644,392.387,0.012,11.822,0.0,80.0,55.0,1.4,2202.5,2290.721,2151.554,414.403,55.148,73.968,72.917,73.787,51.583,1.398,2.807,0.37,77.611,62.088,86.89,46.742,0.0,76.762,79.787,76.127,81.679,34.752,53.407,44.664,-10.82,46.5,94.125,72.0,74.25,55.5,56.25,0.0,47.406,72.0,70.0,1000.0,200.0,0.247,310.75,68.688,68.438,-0.052,72.25,72.0,55.531,55.906,0.0,59.281,72.0,70.0,1000.0,200.0,0.413,703.5,76.25,76.375,0.01,71.75,71.625,55.656,56.594,0.0,63.906,72.0,70.0,1000.0,200.0,0.35,647.0,76.125,76.438,0.018,72.0,69.875,56.063,57.281,0.0,56.438,72.0,70.0,1000.0,200.0,0.247,545.0,74.313,74.375,-0.004,1.0,1.0,1.0,1.0,1.0,1.0,1.0,1.0,1.0,1.0,1.0,1.0,1.0,1.0,1.0,1.0,12.713,12.775,11.826,12.45,1.0,1.0,1.0,1.0,1.0,1.0,1.0,1.0,1.0,1.0,1.0,1.0,1.0,1.0,1.0,1.0,336.25,522.5,524.5,526.5,303.5,533.0,526.5,521.5,-0.006,6.281,0.0,16.28,1.721,0.392,-0.002,-0.0,-0.001,0.0
9072007,1620,1.0,1.0,1.0,1.0,100.0,45.086,40.0,40.0,40.0,1.0,1.0,1710.103,390.044,0.012,11.807,0.0,80.0,55.0,1.4,2202.5,2309.481,2169.511,417.196,54.932,73.968,73.022,73.892,51.69,1.356,2.807,0.366,77.697,62.089,86.694,46.77,0.0,76.655,79.787,76.127,81.679,34.679,53.302,44.664,-10.828,46.188,94.063,72.0,74.563,55.5,56.344,0.0,47.5,72.0,70.0,1000.0,200.0,0.246,309.5,68.813,68.438,-0.052,72.25,72.188,55.531,55.906,0.0,58.469,72.0,70.0,1000.0,200.0,0.43,720.0,76.25,76.375,0.01,72.375,71.625,55.656,56.594,0.0,64.688,72.0,70.0,1000.0,200.0,0.351,650.5,76.125,76.563,0.02,71.938,69.875,56.063,57.281,0.0,56.031,72.0,70.0,1000.0,200.0,0.246,542.5,74.313,74.375,-0.004,1.0,1.0,1.0,1.0,1.0,1.0,1.0,1.0,1.0,1.0,1.0,1.0,1.0,1.0,1.0,1.0,12.721,12.782,11.83,12.456,1.0,1.0,1.0,1.0,1.0,1.0,1.0,1.0,1.0,1.0,1.0,1.0,1.0,1.0,1.0,1.0,336.5,522.5,524.5,527.0,303.25,534.5,526.5,521.5,-0.006,6.33,0.0,16.379,1.71,0.39,-0.003,-0.0,-0.001,0.0
9072007,1621,1.0,1.0,1.0,1.0,100.0,45.787,40.0,40.0,40.0,1.0,1.0,1694.876,390.044,0.022,11.837,0.0,80.0,55.0,1.4,2225.0,2282.203,2147.97,416.527,55.255,73.862,72.812,73.787,51.798,1.391,2.861,0.366,77.691,62.177,86.89,46.714,0.0,76.87,79.713,76.233,81.679,34.679,53.302,44.736,-10.82,46.531,94.25,72.0,74.563,55.406,56.344,0.0,47.031,72.0,70.0,1000.0,200.0,0.25,312.0,68.813,68.563,-0.052,72.25,72.0,55.531,55.906,0.0,59.5,72.0,70.0,1000.0,200.0,0.422,711.0,76.25,76.375,0.01,72.063,72.0,55.656,56.531,0.0,64.813,72.0,70.0,1000.0,200.0,0.352,652.0,76.125,76.438,0.014,71.938,70.0,56.063,57.281,0.0,55.719,72.0,70.0,1000.0,200.0,0.245,539.0,74.313,74.375,-0.004,1.0,1.0,1.0,1.0,1.0,1.0,1.0,1.0,1.0,1.0,1.0,1.0,1.0,1.0,1.0,1.0,12.733,12.785,11.838,12.461,1.0,1.0,1.0,1.0,1.0,1.0,1.0,1.0,1.0,1.0,1.0,1.0,1.0,1.0,1.0,1.0,336.75,522.0,525.0,526.5,303.25,533.5,527.0,521.5,-0.012,6.392,0.0,16.539,1.695,0.39,-0.002,-0.0,-0.001,0.0
9072007,1622,1.0,1.0,1.0,1.0,100.0,45.602,40.0,40.0,40.0,1.0,1.0,1718.302,392.387,0.012,11.822,0.0,80.0,55.0,1.4,2213.0,2314.601,2158.728,422.045,55.04,73.862,72.812,73.787,51.69,1.383,2.81,0.381,77.705,62.157,86.89,46.714,0.0,76.762,79.639,76.127,81.606,34.825,53.302,44.809,-10.82,46.563,94.125,71.938,74.188,55.5,56.344,0.0,47.031,72.0,70.0,1000.0,200.0,0.247,311.0,68.813,68.438,-0.052,72.25,71.75,55.531,55.906,0.0,59.781,72.0,70.0,1000.0,200.0,0.42,708.5,76.25,76.375,0.01,71.875,71.813,55.875,56.719,0.0,64.75,72.0,70.0,1000.0,200.0,0.355,654.5,76.125,76.563,0.02,71.813,69.688,56.063,57.281,0.0,55.094,72.0,70.0,1000.0,200.0,0.247,543.0,74.313,74.375,-0.004,1.0,1.0,1.0,1.0,1.0,1.0,1.0,1.0,1.0,1.0,1.0,1.0,1.0,1.0,1.0,1.0,12.723,12.795,11.835,12.468,1.0,1.0,1.0,1.0,1.0,1.0,1.0,1.0,1.0,1.0,1.0,1.0,1.0,1.0,1.0,1.0,336.5,522.5,525.0,526.5,303.25,534.5,526.5,521.5,-0.007,6.388,0.0,16.397,1.718,0.392,-0.003,-0.0,-0.001,0.0
9072007,1623,1.0,1.0,1.0,1.0,100.0,45.469,40.0,40.0,40.0,1.0,1.0,1707.76,391.215,0.012,11.822,0.0,80.0,55.0,1.4,2209.0,2290.721,2142.601,422.956,55.04,73.862,72.707,73.787,51.69,1.375,2.825,0.355,77.703,62.162,86.582,46.882,0.0,76.762,79.639,76.127,81.606,34.752,53.302,44.809,-10.82,46.25,94.188,71.938,74.125,55.5,56.438,0.0,47.906,72.0,70.0,1000.0,200.0,0.238,303.75,68.813,68.438,-0.052,72.125,71.75,55.531,55.906,0.0,58.625,72.0,70.0,1000.0,200.0,0.438,725.5,76.25,76.375,0.01,72.063,71.563,55.875,56.594,0.0,65.063,72.0,70.0,1000.0,200.0,0.354,652.0,76.125,76.438,0.021,71.938,69.813,56.063,57.281,0.0,56.5,72.0,70.0,1000.0,200.0,0.234,532.0,74.438,74.375,-0.004,1.0,1.0,1.0,1.0,1.0,1.0,1.0,1.0,1.0,1.0,1.0,1.0,1.0,1.0,1.0,1.0,12.731,12.795,11.825,12.465,1.0,1.0,1.0,1.0,1.0,1.0,1.0,1.0,1.0,1.0,1.0,1.0,1.0,1.0,1.0,1.0,336.5,522.0,525.0,526.5,303.5,534.5,526.5,521.5,-0.007,6.409,0.0,16.518,1.708,0.391,-0.003,-0.0,-0.001,-0.0
9072007,1624,1.0,1.0,1.0,1.0,100.0,45.581,40.0,40.0,40.0,1.0,1.0,1747.584,397.072,0.012,11.762,0.0,80.0,55.0,1.4,2209.0,2311.187,2164.116,418.649,55.04,74.074,73.022,73.998,51.69,1.383,2.846,0.373,77.749,62.204,86.61,46.882,0.0,76.762,79.565,76.127,81.606,34.679,53.302,44.809,-10.82,46.25,94.063,71.938,74.25,55.688,56.344,0.0,47.375,72.0,70.0,1000.0,200.0,0.246,309.75,68.688,68.438,-0.052,72.25,71.875,55.531,55.906,0.0,58.906,72.0,70.0,1000.0,200.0,0.438,724.5,76.25,76.375,0.01,71.875,71.813,55.656,56.594,0.0,64.875,72.0,70.0,1000.0,200.0,0.343,641.5,76.125,76.438,0.017,71.938,69.688,56.063,57.281,0.0,55.219,72.0,70.0,1000.0,200.0,0.248,545.5,74.313,74.375,-0.004,1.0,1.0,1.0,1.0,1.0,1.0,1.0,1.0,1.0,1.0,1.0,1.0,1.0,1.0,1.0,1.0,12.723,12.785,11.823,12.46,1.0,1.0,1.0,1.0,1.0,1.0,1.0,1.0,1.0,1.0,1.0,1.0,1.0,1.0,1.0,1.0,336.25,522.5,525.0,527.0,303.5,535.0,526.5,521.5,-0.007,6.398,0.0,16.554,1.748,0.397,-0.002,-0.0,-0.001,0.0
9072007,1625,1.0,1.0,1.0,1.0,100.0,45.635,40.0,40.0,40.0,1.0,1.0,1700.732,393.558,0.012,11.792,0.0,80.0,55.0,1.4,2221.75,2292.426,2155.14,415.172,55.04,73.862,72.812,73.681,51.69,1.387,2.814,0.373,77.764,62.213,86.526,46.854,0.0,76.548,79.639,76.127,81.606,34.752,53.302,44.882,-10.82,46.219,94.063,71.938,74.438,55.5,56.344,0.0,47.344,72.0,70.0,1000.0,200.0,0.243,307.0,68.813,68.563,-0.052,72.25,71.875,55.531,55.906,0.0,59.406,72.0,70.0,1000.0,200.0,0.438,727.0,76.25,76.375,0.01,71.75,71.625,55.656,56.594,0.0,63.219,72.0,70.0,1000.0,200.0,0.347,645.0,76.125,76.563,0.018,71.938,69.813,56.063,57.281,0.0,56.188,72.0,70.0,1000.0,200.0,0.236,531.5,74.313,74.375,-0.004,1.0,1.0,1.0,1.0,1.0,1.0,1.0,1.0,1.0,1.0,1.0,1.0,1.0,1.0,1.0,1.0,12.713,12.788,11.82,12.462,1.0,1.0,1.0,1.0,1.0,1.0,1.0,1.0,1.0,1.0,1.0,1.0,1.0,1.0,1.0,1.0,336.25,522.5,525.0,526.5,303.25,535.0,526.5,521.5,-0.007,6.44,0.0,16.595,1.701,0.394,-0.002,-0.0,-0.001,0.0
9072007,1626,1.0,1.0,1.0,1.0,100.0,45.45,40.0,40.0,40.0,1.0,1.0,1694.876,394.729,0.012,11.792,0.0,80.0,55.0,1.4,2205.0,2292.426,2156.933,411.773,54.932,73.862,72.707,73.787,51.583,1.406,2.836,0.381,77.7,62.191,86.666,46.882,0.0,76.655,79.639,76.233,81.606,34.825,53.198,44.809,-10.828,46.375,94.0,72.0,74.188,55.5,56.344,0.0,47.813,72.0,70.0,1000.0,200.0,0.238,304.5,68.813,68.563,-0.052,72.25,72.188,55.344,55.906,0.0,59.75,72.0,70.0,1000.0,200.0,0.436,720.5,76.25,76.375,0.01,71.75,71.813,55.656,56.719,0.0,62.938,72.0,70.0,1000.0,200.0,0.344,644.0,76.125,76.438,0.017,71.938,69.813,56.063,57.281,0.0,56.531,72.0,70.0,1000.0,200.0,0.236,531.0,74.313,74.313,-0.004,1.0,1.0,1.0,1.0,1.0,1.0,1.0,1.0,1.0,1.0,1.0,1.0,1.0,1.0,1.0,1.0,12.728,12.792,11.828,12.465,1.0,1.0,1.0,1.0,1.0,1.0,1.0,1.0,1.0,1.0,1.0,1.0,1.0,1.0,1.0,1.0,336.25,522.5,525.0,526.5,303.25,535.0,526.5,521.5,-0.007,6.408,0.0,16.356,1.695,0.395,-0.002,-0.0,-0.001,0.0
9072007,1627,1.0,1.0,1.0,1.0,100.0,45.422,40.0,40.0,40.0,1.0,1.0,1726.501,393.558,0.022,11.881,0.0,80.0,55.0,1.4,2206.25,2292.426,2151.554,412.915,54.932,73.862,72.707,73.681,51.583,1.425,2.796,0.381,77.715,62.169,86.75,46.798,0.0,76.87,79.565,76.127,81.458,34.752,53.302,44.736,-10.828,46.344,94.063,72.0,74.125,55.5,56.438,0.0,48.188,72.0,70.0,1000.0,200.0,0.237,303.75,68.813,68.563,-0.052,72.25,72.0,55.531,55.906,0.0,59.063,72.0,70.0,1000.0,200.0,0.449,733.5,76.375,76.375,0.01,71.688,71.563,55.656,56.719,0.0,63.75,72.0,70.0,1000.0,200.0,0.332,629.5,76.125,76.438,0.019,72.0,69.875,56.063,57.281,0.0,56.563,72.0,70.0,1000.0,200.0,0.238,533.5,74.313,74.375,-0.004,1.0,1.0,1.0,1.0,1.0,1.0,1.0,1.0,1.0,1.0,1.0,1.0,1.0,1.0,1.0,1.0,12.731,12.796,11.846,12.468,1.0,1.0,1.0,1.0,1.0,1.0,1.0,1.0,1.0,1.0,1.0,1.0,1.0,1.0,1.0,1.0,336.75,522.0,524.5,526.5,303.5,536.0,526.5,521.5,-0.012,6.395,0.0,16.48,1.727,0.394,-0.002,0.0,-0.001,0.0
9072007,1628,1.0,1.0,1.0,1.0,100.0,45.466,40.0,40.0,40.0,1.0,1.0,1744.07,395.9,0.022,11.807,0.0,80.0,55.0,1.4,2205.75,2318.015,2162.32,415.853,54.932,73.756,72.812,73.787,51.69,1.387,2.861,0.359,77.765,62.194,86.834,46.798,0.0,76.87,79.639,76.127,81.458,34.752,53.302,44.882,-10.82,46.406,94.125,72.0,74.125,55.406,56.344,0.0,47.938,72.0,70.0,1000.0,200.0,0.245,310.25,68.813,68.563,-0.052,72.25,72.188,55.531,55.906,0.0,59.5,72.0,70.0,1000.0,200.0,0.442,728.5,76.25,76.25,0.01,71.875,71.625,55.656,56.594,0.0,63.344,72.0,70.0,1000.0,200.0,0.343,641.0,76.125,76.563,0.021,71.938,69.875,56.063,57.281,0.0,54.875,72.0,70.0,1000.0,200.0,0.249,545.0,74.313,74.375,-0.004,1.0,1.0,1.0,1.0,1.0,1.0,1.0,1.0,1.0,1.0,1.0,1.0,1.0,1.0,1.0,1.0,12.73,12.793,11.841,12.464,1.0,1.0,1.0,1.0,1.0,1.0,1.0,1.0,1.0,1.0,1.0,1.0,1.0,1.0,1.0,1.0,336.5,522.5,525.0,526.5,303.25,535.5,526.5,521.5,-0.011,6.448,0.0,16.616,1.744,0.396,-0.002,0.0,-0.001,0.0
9072007,1629,1.0,1.0,1.0,1.0,100.0,45.486,40.0,40.0,40.0,1.0,1.0,1731.186,388.873,0.012,11.881,0.0,80.0,55.0,1.4,2212.25,2314.601,2153.346,421.069,54.932,73.65,72.601,73.998,51.583,1.379,2.828,0.37,77.758,62.204,86.498,46.742,0.0,76.87,79.565,76.021,81.458,34.899,53.198,44.882,-10.828,46.0,94.125,72.125,74.25,55.5,56.344,0.0,47.813,72.0,70.0,1000.0,200.0,0.248,311.0,68.813,68.563,-0.052,72.25,72.0,55.344,55.906,0.0,60.438,72.0,70.0,1000.0,200.0,0.443,728.0,76.25,76.375,0.01,71.75,71.625,55.875,56.594,0.0,63.625,72.0,70.0,1000.0,200.0,0.338,638.5,76.125,76.563,0.021,72.0,69.688,55.844,57.281,0.0,54.75,72.0,70.0,1000.0,200.0,0.244,542.5,74.313,74.375,-0.004,1.0,1.0,1.0,1.0,1.0,1.0,1.0,1.0,1.0,1.0,1.0,1.0,1.0,1.0,1.0,1.0,12.744,12.807,11.856,12.483,1.0,1.0,1.0,1.0,1.0,1.0,1.0,1.0,1.0,1.0,1.0,1.0,1.0,1.0,1.0,1.0,337.25,522.5,525.0,526.5,303.25,535.5,526.5,521.5,-0.006,6.482,0.0,16.477,1.731,0.389,-0.002,-0.0,-0.001,0.0
9072007,1630,1.0,1.0,1.0,1.0,100.0,45.455,40.0,40.0,40.0,1.0,1.0,1725.33,384.187,0.012,11.896,0.0,80.0,55.0,1.4,2212.25,2300.951,2142.601,423.988,54.932,73.862,72.917,73.681,51.583,1.398,2.839,0.362,77.748,62.211,86.554,46.686,0.0,76.655,79.491,76.021,81.532,34.825,53.198,44.882,-10.82,46.188,94.063,72.125,74.563,55.406,56.344,0.0,47.5,72.0,70.0,1000.0,200.0,0.25,312.25,68.688,68.438,-0.052,72.25,72.188,55.219,55.906,0.0,59.875,72.0,70.0,1000.0,200.0,0.447,732.0,76.25,76.375,0.01,71.688,71.938,55.656,56.594,0.0,63.031,72.0,70.0,1000.0,200.0,0.335,633.0,76.125,76.563,0.019,71.938,69.875,55.844,57.281,0.0,55.469,72.0,70.0,1000.0,200.0,0.243,541.0,74.313,74.375,-0.004,1.0,1.0,1.0,1.0,1.0,1.0,1.0,1.0,1.0,1.0,1.0,1.0,1.0,1.0,1.0,1.0,12.734,12.795,11.847,12.467,1.0,1.0,1.0,1.0,1.0,1.0,1.0,1.0,1.0,1.0,1.0,1.0,1.0,1.0,1.0,1.0,337.0,522.0,525.0,526.5,303.25,536.0,526.5,521.5,-0.007,6.512,0.0,16.621,1.725,0.384,-0.002,-0.0,-0.001,0.0
9072007,1631,1.0,1.0,1.0,1.0,100.0,45.646,40.0,40.0,40.0,1.0,1.0,1703.075,391.215,0.012,11.822,0.0,80.0,55.0,1.4,2218.25,2292.426,2149.762,411.021,55.04,73.862,72.812,73.787,51.69,1.398,2.843,0.359,77.753,62.202,86.386,46.546,0.0,76.762,79.491,76.021,81.532,34.825,53.302,44.882,-10.82,45.781,94.0,72.0,74.25,55.406,56.344,0.0,47.188,72.0,70.0,1000.0,200.0,0.249,312.0,68.688,68.438,-0.052,72.25,72.25,55.531,55.906,0.0,60.188,72.0,70.0,1000.0,200.0,0.448,733.0,76.25,76.375,0.01,72.063,71.813,55.656,56.719,0.0,64.188,72.0,70.0,1000.0,200.0,0.33,627.5,76.125,76.563,0.025,71.938,69.813,56.063,57.281,0.0,55.719,72.0,70.0,1000.0,200.0,0.237,532.0,74.438,74.375,-0.004,1.0,1.0,1.0,1.0,1.0,1.0,1.0,1.0,1.0,1.0,1.0,1.0,1.0,1.0,1.0,1.0,12.738,12.8,11.851,12.473,1.0,1.0,1.0,1.0,1.0,1.0,1.0,1.0,1.0,1.0,1.0,1.0,1.0,1.0,1.0,1.0,337.25,522.5,525.0,526.5,303.5,536.0,526.5,521.5,-0.007,6.435,0.0,16.517,1.703,0.391,-0.002,-0.0,-0.002,-0.0
9072007,1632,1.0,1.0,1.0,1.0,100.0,45.415,40.0,40.0,40.0,1.0,1.0,1718.302,394.729,0.012,11.866,0.0,80.0,55.0,1.4,2201.75,2302.656,2171.31,412.189,54.932,74.18,73.127,73.998,51.583,1.387,2.821,0.362,77.769,62.198,86.638,46.602,0.0,76.762,79.491,76.021,81.458,34.825,53.302,44.809,-10.82,46.125,94.063,71.938,74.688,55.406,56.344,0.0,46.906,72.0,70.0,1000.0,200.0,0.248,310.75,68.813,68.563,-0.052,72.125,72.25,55.344,55.906,0.0,60.5,72.0,70.0,1000.0,200.0,0.445,729.5,76.25,76.375,0.01,71.75,71.625,55.656,56.594,0.0,63.938,72.0,70.0,1000.0,200.0,0.346,642.5,76.188,76.563,0.021,71.938,69.813,56.063,57.281,0.0,55.844,72.0,70.0,1000.0,200.0,0.235,533.5,74.438,74.375,-0.004,1.0,1.0,1.0,1.0,1.0,1.0,1.0,1.0,1.0,1.0,1.0,1.0,1.0,1.0,1.0,1.0,12.731,12.787,11.839,12.46,1.0,1.0,1.0,1.0,1.0,1.0,1.0,1.0,1.0,1.0,1.0,1.0,1.0,1.0,1.0,1.0,336.75,522.0,525.0,526.5,303.25,536.0,526.5,521.5,-0.007,6.412,0.0,16.458,1.718,0.395,-0.002,-0.0,-0.001,-0.0
9072007,1633,1.0,1.0,1.0,1.0,100.0,45.381,40.0,40.0,40.0,1.0,1.0,1719.473,400.586,0.022,11.866,0.0,80.0,55.0,1.4,2215.0,2289.017,2155.14,409.59,54.932,73.862,72.812,73.787,51.69,1.406,2.864,0.377,77.761,62.211,86.386,46.546,0.0,76.762,79.565,76.021,81.532,34.899,53.302,44.882,-10.828,45.781,93.938,72.0,74.188,55.406,56.344,0.0,47.469,72.0,70.0,1000.0,200.0,0.238,305.0,68.688,68.438,-0.052,72.125,72.0,55.344,55.781,0.0,59.281,72.0,70.0,1000.0,200.0,0.462,745.0,76.25,76.375,0.01,71.875,71.625,55.625,56.594,0.0,63.875,72.0,70.0,1000.0,200.0,0.333,631.0,76.125,76.563,0.021,72.0,69.688,56.063,57.281,0.0,55.969,72.0,70.0,1000.0,200.0,0.235,532.0,74.438,74.375,-0.004,1.0,1.0,1.0,1.0,1.0,1.0,1.0,1.0,1.0,1.0,1.0,1.0,1.0,1.0,1.0,1.0,12.734,12.795,11.846,12.467,1.0,1.0,1.0,1.0,1.0,1.0,1.0,1.0,1.0,1.0,1.0,1.0,1.0,1.0,1.0,1.0,336.75,522.5,524.5,526.5,303.5,536.5,526.5,521.5,-0.012,6.437,0.0,16.456,1.719,0.401,-0.002,-0.0,-0.001,-0.0
9072007,1634,1.0,1.0,1.0,1.0,100.0,45.326,40.0,40.0,40.0,1.0,1.0,1692.533,388.873,0.012,11.971,0.0,80.0,55.0,1.4,2215.0,2271.987,2139.025,402.513,54.932,73.862,72.812,73.787,51.583,1.421,2.821,0.366,77.734,62.204,86.358,46.63,0.0,76.762,79.417,76.127,81.458,34.899,53.302,44.882,-10.82,45.781,93.938,72.0,73.938,55.406,56.344,0.0,48.0,72.0,70.0,1000.0,200.0,0.237,305.0,68.688,68.563,-0.052,72.125,72.0,55.344,55.906,0.0,60.688,72.0,70.0,1000.0,200.0,0.449,732.0,76.375,76.375,0.01,72.063,71.438,55.656,56.594,0.0,63.625,72.0,70.0,1000.0,200.0,0.327,623.5,76.125,76.438,0.021,71.938,69.813,56.063,57.281,0.0,55.75,72.0,70.0,1000.0,200.0,0.236,532.0,74.313,74.375,-0.004,1.0,1.0,1.0,1.0,1.0,1.0,1.0,1.0,1.0,1.0,1.0,1.0,1.0,1.0,1.0,1.0,12.738,12.79,11.835,12.464,1.0,1.0,1.0,1.0,1.0,1.0,1.0,1.0,1.0,1.0,1.0,1.0,1.0,1.0,1.0,1.0,337.0,522.0,525.0,526.0,303.25,537.0,526.5,521.5,-0.007,6.494,0.0,16.602,1.693,0.389,-0.001,0.0,-0.001,0.0
9072007,1635,1.0,1.0,1.0,1.0,100.0,45.747,40.0,40.0,40.0,1.0,1.0,1708.931,390.044,0.022,11.926,0.0,80.0,55.0,1.4,2191.75,2312.894,2162.32,416.364,55.148,73.862,72.812,73.787,51.69,1.356,2.828,0.362,77.81,62.176,86.498,46.574,0.0,76.977,79.417,76.021,81.384,34.825,53.302,44.809,-10.82,45.781,93.875,72.0,73.938,55.406,56.344,0.0,48.125,72.0,70.0,1000.0,200.0,0.239,306.5,68.688,68.563,-0.052,72.25,71.875,55.344,55.781,0.0,60.563,72.0,70.0,1000.0,200.0,0.463,747.0,76.25,76.375,0.01,71.875,71.563,55.656,56.594,0.0,63.656,72.0,70.0,1000.0,200.0,0.341,639.5,76.125,76.563,0.02,72.0,69.813,56.063,57.281,0.0,56.188,72.0,70.0,1000.0,200.0,0.231,530.0,74.25,74.375,-0.004,1.0,1.0,1.0,1.0,1.0,1.0,1.0,1.0,1.0,1.0,1.0,1.0,1.0,1.0,1.0,1.0,12.731,12.784,11.835,12.46,1.0,1.0,1.0,1.0,1.0,1.0,1.0,1.0,1.0,1.0,1.0,1.0,1.0,1.0,1.0,1.0,336.75,522.0,525.0,526.0,303.5,536.0,526.5,521.5,-0.013,6.444,0.0,16.542,1.709,0.39,-0.001,-0.0,-0.001,0.0
9072007,1636,1.0,1.0,1.0,1.0,100.0,45.261,40.0,40.0,40.0,1.0,1.0,1725.33,400.586,0.012,11.837,0.0,80.0,55.0,1.4,2231.5,2287.313,2153.346,416.355,54.932,73.862,72.812,73.787,51.583,1.402,2.85,0.377,77.832,62.284,86.217,46.546,0.0,76.655,79.417,76.127,81.384,34.972,53.407,44.955,-10.82,45.656,93.875,72.0,74.188,55.406,56.344,0.0,47.188,72.0,70.0,1000.0,200.0,0.249,312.25,68.688,68.438,-0.052,72.25,71.875,55.344,55.906,0.0,60.594,72.0,70.0,1000.0,200.0,0.462,744.5,76.25,76.5,0.01,71.75,71.625,55.625,56.594,0.0,63.75,72.0,70.0,1000.0,200.0,0.328,628.5,76.125,76.563,0.018,71.813,69.813,55.844,57.281,0.0,55.531,72.0,70.0,1000.0,200.0,0.237,532.5,74.313,74.375,-0.004,1.0,1.0,1.0,1.0,1.0,1.0,1.0,1.0,1.0,1.0,1.0,1.0,1.0,1.0,1.0,1.0,12.738,12.793,11.841,12.467,1.0,1.0,1.0,1.0,1.0,1.0,1.0,1.0,1.0,1.0,1.0,1.0,1.0,1.0,1.0,1.0,336.75,522.0,524.5,526.5,303.5,536.5,526.5,521.5,-0.007,6.41,0.0,16.416,1.725,0.401,-0.002,-0.0,-0.001,0.0
9072007,1637,1.0,1.0,1.0,1.0,100.0,45.167,40.0,40.0,40.0,1.0,1.0,1728.844,395.9,0.022,11.807,0.0,80.0,55.0,1.4,2216.0,2285.61,2144.391,419.729,54.932,73.862,72.812,73.787,51.476,1.421,2.828,0.373,77.794,62.26,86.245,46.489,0.0,76.655,79.491,76.127,81.458,34.899,53.198,44.882,-10.828,45.625,93.813,72.0,73.938,55.406,56.344,0.0,46.781,72.0,70.0,1000.0,200.0,0.251,313.0,68.688,68.438,-0.052,72.125,72.375,55.344,55.781,0.0,60.563,72.0,70.0,1000.0,200.0,0.459,742.5,76.25,76.5,0.01,71.75,71.563,55.656,56.594,0.0,63.531,72.0,70.0,1000.0,200.0,0.323,620.0,76.125,76.438,0.02,71.938,69.688,56.063,57.281,0.0,56.031,72.0,70.0,1000.0,200.0,0.232,528.5,74.313,74.375,-0.004,1.0,1.0,1.0,1.0,1.0,1.0,1.0,1.0,1.0,1.0,1.0,1.0,1.0,1.0,1.0,1.0,12.741,12.788,11.833,12.465,1.0,1.0,1.0,1.0,1.0,1.0,1.0,1.0,1.0,1.0,1.0,1.0,1.0,1.0,1.0,1.0,336.75,522.0,525.0,526.5,303.5,536.0,526.5,522.0,-0.013,6.441,0.0,16.375,1.729,0.396,-0.002,-0.0,-0.001,0.0
9072007,1638,1.0,1.0,1.0,1.0,100.0,45.109,40.0,40.0,40.0,1.0,1.0,1714.788,388.873,0.012,11.807,0.0,80.0,55.0,1.4,2203.5,2297.54,2144.391,427.632,54.932,73.862,72.812,73.787,51.583,1.41,2.828,0.392,77.778,62.207,86.61,46.489,0.0,76.655,79.417,76.021,81.31,34.899,53.302,44.809,-10.82,46.031,93.938,72.0,74.75,55.406,56.344,0.0,48.281,72.0,70.0,1000.0,200.0,0.236,304.0,68.688,68.438,-0.052,72.313,72.25,55.344,55.906,0.0,61.406,72.0,70.0,1000.0,200.0,0.459,741.5,76.25,76.5,0.01,71.75,71.563,55.656,56.594,0.0,63.563,72.0,70.0,1000.0,200.0,0.339,635.0,76.125,76.563,0.017,72.0,69.688,55.844,57.281,0.0,55.969,72.0,70.0,1000.0,200.0,0.233,528.5,74.313,74.375,-0.004,1.0,1.0,1.0,1.0,1.0,1.0,1.0,1.0,1.0,1.0,1.0,1.0,1.0,1.0,1.0,1.0,12.752,12.798,11.852,12.472,1.0,1.0,1.0,1.0,1.0,1.0,1.0,1.0,1.0,1.0,1.0,1.0,1.0,1.0,1.0,1.0,337.0,522.0,525.0,526.5,303.5,536.5,526.5,521.5,-0.007,6.358,0.0,16.255,1.715,0.389,-0.002,-0.0,-0.001,0.0
9072007,1639,1.0,1.0,1.0,1.0,100.0,45.536,40.0,40.0,40.0,1.0,1.0,1705.417,391.215,0.022,11.866,0.0,80.0,55.0,1.4,2213.0,2297.54,2151.554,420.493,55.148,73.968,72.812,73.787,51.69,1.398,2.825,0.37,77.785,62.228,86.33,46.377,0.0,77.085,79.491,75.914,81.458,34.972,53.407,44.882,-10.82,45.719,93.875,72.0,74.188,55.406,56.344,0.0,47.156,72.0,70.0,1000.0,200.0,0.249,312.25,68.813,68.438,-0.052,72.313,72.5,55.344,55.781,0.0,60.531,72.0,70.0,1000.0,200.0,0.473,750.5,76.25,76.375,0.01,71.875,71.563,55.625,56.594,0.0,63.719,72.0,70.0,1000.0,200.0,0.325,624.0,76.125,76.438,0.019,71.938,69.875,55.844,57.281,0.0,55.875,72.0,70.0,1000.0,200.0,0.233,528.5,74.438,74.375,-0.004,1.0,1.0,1.0,1.0,1.0,1.0,1.0,1.0,1.0,1.0,1.0,1.0,1.0,1.0,1.0,1.0,12.733,12.79,11.843,12.462,1.0,1.0,1.0,1.0,1.0,1.0,1.0,1.0,1.0,1.0,1.0,1.0,1.0,1.0,1.0,1.0,336.75,522.5,525.0,526.0,303.25,536.0,526.5,522.0,-0.012,6.379,0.0,16.336,1.705,0.391,-0.003,-0.0,-0.001,-0.0
9072007,1640,1.0,1.0,1.0,1.0,100.0,45.354,40.0,40.0,40.0,1.0,1.0,1712.445,390.044,0.012,11.866,0.0,80.0,55.0,1.4,2213.0,2314.601,2155.14,422.062,55.04,73.862,72.812,73.998,51.69,1.383,2.807,0.366,77.796,62.229,86.498,46.433,0.0,77.085,79.491,76.021,81.384,34.972,53.302,44.955,-10.82,45.688,93.938,71.938,74.125,55.406,56.344,0.0,47.0,72.0,70.0,1000.0,200.0,0.248,311.0,68.688,68.438,-0.052,72.438,72.188,55.344,55.781,0.0,61.844,72.0,70.0,1000.0,200.0,0.48,756.5,76.375,76.375,0.01,71.875,71.563,55.656,56.594,0.0,63.406,72.0,70.0,1000.0,200.0,0.318,617.5,76.125,76.563,0.016,71.938,69.875,55.844,57.281,0.0,55.375,72.0,70.0,1000.0,200.0,0.24,538.5,74.313,74.375,-0.004,1.0,1.0,1.0,1.0,1.0,1.0,1.0,1.0,1.0,1.0,1.0,1.0,1.0,1.0,1.0,1.0,12.725,12.772,11.828,12.448,1.0,1.0,1.0,1.0,1.0,1.0,1.0,1.0,1.0,1.0,1.0,1.0,1.0,1.0,1.0,1.0,336.25,522.5,525.0,526.0,303.5,536.5,526.5,521.5,-0.007,6.463,0.0,16.456,1.712,0.39,-0.002,0.0,-0.001,0.0
9072007,1641,1.0,1.0,1.0,1.0,100.0,45.094,40.0,40.0,40.0,1.0,1.0,1712.445,394.729,0.022,11.896,0.0,80.0,55.0,1.4,2225.0,2304.362,2160.524,421.782,54.932,74.074,73.127,74.104,51.583,1.391,2.85,0.362,77.801,62.242,86.554,46.377,0.0,76.762,79.417,75.914,81.31,34.825,53.302,44.882,-10.82,45.969,93.938,72.0,74.563,55.406,56.344,0.0,46.781,72.0,70.0,1000.0,200.0,0.249,310.75,68.813,68.438,-0.052,72.25,72.375,55.344,55.781,0.0,61.375,72.0,70.0,1000.0,200.0,0.476,754.5,76.25,76.375,0.01,71.75,71.625,55.656,56.719,0.0,63.25,72.0,70.0,1000.0,200.0,0.325,624.5,76.125,76.563,0.019,72.0,69.875,55.844,57.281,0.0,56.344,72.0,70.0,1000.0,200.0,0.234,528.5,74.313,74.375,-0.004,1.0,1.0,1.0,1.0,1.0,1.0,1.0,1.0,1.0,1.0,1.0,1.0,1.0,1.0,1.0,1.0,12.736,12.792,11.841,12.464,1.0,1.0,1.0,1.0,1.0,1.0,1.0,1.0,1.0,1.0,1.0,1.0,1.0,1.0,1.0,1.0,336.75,522.5,525.0,526.0,303.25,537.0,526.5,521.5,-0.012,6.475,0.0,16.621,1.712,0.395,-0.003,-0.0,-0.001,0.0
9072007,1642,1.0,1.0,1.0,1.0,100.0,45.135,40.0,40.0,40.0,1.0,1.0,1712.445,392.387,0.012,11.807,0.0,80.0,55.0,1.4,2213.75,2306.068,2149.762,417.758,55.148,73.968,72.917,73.892,51.69,1.402,2.814,0.377,77.799,62.239,86.189,46.433,0.0,77.085,79.417,76.021,81.31,34.752,53.302,44.882,-10.828,45.469,93.938,71.938,74.188,55.406,56.344,0.0,48.031,72.0,70.0,1000.0,200.0,0.235,303.0,68.688,68.438,-0.052,72.25,72.188,55.344,55.781,0.0,61.813,72.0,70.0,1000.0,200.0,0.474,753.0,76.25,76.5,0.01,72.063,71.563,55.656,56.594,0.0,62.781,72.0,70.0,1000.0,200.0,0.327,625.0,76.125,76.438,0.017,71.938,69.813,56.063,57.281,0.0,54.75,72.0,70.0,1000.0,200.0,0.242,537.0,74.313,74.375,-0.004,1.0,1.0,1.0,1.0,1.0,1.0,1.0,1.0,1.0,1.0,1.0,1.0,1.0,1.0,1.0,1.0,12.739,12.795,11.844,12.468,1.0,1.0,1.0,1.0,1.0,1.0,1.0,1.0,1.0,1.0,1.0,1.0,1.0,1.0,1.0,1.0,336.75,522.5,525.0,526.5,303.5,537.0,526.5,521.5,-0.007,6.448,0.0,16.616,1.712,0.392,-0.002,-0.0,-0.001,0.0
9072007,1643,1.0,1.0,1.0,1.0,100.0,45.122,40.0,40.0,40.0,1.0,1.0,1724.158,392.387,0.012,11.881,0.0,80.0,55.0,1.4,2216.25,2306.068,2158.728,416.596,54.932,73.968,72.917,73.892,51.583,1.406,2.864,0.373,77.796,62.235,86.189,46.321,0.0,76.977,79.343,75.914,81.31,34.899,53.302,44.882,-10.82,45.531,93.75,71.938,73.875,55.5,56.344,0.0,48.188,72.0,70.0,1000.0,200.0,0.235,303.5,68.813,68.438,-0.052,72.125,72.375,55.344,55.781,0.0,61.625,72.0,70.0,1000.0,200.0,0.479,756.0,76.375,76.375,0.01,71.875,71.625,55.656,56.594,0.0,63.906,72.0,70.0,1000.0,200.0,0.33,627.5,76.125,76.563,0.018,72.0,69.875,56.063,57.281,0.0,55.375,72.0,70.0,1000.0,200.0,0.235,530.0,74.438,74.375,-0.004,1.0,1.0,1.0,1.0,1.0,1.0,1.0,1.0,1.0,1.0,1.0,1.0,1.0,1.0,1.0,1.0,12.734,12.787,11.843,12.462,1.0,1.0,1.0,1.0,1.0,1.0,1.0,1.0,1.0,1.0,1.0,1.0,1.0,1.0,1.0,1.0,336.75,522.5,525.0,526.5,303.5,536.5,526.5,521.5,-0.007,6.445,0.0,16.477,1.724,0.392,-0.003,0.0,-0.001,-0.0
9072007,1644,1.0,1.0,1.0,1.0,100.0,45.366,40.0,40.0,40.0,1.0,1.0,1713.616,394.729,0.012,11.792,0.0,80.0,55.0,1.4,2216.25,2299.245,2153.346,421.477,54.932,73.968,72.812,73.892,51.583,1.41,2.85,0.37,77.761,62.237,86.161,46.377,0.0,77.085,79.269,75.914,81.31,34.825,53.302,44.882,-10.82,45.406,93.688,72.0,74.125,55.406,56.344,0.0,47.25,72.0,70.0,1000.0,200.0,0.248,312.25,68.813,68.438,-0.052,72.313,72.188,55.344,55.781,0.0,62.75,72.0,70.0,1000.0,200.0,0.477,756.5,76.25,76.5,0.01,72.063,71.563,55.875,56.594,0.0,62.875,72.0,70.0,1000.0,200.0,0.316,617.5,76.125,76.563,0.017,72.0,69.875,56.063,57.281,0.0,56.031,72.0,70.0,1000.0,200.0,0.234,529.5,74.313,74.375,-0.004,1.0,1.0,1.0,1.0,1.0,1.0,1.0,1.0,1.0,1.0,1.0,1.0,1.0,1.0,1.0,1.0,12.723,12.792,11.836,12.467,1.0,1.0,1.0,1.0,1.0,1.0,1.0,1.0,1.0,1.0,1.0,1.0,1.0,1.0,1.0,1.0,336.75,522.5,525.0,526.0,303.5,536.5,526.5,521.5,-0.007,6.418,0.0,16.475,1.714,0.395,-0.003,-0.0,-0.001,0.0
9072007,1645,1.0,1.0,1.0,1.0,100.0,45.1,40.0,40.0,40.0,1.0,1.0,1711.274,393.558,0.012,11.822,0.0,80.0,55.0,1.4,2217.25,2294.131,2153.346,413.289,54.932,73.862,72.917,73.787,51.583,1.41,2.828,0.384,77.782,62.227,86.358,46.461,0.0,76.977,79.269,76.021,81.236,34.899,53.407,44.882,-10.82,45.719,93.75,71.938,74.25,55.406,56.25,0.0,46.906,72.0,70.0,1000.0,200.0,0.249,312.25,68.688,68.438,-0.052,72.25,72.188,55.344,55.781,0.0,61.469,72.0,70.0,1000.0,200.0,0.482,760.0,76.25,76.375,0.01,71.875,71.438,55.656,56.594,0.0,63.125,72.0,70.0,1000.0,200.0,0.313,611.0,76.125,76.563,0.018,71.938,69.813,55.844,57.281,0.0,55.719,72.0,70.0,1000.0,200.0,0.233,528.5,74.313,74.375,-0.004,1.0,1.0,1.0,1.0,1.0,1.0,1.0,1.0,1.0,1.0,1.0,1.0,1.0,1.0,1.0,1.0,12.738,12.792,11.838,12.465,1.0,1.0,1.0,1.0,1.0,1.0,1.0,1.0,1.0,1.0,1.0,1.0,1.0,1.0,1.0,1.0,336.75,522.5,525.0,526.5,303.5,536.5,526.5,521.5,-0.007,6.377,0.0,16.395,1.711,0.394,-0.002,-0.0,-0.001,0.0
9072007,1646,1.0,1.0,1.0,1.0,100.0,45.097,40.0,40.0,40.0,1.0,1.0,1730.015,384.187,0.012,11.837,0.0,80.0,55.0,1.4,2221.75,2311.187,2147.97,422.261,54.932,73.968,72.812,73.892,51.583,1.387,2.868,0.377,77.798,62.233,86.442,46.377,0.0,76.977,79.343,76.021,81.31,34.899,53.407,44.882,-10.82,45.844,93.563,72.0,74.125,55.406,56.438,0.0,47.844,72.0,70.0,1000.0,200.0,0.238,304.75,68.813,68.438,-0.052,72.25,72.188,55.344,55.781,0.0,62.969,72.0,70.0,1000.0,200.0,0.477,756.5,76.25,76.5,0.01,72.063,71.438,55.656,56.594,0.0,62.469,72.0,70.0,1000.0,200.0,0.334,633.0,76.125,76.563,0.018,71.938,69.813,55.844,57.281,0.0,55.781,72.0,70.0,1000.0,200.0,0.232,527.0,74.313,74.375,-0.004,1.0,1.0,1.0,1.0,1.0,1.0,1.0,1.0,1.0,1.0,1.0,1.0,1.0,1.0,1.0,1.0,12.736,12.798,11.841,12.47,1.0,1.0,1.0,1.0,1.0,1.0,1.0,1.0,1.0,1.0,1.0,1.0,1.0,1.0,1.0,1.0,336.75,522.5,525.0,526.5,303.5,537.5,526.5,521.5,-0.007,6.385,0.0,16.416,1.73,0.384,-0.003,-0.0,-0.001,0.0
9072007,1647,1.0,1.0,1.0,1.0,100.0,45.095,40.0,40.0,40.0,1.0,1.0,1733.529,398.243,0.022,11.777,0.0,80.0,55.0,1.4,2219.75,2316.308,2158.728,421.176,54.932,73.862,72.812,73.892,51.583,1.387,2.843,0.366,77.81,62.222,86.105,46.489,0.0,76.87,79.195,75.914,81.236,34.899,53.407,44.882,-10.82,45.406,93.5,72.0,74.125,55.406,56.344,0.0,47.5,72.0,70.0,1000.0,200.0,0.244,309.0,68.688,68.438,-0.052,72.25,72.188,55.344,55.781,0.0,61.656,72.0,70.0,1000.0,200.0,0.493,770.0,76.25,76.375,0.01,71.875,71.625,55.656,56.594,0.0,62.938,72.0,70.0,1000.0,200.0,0.32,619.0,76.125,76.563,0.021,72.0,69.813,56.063,57.281,0.0,55.844,72.0,70.0,1000.0,200.0,0.231,525.5,74.438,74.375,-0.004,1.0,1.0,1.0,1.0,1.0,1.0,1.0,1.0,1.0,1.0,1.0,1.0,1.0,1.0,1.0,1.0,12.741,12.809,11.851,12.483,1.0,1.0,1.0,1.0,1.0,1.0,1.0,1.0,1.0,1.0,1.0,1.0,1.0,1.0,1.0,1.0,337.0,522.5,525.0,526.0,303.5,537.0,526.5,521.5,-0.014,6.352,0.0,16.333,1.734,0.398,-0.002,-0.0,-0.001,-0.0
9072007,1648,1.0,1.0,1.0,1.0,100.0,45.057,40.0,40.0,40.0,1.0,1.0,1739.385,398.243,0.022,11.792,0.0,80.0,55.0,1.4,2219.75,2323.139,2167.712,420.547,54.932,73.862,72.812,73.787,51.583,1.36,2.864,0.366,77.87,62.256,86.386,46.405,0.0,76.762,79.269,76.021,81.31,34.899,53.302,44.882,-10.82,45.688,93.75,72.0,74.125,55.406,56.25,0.0,47.156,72.0,70.0,1000.0,200.0,0.246,309.75,68.688,68.438,-0.052,72.313,72.25,55.344,55.781,0.0,63.438,72.0,70.0,1000.0,200.0,0.486,763.0,76.25,76.375,0.01,71.875,71.813,55.656,56.594,0.0,63.313,72.0,70.0,1000.0,200.0,0.33,628.5,76.125,76.563,0.021,71.938,69.875,55.844,57.281,0.0,55.875,72.0,70.0,1000.0,200.0,0.234,531.5,74.313,74.375,-0.004,1.0,1.0,1.0,1.0,1.0,1.0,1.0,1.0,1.0,1.0,1.0,1.0,1.0,1.0,1.0,1.0,12.733,12.793,11.844,12.468,1.0,1.0,1.0,1.0,1.0,1.0,1.0,1.0,1.0,1.0,1.0,1.0,1.0,1.0,1.0,1.0,337.0,522.5,525.0,526.0,303.5,537.5,526.5,521.5,-0.014,6.397,0.0,16.354,1.739,0.398,-0.002,-0.0,-0.001,0.0
9072007,1649,1.0,1.0,1.0,1.0,100.0,44.977,40.0,40.0,40.0,1.0,1.0,1755.783,395.9,0.012,11.837,0.0,80.0,55.0,1.4,2240.5,2304.362,2160.524,418.44,54.932,73.862,72.707,73.787,51.69,1.406,2.861,0.373,77.913,62.332,86.245,46.293,0.0,76.87,79.195,76.021,81.236,34.825,53.511,44.882,-10.82,45.594,93.5,72.0,74.563,55.5,56.25,0.0,46.75,72.0,70.0,1000.0,200.0,0.249,312.0,68.813,68.438,-0.052,72.25,72.25,55.344,55.781,0.0,62.188,72.0,70.0,1000.0,200.0,0.5,773.0,76.25,76.375,0.01,71.75,71.438,55.656,56.594,0.0,62.25,72.0,70.0,1000.0,200.0,0.312,613.5,76.125,76.563,0.021,71.938,69.813,56.063,57.281,0.0,55.156,72.0,70.0,1000.0,200.0,0.234,529.0,74.438,74.375,-0.004,1.0,1.0,1.0,1.0,1.0,1.0,1.0,1.0,1.0,1.0,1.0,1.0,1.0,1.0,1.0,1.0,12.736,12.803,11.854,12.475,1.0,1.0,1.0,1.0,1.0,1.0,1.0,1.0,1.0,1.0,1.0,1.0,1.0,1.0,1.0,1.0,337.0,522.5,525.0,526.0,303.5,538.0,526.0,522.0,-0.008,6.371,0.0,16.538,1.756,0.396,-0.003,-0.0,-0.001,-0.0
9072007,1650,1.0,1.0,1.0,1.0,100.0,44.988,40.0,40.0,40.0,1.0,1.0,1739.385,393.558,0.012,11.866,0.0,80.0,55.0,1.4,2220.5,2304.362,2169.511,412.97,54.932,73.862,72.812,73.787,51.583,1.417,2.861,0.381,77.904,62.325,86.245,46.405,0.0,76.655,79.269,75.914,81.236,34.899,53.198,44.809,-10.82,45.656,93.438,72.0,73.938,55.406,56.344,0.0,48.094,72.0,70.0,1000.0,200.0,0.237,304.0,68.813,68.438,-0.052,72.313,72.25,55.344,55.906,0.0,62.563,72.0,70.0,1000.0,200.0,0.503,775.5,76.375,76.375,0.01,72.188,71.625,55.656,56.594,0.0,62.531,72.0,70.0,1000.0,200.0,0.307,605.0,76.0,76.563,0.019,71.938,69.813,56.063,57.281,0.0,54.875,72.0,70.0,1000.0,200.0,0.234,529.5,74.438,74.375,-0.004,1.0,1.0,1.0,1.0,1.0,1.0,1.0,1.0,1.0,1.0,1.0,1.0,1.0,1.0,1.0,1.0,12.733,12.798,11.844,12.475,1.0,1.0,1.0,1.0,1.0,1.0,1.0,1.0,1.0,1.0,1.0,1.0,1.0,1.0,1.0,1.0,336.75,522.5,525.0,526.0,303.25,537.0,526.0,521.5,-0.007,6.426,0.0,16.336,1.739,0.394,-0.003,0.0,-0.002,-0.0
9072007,1651,1.0,1.0,1.0,1.0,100.0,45.418,40.0,40.0,40.0,1.0,1.0,1758.126,398.243,0.022,11.822,0.0,80.0,55.0,1.4,2222.75,2329.972,2180.319,420.485,54.932,73.862,72.917,73.787,51.69,1.387,2.875,0.359,77.984,62.358,86.61,46.209,0.0,76.762,79.269,75.914,81.162,34.899,53.407,44.882,-10.82,46.063,93.75,72.0,74.125,55.406,56.344,0.0,47.875,72.0,70.0,1000.0,200.0,0.241,307.75,68.813,68.438,-0.052,72.25,72.188,55.344,55.781,0.0,62.906,72.0,70.0,1000.0,200.0,0.497,771.0,76.25,76.5,0.01,72.063,71.813,55.656,56.594,0.0,63.094,72.0,70.0,1000.0,200.0,0.332,630.5,76.125,76.563,0.018,71.938,69.813,55.844,57.281,0.0,55.188,72.0,70.0,1000.0,200.0,0.23,525.0,74.313,74.375,-0.004,1.0,1.0,1.0,1.0,1.0,1.0,1.0,1.0,1.0,1.0,1.0,1.0,1.0,1.0,1.0,1.0,12.744,12.805,11.851,12.48,1.0,1.0,1.0,1.0,1.0,1.0,1.0,1.0,1.0,1.0,1.0,1.0,1.0,1.0,1.0,1.0,337.0,522.5,524.5,526.0,303.5,537.5,526.5,521.5,-0.012,6.377,0.0,16.395,1.758,0.398,-0.003,-0.0,-0.001,0.0
9072007,1652,1.0,1.0,1.0,1.0,100.0,45.727,40.0,40.0,40.0,1.0,1.0,1722.987,392.387,0.012,11.792,0.0,80.0,55.0,1.4,2222.75,2307.774,2160.524,422.314,54.932,73.862,72.707,73.892,51.69,1.394,2.828,0.366,77.942,62.369,86.189,46.489,0.0,76.87,79.121,76.021,81.162,34.899,53.407,44.882,-10.828,45.719,93.688,71.938,73.875,55.406,56.25,0.0,47.094,72.0,70.0,1000.0,200.0,0.249,311.75,68.813,68.375,-0.052,72.25,71.75,55.344,55.906,0.0,62.969,72.0,70.0,1000.0,200.0,0.501,773.5,76.25,76.375,0.01,71.875,71.625,55.656,56.719,0.0,62.844,72.0,70.0,1000.0,200.0,0.316,616.5,76.125,76.563,0.017,71.938,69.813,56.063,57.281,0.0,54.5,72.0,70.0,1000.0,200.0,0.233,528.5,74.313,74.375,-0.004,1.0,1.0,1.0,1.0,1.0,1.0,1.0,1.0,1.0,1.0,1.0,1.0,1.0,1.0,1.0,1.0,12.741,12.804,11.847,12.478,1.0,1.0,1.0,1.0,1.0,1.0,1.0,1.0,1.0,1.0,1.0,1.0,1.0,1.0,1.0,1.0,337.0,522.5,525.0,526.0,303.5,537.5,526.0,521.5,-0.008,6.36,0.0,16.354,1.723,0.392,-0.003,-0.0,-0.001,0.0
9072007,1653,1.0,1.0,1.0,1.0,100.0,45.256,40.0,40.0,40.0,1.0,1.0,1733.529,390.044,0.012,11.822,0.0,80.0,55.0,1.4,2228.5,2318.015,2164.116,421.464,55.04,73.862,72.707,73.787,51.583,1.398,2.857,0.37,77.953,62.362,86.161,46.405,0.0,76.762,79.195,76.021,81.236,34.899,53.407,44.882,-10.82,45.625,93.5,71.938,73.625,55.5,56.344,0.0,47.281,72.0,70.0,1000.0,200.0,0.243,307.0,68.813,68.438,-0.052,72.313,72.0,55.344,55.781,0.0,63.438,72.0,70.0,1000.0,200.0,0.5,773.5,76.25,76.375,0.01,71.688,71.625,55.656,56.594,0.0,61.5,72.0,70.0,1000.0,200.0,0.319,619.0,76.125,76.563,0.019,71.938,69.875,56.063,57.281,0.0,54.188,72.0,70.0,1000.0,200.0,0.233,528.5,74.313,74.375,-0.004,1.0,1.0,1.0,1.0,1.0,1.0,1.0,1.0,1.0,1.0,1.0,1.0,1.0,1.0,1.0,1.0,12.742,12.805,11.855,12.478,1.0,1.0,1.0,1.0,1.0,1.0,1.0,1.0,1.0,1.0,1.0,1.0,1.0,1.0,1.0,1.0,337.25,522.5,525.0,526.0,303.5,537.5,526.0,521.5,-0.008,6.377,0.0,16.395,1.734,0.39,-0.003,-0.0,-0.001,0.0
9072007,1654,1.0,1.0,1.0,1.0,100.0,45.497,40.0,40.0,40.0,1.0,1.0,1718.302,395.9,0.012,11.866,0.0,80.0,55.0,1.4,2221.25,2304.362,2173.111,409.875,55.148,73.862,72.707,73.787,51.69,1.406,2.846,0.373,77.952,62.362,86.47,46.461,0.0,76.977,79.195,75.808,81.162,34.972,53.198,44.882,-10.828,45.906,93.688,72.0,74.25,55.406,56.344,0.0,47.906,72.0,70.0,1000.0,200.0,0.236,304.0,68.688,68.438,-0.052,72.25,71.75,55.344,55.781,0.0,63.156,72.0,70.0,1000.0,200.0,0.505,778.5,76.25,76.375,0.01,71.875,71.438,55.656,56.719,0.0,61.438,72.0,70.0,1000.0,200.0,0.318,615.0,76.125,76.563,0.017,71.938,70.0,56.063,57.281,0.0,55.094,72.0,70.0,1000.0,200.0,0.226,519.0,74.438,74.375,-0.004,1.0,1.0,1.0,1.0,1.0,1.0,1.0,1.0,1.0,1.0,1.0,1.0,1.0,1.0,1.0,1.0,12.723,12.795,11.844,12.465,1.0,1.0,1.0,1.0,1.0,1.0,1.0,1.0,1.0,1.0,1.0,1.0,1.0,1.0,1.0,1.0,336.75,523.0,525.0,526.0,303.5,538.0,526.0,521.5,-0.007,6.452,0.0,16.336,1.718,0.396,-0.002,-0.0,-0.001,-0.0
9072007,1655,1.0,1.0,1.0,1.0,100.0,45.077,40.0,40.0,40.0,1.0,1.0,1749.927,399.414,0.012,11.807,0.0,80.0,55.0,1.4,2219.0,2328.264,2178.516,417.856,55.04,74.074,73.022,73.998,51.69,1.379,2.85,0.373,77.983,62.401,86.301,46.321,0.0,76.977,79.047,75.914,81.162,34.899,53.407,44.882,-10.82,45.656,93.688,71.938,74.125,55.406,56.344,0.0,48.125,72.0,70.0,1000.0,200.0,0.238,305.5,68.688,68.375,-0.052,72.313,72.188,55.344,55.906,0.0,63.844,72.0,70.0,1000.0,200.0,0.502,777.0,76.25,76.5,0.01,71.875,71.813,55.656,56.719,0.0,62.906,72.0,70.0,1000.0,200.0,0.323,620.5,76.125,76.563,0.017,71.938,70.0,55.844,57.281,0.0,53.719,72.0,70.0,1000.0,200.0,0.234,529.5,74.313,74.5,-0.004,1.0,1.0,1.0,1.0,1.0,1.0,1.0,1.0,1.0,1.0,1.0,1.0,1.0,1.0,1.0,1.0,12.738,12.801,11.858,12.473,1.0,1.0,1.0,1.0,1.0,1.0,1.0,1.0,1.0,1.0,1.0,1.0,1.0,1.0,1.0,1.0,337.25,522.5,525.0,526.0,303.5,538.0,526.0,522.0,-0.008,6.369,0.0,16.375,1.75,0.399,-0.002,-0.0,-0.001,0.0
9072007,1656,1.0,1.0,1.0,1.0,100.0,45.562,40.0,40.0,40.0,1.0,1.0,1727.672,398.243,0.022,11.822,0.0,80.0,55.0,1.4,2227.25,2309.481,2164.116,412.786,54.932,73.862,72.917,73.787,51.583,1.387,2.857,0.366,77.952,62.376,86.049,46.293,0.0,76.87,79.121,75.808,81.162,35.045,53.302,44.955,-10.82,45.563,93.563,71.938,74.188,55.406,56.344,0.0,47.125,72.0,70.0,1000.0,200.0,0.249,311.5,68.688,68.438,-0.052,72.313,72.25,55.344,55.781,0.0,63.406,72.0,70.0,1000.0,200.0,0.519,787.5,76.25,76.5,0.01,72.063,71.563,55.656,56.719,0.0,62.438,72.0,70.0,1000.0,200.0,0.304,602.5,76.188,76.563,0.017,71.938,70.0,56.063,57.281,0.0,55.344,72.0,70.0,1000.0,200.0,0.222,518.5,74.438,74.375,-0.004,1.0,1.0,1.0,1.0,1.0,1.0,1.0,1.0,1.0,1.0,1.0,1.0,1.0,1.0,1.0,1.0,12.741,12.8,11.854,12.475,1.0,1.0,1.0,1.0,1.0,1.0,1.0,1.0,1.0,1.0,1.0,1.0,1.0,1.0,1.0,1.0,337.0,522.5,524.5,526.0,303.25,538.0,526.0,522.0,-0.014,6.417,0.0,16.275,1.728,0.398,-0.002,-0.0,-0.001,-0.0
9072007,1657,1.0,1.0,1.0,1.0,100.0,44.856,40.0,40.0,40.0,1.0,1.0,1771.01,398.243,0.012,11.896,0.0,80.0,55.0,1.4,2227.25,2331.681,2174.912,416.105,54.825,73.862,72.917,73.892,51.583,1.398,2.879,0.377,78.12,62.432,86.077,46.237,0.0,76.762,79.121,75.808,81.162,34.972,53.302,44.955,-10.82,45.25,93.5,72.0,74.438,55.406,56.25,0.0,47.031,72.0,70.0,1000.0,200.0,0.247,311.0,68.688,68.563,-0.052,72.25,72.5,55.344,55.688,0.0,64.125,72.0,70.0,1000.0,200.0,0.516,786.0,76.25,76.5,0.01,71.75,71.625,55.656,56.719,0.0,62.469,72.0,70.0,1000.0,200.0,0.325,622.5,76.125,76.563,0.019,71.938,70.0,56.063,57.281,0.0,54.563,72.0,70.0,1000.0,200.0,0.223,514.0,74.313,74.375,-0.004,1.0,1.0,1.0,1.0,1.0,1.0,1.0,1.0,1.0,1.0,1.0,1.0,1.0,1.0,1.0,1.0,12.749,12.807,11.856,12.483,1.0,1.0,1.0,1.0,1.0,1.0,1.0,1.0,1.0,1.0,1.0,1.0,1.0,1.0,1.0,1.0,337.25,522.5,524.5,526.0,303.5,538.0,526.0,522.0,-0.007,6.479,0.0,16.498,1.771,0.398,-0.001,-0.0,-0.001,0.0
9072007,1658,1.0,1.0,1.0,1.0,100.0,44.792,40.0,40.0,40.0,1.0,1.0,1714.788,399.414,0.012,11.866,0.0,80.0,55.0,1.4,2230.0,2314.601,2185.732,417.407,55.148,73.968,72.917,73.787,51.69,1.398,2.825,0.362,78.047,62.442,85.993,46.069,0.0,76.977,79.047,75.808,81.162,34.899,53.302,44.882,-10.82,45.219,93.438,71.938,74.125,55.406,56.344,0.0,47.938,72.0,70.0,1000.0,200.0,0.237,304.0,68.688,68.438,-0.052,72.25,72.25,55.344,55.781,0.0,64.563,72.0,70.0,1000.0,200.0,0.518,787.0,76.25,76.5,0.01,71.75,71.625,55.656,56.594,0.0,62.719,72.0,70.0,1000.0,200.0,0.312,609.5,76.125,76.563,0.018,72.0,69.813,56.063,57.281,0.0,54.469,72.0,70.0,1000.0,200.0,0.231,525.5,74.313,74.375,-0.004,1.0,1.0,1.0,1.0,1.0,1.0,1.0,1.0,1.0,1.0,1.0,1.0,1.0,1.0,1.0,1.0,12.744,12.79,11.852,12.465,1.0,1.0,1.0,1.0,1.0,1.0,1.0,1.0,1.0,1.0,1.0,1.0,1.0,1.0,1.0,1.0,337.0,523.0,525.0,526.0,303.5,538.0,526.0,522.0,-0.008,6.437,0.0,16.456,1.715,0.399,-0.002,-0.0,-0.001,0.0
9072007,1659,1.0,1.0,1.0,1.0,100.0,44.999,40.0,40.0,40.0,1.0,1.0,1731.186,393.558,0.022,11.866,0.0,80.0,55.0,1.4,2226.25,2319.723,2171.31,423.616,54.932,74.18,73.127,74.104,51.583,1.394,2.843,0.377,78.047,62.437,86.161,46.125,0.0,76.87,78.973,75.808,81.088,34.825,53.302,44.882,-10.828,45.344,93.5,72.0,74.75,55.406,56.344,0.0,47.25,72.0,70.0,1000.0,200.0,0.246,310.5,68.813,68.438,-0.052,72.125,71.875,55.219,55.688,0.0,64.375,72.0,70.0,1000.0,200.0,0.519,788.0,76.25,76.5,0.01,71.875,71.813,55.656,56.719,0.0,62.344,72.0,70.0,1000.0,200.0,0.306,604.0,76.125,76.625,0.019,71.938,69.813,56.063,57.281,0.0,53.188,72.0,70.0,1000.0,200.0,0.232,528.5,74.313,74.375,-0.004,1.0,1.0,1.0,1.0,1.0,1.0,1.0,1.0,1.0,1.0,1.0,1.0,1.0,1.0,1.0,1.0,12.741,12.796,11.849,12.472,1.0,1.0,1.0,1.0,1.0,1.0,1.0,1.0,1.0,1.0,1.0,1.0,1.0,1.0,1.0,1.0,337.0,523.0,525.0,526.0,303.5,538.5,526.0,522.0,-0.015,6.459,0.0,16.579,1.731,0.394,-0.003,-0.0,-0.001,0.0
9072007,1700,1.0,1.0,1.0,1.0,100.0,44.949,40.0,40.0,40.0,1.0,1.0,1755.783,399.414,0.012,11.896,0.0,80.0,55.0,1.4,2234.0,2324.847,2185.732,424.152,54.932,73.968,72.917,73.998,51.583,1.379,2.85,0.377,78.131,62.509,86.189,46.097,0.0,76.87,79.121,75.808,81.088,34.972,53.407,44.955,-10.82,45.406,93.438,72.0,74.125,55.406,56.344,0.0,47.844,72.0,70.0,1000.0,200.0,0.237,303.25,68.813,68.438,-0.052,72.25,72.0,55.344,55.781,0.0,64.0,72.0,70.0,1000.0,200.0,0.516,787.0,76.25,76.375,0.01,71.75,72.125,55.875,56.719,0.0,62.813,72.0,70.0,1000.0,200.0,0.326,624.5,76.188,76.563,0.011,71.938,69.875,56.063,57.281,0.0,54.25,72.0,70.0,1000.0,200.0,0.225,520.5,74.313,74.375,-0.004,1.0,1.0,1.0,1.0,1.0,1.0,1.0,1.0,1.0,1.0,1.0,1.0,1.0,1.0,1.0,1.0,12.759,12.81,11.858,12.483,1.0,1.0,1.0,1.0,1.0,1.0,1.0,1.0,1.0,1.0,1.0,1.0,1.0,1.0,1.0,1.0,337.25,522.5,525.0,526.0,303.5,538.0,526.0,522.0,-0.007,6.442,0.0,16.498,1.756,0.399,-0.003,-0.0,-0.001,0.0
9072007,1701,1.0,1.0,1.0,1.0,100.0,45.391,40.0,40.0,40.0,1.0,1.0,1724.158,394.729,0.012,11.866,0.0,80.0,55.0,1.4,2234.0,2297.54,2158.728,414.652,54.825,74.286,73.127,74.209,51.583,1.402,2.861,0.377,78.043,62.468,86.021,46.237,0.0,76.762,78.973,75.808,81.015,34.899,53.302,44.882,-10.82,45.406,93.625,71.938,74.188,55.406,56.344,0.0,48.125,72.0,70.0,1000.0,200.0,0.236,303.25,68.688,68.438,-0.052,72.125,72.0,55.344,55.781,0.0,63.469,72.0,70.0,1000.0,200.0,0.524,791.5,76.25,76.5,0.01,71.688,71.813,55.656,56.813,0.0,61.719,72.0,70.0,1000.0,200.0,0.297,599.0,76.188,76.438,0.017,72.0,69.875,56.063,57.281,0.0,53.375,72.0,70.0,1000.0,200.0,0.233,528.5,74.313,74.375,-0.004,1.0,1.0,1.0,1.0,1.0,1.0,1.0,1.0,1.0,1.0,1.0,1.0,1.0,1.0,1.0,1.0,12.787,12.826,11.874,12.503,1.0,1.0,1.0,1.0,1.0,1.0,1.0,1.0,1.0,1.0,1.0,1.0,1.0,1.0,1.0,1.0,337.75,522.5,525.0,526.0,303.5,538.0,526.0,522.0,-0.008,6.437,0.0,16.456,1.724,0.395,-0.002,-0.0,-0.001,0.0
9072007,1702,1.0,1.0,1.0,1.0,100.0,44.899,40.0,40.0,40.0,1.0,1.0,1726.501,388.873,0.012,11.866,0.0,80.0,55.0,1.4,2224.25,2316.308,2160.524,419.934,55.148,74.074,73.022,74.104,51.69,1.391,2.818,0.359,78.012,62.453,86.33,46.265,0.0,77.085,78.899,76.021,81.015,34.899,53.302,44.882,-10.82,45.719,93.5,72.125,73.875,55.406,56.344,0.0,48.219,72.0,70.0,1000.0,200.0,0.24,308.25,68.688,68.438,-0.052,72.125,72.0,55.344,55.781,0.0,63.281,72.0,70.0,1000.0,200.0,0.527,792.0,76.25,76.5,0.01,71.688,71.563,55.656,56.719,0.0,61.344,72.0,70.0,1000.0,200.0,0.298,599.5,76.188,76.563,0.018,71.938,69.813,55.844,57.281,0.0,53.875,72.0,70.0,1000.0,200.0,0.229,525.5,74.313,74.375,-0.004,1.0,1.0,1.0,1.0,1.0,1.0,1.0,1.0,1.0,1.0,1.0,1.0,1.0,1.0,1.0,1.0,12.769,12.81,11.872,12.485,1.0,1.0,1.0,1.0,1.0,1.0,1.0,1.0,1.0,1.0,1.0,1.0,1.0,1.0,1.0,1.0,337.75,522.5,525.0,526.0,303.5,538.0,526.0,522.0,-0.009,6.437,0.0,16.456,1.727,0.389,-0.002,-0.0,-0.001,0.0
9072007,1703,1.0,1.0,1.0,1.0,100.0,45.159,40.0,40.0,40.0,1.0,1.0,1698.39,398.243,0.022,11.822,0.0,80.0,55.0,1.4,2228.75,2292.426,2162.32,414.722,54.932,73.862,72.917,73.787,51.583,1.433,2.854,0.377,77.995,62.423,85.965,46.265,0.0,76.87,78.973,75.808,81.088,34.972,53.302,44.955,-10.82,45.219,93.563,72.125,74.563,55.5,56.344,0.0,47.313,72.0,70.0,1000.0,200.0,0.251,313.75,68.688,68.563,-0.052,72.125,72.0,55.344,55.781,0.0,63.969,72.0,70.0,1000.0,200.0,0.525,793.5,76.25,76.375,0.01,71.875,71.813,55.656,56.719,0.0,61.5,72.0,70.0,1000.0,200.0,0.293,592.0,76.125,76.563,0.018,72.0,69.875,56.063,57.281,0.0,54.094,72.0,70.0,1000.0,200.0,0.225,517.0,74.313,74.375,-0.004,1.0,1.0,1.0,1.0,1.0,1.0,1.0,1.0,1.0,1.0,1.0,1.0,1.0,1.0,1.0,1.0,12.772,12.823,11.872,12.496,1.0,1.0,1.0,1.0,1.0,1.0,1.0,1.0,1.0,1.0,1.0,1.0,1.0,1.0,1.0,1.0,337.75,522.5,525.0,525.5,303.5,538.5,526.0,522.0,-0.015,6.439,0.0,16.395,1.698,0.398,-0.001,-0.0,-0.001,0.0
9072007,1704,1.0,1.0,1.0,1.0,100.0,45.34,40.0,40.0,40.0,1.0,1.0,1735.871,393.558,0.012,11.866,0.0,80.0,55.0,1.4,2226.75,2324.847,2182.123,422.104,55.04,74.18,73.127,73.998,51.69,1.368,2.861,0.373,78.011,62.393,85.712,46.097,0.0,77.085,79.047,75.914,81.015,34.752,53.302,44.809,-10.82,44.844,93.5,72.0,74.125,55.281,56.25,0.0,47.5,72.0,70.0,1000.0,200.0,0.249,311.0,68.688,68.438,-0.052,72.25,72.25,55.344,55.781,0.0,65.438,72.0,70.0,1000.0,200.0,0.521,791.0,76.25,76.5,0.01,72.063,71.563,55.656,56.719,0.0,61.844,72.0,70.0,1000.0,200.0,0.312,610.5,76.125,76.563,0.014,71.938,70.0,55.844,57.281,0.0,53.656,72.0,70.0,1000.0,200.0,0.227,521.0,74.313,74.375,-0.004,1.0,1.0,1.0,1.0,1.0,1.0,1.0,1.0,1.0,1.0,1.0,1.0,1.0,1.0,1.0,1.0,12.779,12.82,11.872,12.496,1.0,1.0,1.0,1.0,1.0,1.0,1.0,1.0,1.0,1.0,1.0,1.0,1.0,1.0,1.0,1.0,338.0,522.5,525.0,525.5,303.5,538.5,526.0,522.0,-0.008,6.433,0.0,16.579,1.736,0.394,-0.002,-0.0,-0.001,0.0
9072007,1705,1.0,1.0,1.0,1.0,100.0,44.569,40.0,40.0,40.0,1.0,1.0,1737.042,398.243,0.022,11.852,0.0,80.0,55.0,1.4,2226.75,2312.894,2171.31,410.496,55.04,73.862,73.232,73.892,51.583,1.41,2.857,0.348,78.014,62.453,85.797,45.957,0.0,76.87,79.047,75.914,81.015,34.899,53.302,44.882,-10.82,45.125,93.438,72.125,74.188,55.406,56.25,0.0,47.094,72.0,70.0,1000.0,200.0,0.251,313.75,68.688,68.438,-0.052,72.25,72.375,55.219,55.781,0.0,63.875,72.0,70.0,1000.0,200.0,0.54,802.5,76.25,76.5,0.01,71.75,71.813,55.656,56.719,0.0,61.719,72.0,70.0,1000.0,200.0,0.294,594.5,76.125,76.563,0.017,71.938,69.875,55.844,57.281,0.0,54.563,72.0,70.0,1000.0,200.0,0.22,512.5,74.313,74.375,-0.004,1.0,1.0,1.0,1.0,1.0,1.0,1.0,1.0,1.0,1.0,1.0,1.0,1.0,1.0,1.0,1.0,12.777,12.829,11.889,12.501,1.0,1.0,1.0,1.0,1.0,1.0,1.0,1.0,1.0,1.0,1.0,1.0,1.0,1.0,1.0,1.0,338.5,523.0,525.0,525.5,303.5,538.5,526.0,522.0,-0.014,6.429,0.0,16.437,1.737,0.398,-0.002,-0.0,-0.001,0.0
9072007,1706,1.0,1.0,1.0,1.0,100.0,44.711,40.0,40.0,40.0,1.0,1.0,1758.126,395.9,0.022,11.807,0.0,80.0,55.0,1.4,2218.25,2326.555,2165.914,416.072,55.04,73.968,72.917,73.892,51.583,1.387,2.857,0.366,78.02,62.403,85.909,45.929,0.0,76.977,78.899,75.808,80.941,34.825,53.198,44.882,-10.82,44.969,93.625,72.0,74.438,55.406,56.25,0.0,47.344,72.0,70.0,1000.0,200.0,0.248,311.0,68.813,68.375,-0.052,72.25,72.25,55.219,55.688,0.0,64.75,72.0,70.0,1000.0,200.0,0.539,805.5,76.25,76.375,0.01,71.875,71.938,55.656,56.594,0.0,61.188,72.0,70.0,1000.0,200.0,0.296,595.0,76.125,76.563,0.019,71.938,70.0,55.844,57.281,0.0,53.969,72.0,70.0,1000.0,200.0,0.228,522.5,74.438,74.375,-0.004,1.0,1.0,1.0,1.0,1.0,1.0,1.0,1.0,1.0,1.0,1.0,1.0,1.0,1.0,1.0,1.0,12.769,12.818,11.874,12.491,1.0,1.0,1.0,1.0,1.0,1.0,1.0,1.0,1.0,1.0,1.0,1.0,1.0,1.0,1.0,1.0,337.75,523.0,525.0,526.0,303.5,538.5,526.0,522.0,-0.015,6.463,0.0,16.496,1.758,0.396,-0.003,-0.0,-0.001,-0.0
9072007,1707,1.0,1.0,1.0,1.0,100.0,45.098,40.0,40.0,40.0,1.0,1.0,1684.334,399.414,0.012,11.837,0.0,80.0,55.0,1.4,2230.25,2300.951,2173.111,409.905,54.825,73.968,72.917,73.892,51.583,1.417,2.886,0.377,78.018,62.418,85.825,45.957,0.0,76.762,78.825,75.808,80.941,34.825,53.302,44.882,-10.82,45.063,93.625,71.938,74.125,55.406,56.344,0.0,47.719,72.0,70.0,1000.0,200.0,0.239,305.25,68.688,68.375,-0.052,72.25,72.5,55.344,55.781,0.0,65.063,72.0,70.0,1000.0,200.0,0.537,802.0,76.25,76.375,0.01,71.75,72.125,55.656,56.719,0.0,61.281,72.0,70.0,1000.0,200.0,0.3,599.0,76.125,76.563,0.019,71.938,69.875,55.844,57.281,0.0,54.75,72.0,70.0,1000.0,200.0,0.222,514.5,74.313,74.375,-0.004,1.0,1.0,1.0,1.0,1.0,1.0,1.0,1.0,1.0,1.0,1.0,1.0,1.0,1.0,1.0,1.0,12.782,12.831,11.882,12.503,1.0,1.0,1.0,1.0,1.0,1.0,1.0,1.0,1.0,1.0,1.0,1.0,1.0,1.0,1.0,1.0,338.0,522.5,525.0,525.5,303.5,538.0,526.0,522.0,-0.008,6.443,0.0,16.538,1.684,0.399,-0.002,-0.0,-0.001,0.0
9072007,1708,1.0,1.0,1.0,1.0,100.0,44.259,40.0,40.0,40.0,1.0,1.0,1714.788,394.729,0.022,11.852,0.0,80.0,55.0,1.4,2223.5,2306.068,2180.319,410.587,54.825,73.968,72.812,73.892,51.476,1.394,2.875,0.366,78.016,62.411,85.881,46.013,0.0,76.762,78.973,75.914,81.015,34.825,53.407,44.809,-10.82,44.906,93.563,71.938,73.625,55.406,56.25,0.0,48.281,72.0,70.0,1000.0,200.0,0.233,301.75,68.563,68.375,-0.052,72.25,72.25,55.219,55.688,0.0,66.0,72.0,70.0,1000.0,200.0,0.531,798.5,76.25,76.5,0.01,72.063,71.563,55.625,56.594,0.0,61.5,72.0,70.0,1000.0,200.0,0.311,607.5,76.125,76.563,0.02,71.938,70.0,55.844,57.281,0.0,54.344,72.0,70.0,1000.0,200.0,0.221,514.0,74.313,74.375,-0.004,1.0,1.0,1.0,1.0,1.0,1.0,1.0,1.0,1.0,1.0,1.0,1.0,1.0,1.0,1.0,1.0,12.785,12.829,11.889,12.501,1.0,1.0,1.0,1.0,1.0,1.0,1.0,1.0,1.0,1.0,1.0,1.0,1.0,1.0,1.0,1.0,338.25,523.0,525.0,525.5,303.5,538.0,525.5,522.0,-0.015,6.368,0.0,16.439,1.715,0.395,-0.001,-0.0,-0.001,0.0
9072007,1709,1.0,1.0,1.0,1.0,100.0,44.156,40.0,40.0,40.0,1.0,1.0,1734.7,394.729,0.012,11.911,0.0,80.0,55.0,1.4,2225.25,2311.187,2167.712,417.124,55.04,74.18,73.127,74.104,51.583,1.41,2.872,0.373,78.003,62.412,85.937,46.041,0.0,77.085,78.899,75.808,81.015,34.752,53.198,44.809,-10.82,45.031,93.5,72.0,73.875,55.281,56.25,0.0,47.031,72.0,70.0,1000.0,200.0,0.249,312.5,68.688,68.438,-0.052,72.125,72.25,55.219,55.688,0.0,64.813,72.0,70.0,1000.0,200.0,0.534,800.0,76.25,76.375,0.01,71.875,71.625,55.625,56.719,0.0,61.281,72.0,70.0,1000.0,200.0,0.292,593.0,76.125,76.563,0.018,71.938,70.0,55.844,57.281,0.0,53.781,72.0,70.0,1000.0,200.0,0.226,517.5,74.313,74.313,-0.004,1.0,1.0,1.0,1.0,1.0,1.0,1.0,1.0,1.0,1.0,1.0,1.0,1.0,1.0,1.0,1.0,12.782,12.829,11.889,12.505,1.0,1.0,1.0,1.0,1.0,1.0,1.0,1.0,1.0,1.0,1.0,1.0,1.0,1.0,1.0,1.0,338.0,523.0,525.0,525.5,303.5,538.0,526.0,522.0,-0.008,6.494,0.0,16.642,1.735,0.395,-0.002,-0.0,-0.001,0.0
9072007,1710,1.0,1.0,1.0,1.0,100.0,43.991,40.0,40.0,40.0,1.0,1.0,1706.589,399.414,0.012,11.896,0.0,80.0,55.0,1.4,2212.75,2294.131,2151.554,410.883,54.825,73.968,72.812,73.892,51.476,1.417,2.886,0.373,77.928,62.408,85.909,45.929,0.0,76.87,78.899,75.702,80.941,34.899,53.302,44.882,-10.82,45.063,93.563,71.938,74.125,55.406,56.25,0.0,47.625,72.0,70.0,1000.0,200.0,0.24,306.0,68.688,68.375,-0.052,72.25,72.188,55.219,55.688,0.0,65.688,72.0,70.0,1000.0,200.0,0.541,804.5,76.25,76.5,0.01,71.875,71.625,55.625,56.719,0.0,60.906,72.0,70.0,1000.0,200.0,0.287,586.5,76.125,76.563,0.019,72.0,70.063,56.063,57.281,0.0,54.781,72.0,70.0,1000.0,200.0,0.218,510.5,74.313,74.375,-0.004,1.0,1.0,1.0,1.0,1.0,1.0,1.0,1.0,1.0,1.0,1.0,1.0,1.0,1.0,1.0,1.0,12.785,12.842,11.894,12.518,1.0,1.0,1.0,1.0,1.0,1.0,1.0,1.0,1.0,1.0,1.0,1.0,1.0,1.0,1.0,1.0,338.5,523.0,525.0,525.5,303.5,538.0,526.0,522.0,-0.008,6.453,0.0,16.498,1.707,0.399,-0.002,-0.0,-0.001,0.0
9072007,1711,1.0,1.0,1.0,1.0,100.0,43.861,40.0,40.0,40.0,1.0,1.0,1732.357,387.701,0.012,11.822,0.0,80.0,55.0,1.4,2212.75,2306.068,2158.728,418.998,54.825,73.862,72.917,73.892,51.476,1.402,2.85,0.366,77.951,62.344,85.769,45.985,0.0,76.87,78.899,75.702,80.941,34.825,53.302,44.809,-10.82,44.719,93.625,72.0,74.25,55.281,56.25,0.0,47.563,72.0,70.0,1000.0,200.0,0.244,309.75,68.688,68.438,-0.052,72.25,72.188,55.219,55.688,0.0,65.438,72.0,70.0,1000.0,200.0,0.548,812.0,76.25,76.375,0.01,72.063,71.563,55.625,56.594,0.0,61.688,72.0,70.0,1000.0,200.0,0.29,589.5,76.188,76.563,0.019,71.938,70.25,55.844,57.281,0.0,54.313,72.0,70.0,1000.0,200.0,0.221,513.5,74.438,74.5,-0.004,1.0,1.0,1.0,1.0,1.0,1.0,1.0,1.0,1.0,1.0,1.0,1.0,1.0,1.0,1.0,1.0,12.784,12.848,11.902,12.518,1.0,1.0,1.0,1.0,1.0,1.0,1.0,1.0,1.0,1.0,1.0,1.0,1.0,1.0,1.0,1.0,338.5,523.0,525.0,525.5,303.5,538.5,526.0,522.0,-0.008,6.388,0.0,16.397,1.732,0.388,-0.002,-0.0,-0.001,0.0
9072007,1712,1.0,1.0,1.0,1.0,100.0,43.741,40.0,40.0,40.0,1.0,1.0,1753.441,400.586,0.022,11.971,0.0,80.0,55.0,1.4,2227.5,2321.431,2171.31,422.936,54.825,73.968,72.917,73.892,51.476,1.387,2.832,0.359,77.965,62.375,86.021,45.957,0.0,76.87,78.825,75.702,80.941,34.752,53.302,44.809,-10.828,44.875,93.438,71.938,74.188,55.406,56.25,0.0,47.0,72.0,70.0,1000.0,200.0,0.248,312.0,68.563,68.375,-0.052,72.125,72.25,55.219,55.594,0.0,65.938,72.0,70.0,1000.0,200.0,0.542,802.5,76.375,76.5,0.01,72.063,71.625,55.625,56.594,0.0,61.625,72.0,70.0,1000.0,200.0,0.303,602.0,76.125,76.563,0.019,71.938,69.875,55.844,57.281,0.0,53.188,72.0,70.0,1000.0,200.0,0.228,521.5,74.313,74.5,-0.004,1.0,1.0,1.0,1.0,1.0,1.0,1.0,1.0,1.0,1.0,1.0,1.0,1.0,1.0,1.0,1.0,12.804,12.856,11.914,12.529,1.0,1.0,1.0,1.0,1.0,1.0,1.0,1.0,1.0,1.0,1.0,1.0,1.0,1.0,1.0,1.0,338.75,523.0,524.5,525.5,303.5,538.5,525.5,522.0,-0.015,6.49,0.0,16.726,1.753,0.401,-0.001,-0.0,-0.001,0.0
9072007,1713,1.0,1.0,1.0,1.0,100.0,44.302,40.0,40.0,40.0,1.0,1.0,1708.931,395.9,0.022,11.807,0.0,80.0,55.0,1.4,2226.25,2304.362,2155.14,414.088,54.825,73.968,73.022,73.892,51.476,1.406,2.861,0.37,77.935,62.37,85.684,45.817,0.0,76.762,78.751,75.702,80.867,34.679,53.302,44.736,-10.82,44.781,93.625,72.0,74.25,55.406,56.25,0.0,47.781,72.0,70.0,1000.0,200.0,0.24,305.5,68.688,68.438,-0.052,72.125,72.563,55.219,55.688,0.0,65.5,72.0,70.0,1000.0,200.0,0.549,807.5,76.25,76.5,0.01,72.188,71.625,55.656,56.594,0.0,61.188,72.0,70.0,1000.0,200.0,0.289,587.5,76.188,76.563,0.02,71.938,69.813,55.844,57.281,0.0,53.875,72.0,70.0,1000.0,200.0,0.226,521.5,74.438,74.375,-0.004,1.0,1.0,1.0,1.0,1.0,1.0,1.0,1.0,1.0,1.0,1.0,1.0,1.0,1.0,1.0,1.0,12.784,12.846,11.894,12.519,1.0,1.0,1.0,1.0,1.0,1.0,1.0,1.0,1.0,1.0,1.0,1.0,1.0,1.0,1.0,1.0,338.5,523.0,525.0,525.5,303.75,538.5,525.5,522.0,-0.015,6.376,0.0,16.497,1.709,0.396,-0.002,-0.0,-0.001,-0.0
9072007,1714,1.0,1.0,1.0,1.0,100.0,43.423,40.0,40.0,40.0,1.0,1.0,1741.728,400.586,0.022,11.837,0.0,80.0,55.0,1.4,2219.5,2324.847,2180.319,419.974,54.825,73.968,72.812,73.892,51.476,1.391,2.868,0.359,77.997,62.333,85.741,45.873,0.0,76.87,78.677,75.702,80.793,34.679,53.198,44.809,-10.82,44.719,93.5,72.0,74.188,55.281,56.125,0.0,48.125,72.0,70.0,1000.0,200.0,0.237,305.75,68.688,68.438,-0.052,72.125,72.375,55.219,55.688,0.0,66.063,72.0,70.0,1000.0,200.0,0.549,811.5,76.25,76.5,0.01,72.063,71.938,55.625,56.531,0.0,61.719,72.0,70.0,1000.0,200.0,0.304,600.5,76.125,76.563,0.017,72.0,69.875,55.844,57.281,0.0,54.281,72.0,70.0,1000.0,200.0,0.222,517.0,74.438,74.375,-0.004,1.0,1.0,1.0,1.0,1.0,1.0,1.0,1.0,1.0,1.0,1.0,1.0,1.0,1.0,1.0,1.0,12.794,12.848,11.906,12.522,1.0,1.0,1.0,1.0,1.0,1.0,1.0,1.0,1.0,1.0,1.0,1.0,1.0,1.0,1.0,1.0,338.75,523.0,525.0,525.5,303.5,538.5,525.5,521.5,-0.016,6.475,0.0,16.659,1.742,0.401,-0.002,-0.0,-0.001,-0.0
9072007,1715,1.0,1.0,1.0,1.0,100.0,43.732,40.0,40.0,40.0,1.0,1.0,1732.357,399.414,0.022,11.792,0.0,80.0,55.0,1.4,2219.5,2336.809,2176.713,425.5,55.04,74.074,73.022,74.104,51.583,1.379,2.818,0.37,78.067,62.429,85.769,45.985,0.0,76.87,78.751,75.702,80.867,34.825,53.198,44.809,-10.82,44.781,93.563,72.0,74.125,55.281,56.25,0.0,47.594,72.0,70.0,1000.0,200.0,0.245,309.5,68.688,68.438,-0.052,72.25,72.5,55.219,55.688,0.0,65.75,72.0,70.0,1000.0,200.0,0.556,817.0,76.25,76.375,0.01,71.75,71.313,55.625,56.594,0.0,61.406,72.0,70.0,1000.0,200.0,0.296,594.5,76.125,76.563,0.019,72.0,70.0,55.844,57.281,0.0,53.406,72.0,70.0,1000.0,200.0,0.227,522.5,74.313,74.375,-0.004,1.0,1.0,1.0,1.0,1.0,1.0,1.0,1.0,1.0,1.0,1.0,1.0,1.0,1.0,1.0,1.0,12.8,12.85,11.907,12.522,1.0,1.0,1.0,1.0,1.0,1.0,1.0,1.0,1.0,1.0,1.0,1.0,1.0,1.0,1.0,1.0,339.0,523.0,525.0,525.5,303.5,538.5,525.5,522.0,-0.015,6.408,0.0,16.356,1.732,0.399,-0.002,-0.0,-0.001,0.0
9072007,1716,1.0,1.0,1.0,1.0,100.0,43.108,40.0,40.0,40.0,1.0,1.0,1726.501,398.243,0.012,11.881,0.0,80.0,55.0,1.4,2245.5,2321.431,2183.927,417.935,54.825,73.862,72.812,73.787,51.476,1.387,2.857,0.381,78.065,62.451,86.021,45.873,0.0,76.762,78.751,75.702,80.793,34.752,53.198,44.809,-10.82,45.094,93.438,72.125,74.125,55.281,56.25,0.0,47.0,72.0,70.0,1000.0,200.0,0.249,311.75,68.688,68.438,-0.052,72.125,72.563,55.219,55.688,0.0,66.5,72.0,70.0,1000.0,200.0,0.546,806.5,76.25,76.5,0.01,72.063,71.563,55.625,56.594,0.0,62.25,72.0,70.0,1000.0,200.0,0.297,600.5,76.125,76.563,0.017,71.938,70.063,55.844,57.281,0.0,53.438,72.0,70.0,1000.0,200.0,0.225,516.0,74.313,74.375,-0.004,1.0,1.0,1.0,1.0,1.0,1.0,1.0,1.0,1.0,1.0,1.0,1.0,1.0,1.0,1.0,1.0,12.8,12.848,11.907,12.521,1.0,1.0,1.0,1.0,1.0,1.0,1.0,1.0,1.0,1.0,1.0,1.0,1.0,1.0,1.0,1.0,339.0,523.0,525.0,525.5,303.5,538.5,525.5,522.0,-0.008,6.478,0.0,16.6,1.727,0.398,-0.002,-0.0,-0.001,0.0
9072007,1717,1.0,1.0,1.0,1.0,100.0,42.966,40.0,40.0,40.0,1.0,1.0,1694.876,399.414,0.012,11.896,0.0,80.0,55.0,1.4,2235.0,2285.61,2169.511,410.937,54.825,73.968,73.022,73.787,51.476,1.425,2.832,0.377,77.989,62.401,85.909,45.817,0.0,76.762,78.751,75.702,80.867,34.752,53.302,44.809,-10.82,45.188,93.5,72.125,74.125,55.406,56.25,0.0,47.625,72.0,70.0,1000.0,200.0,0.242,306.25,68.688,68.438,-0.052,72.25,72.563,55.219,55.688,0.0,66.875,72.0,70.0,1000.0,200.0,0.548,807.5,76.375,76.375,0.01,72.063,71.438,55.625,56.531,0.0,61.688,72.0,70.0,1000.0,200.0,0.293,592.5,76.125,76.563,0.019,71.938,69.875,55.844,57.281,0.0,54.469,72.0,70.0,1000.0,200.0,0.218,514.5,74.438,74.375,-0.004,1.0,1.0,1.0,1.0,1.0,1.0,1.0,1.0,1.0,1.0,1.0,1.0,1.0,1.0,1.0,1.0,12.793,12.839,11.892,12.514,1.0,1.0,1.0,1.0,1.0,1.0,1.0,1.0,1.0,1.0,1.0,1.0,1.0,1.0,1.0,1.0,338.5,523.0,525.0,525.5,303.5,538.5,525.5,522.0,-0.008,6.449,0.0,16.621,1.695,0.399,-0.002,0.0,-0.001,-0.0
9072007,1718,1.0,1.0,1.0,1.0,100.0,42.803,40.0,40.0,40.0,1.0,1.0,1711.274,399.414,0.012,11.866,0.0,80.0,55.0,1.4,2232.5,2309.481,2171.31,416.654,54.825,73.968,72.812,73.892,51.476,1.391,2.807,0.384,78.033,62.427,86.161,45.873,0.0,76.87,78.751,75.596,80.867,34.752,53.198,44.809,-10.82,45.281,93.5,72.125,73.875,55.406,56.25,0.0,47.781,72.0,70.0,1000.0,200.0,0.245,309.75,68.688,68.438,-0.052,72.25,72.5,55.219,55.688,0.0,65.5,72.0,70.0,1000.0,200.0,0.561,820.5,76.25,76.375,0.01,71.875,71.625,55.656,56.594,0.0,61.25,72.0,70.0,1000.0,200.0,0.297,595.0,76.125,76.563,0.02,72.0,69.875,55.844,57.281,0.0,54.219,72.0,70.0,1000.0,200.0,0.218,509.25,74.313,74.375,-0.004,1.0,1.0,1.0,1.0,1.0,1.0,1.0,1.0,1.0,1.0,1.0,1.0,1.0,1.0,1.0,1.0,12.782,12.829,11.874,12.501,1.0,1.0,1.0,1.0,1.0,1.0,1.0,1.0,1.0,1.0,1.0,1.0,1.0,1.0,1.0,1.0,337.75,523.0,525.0,525.5,303.5,539.0,525.5,522.0,-0.008,6.469,0.0,16.579,1.711,0.399,-0.002,-0.0,-0.001,0.0
9072007,1719,1.0,1.0,1.0,1.0,100.0,42.877,40.0,40.0,40.0,1.0,1.0,1746.413,400.586,0.012,11.866,0.0,80.0,55.0,1.4,2229.75,2324.847,2180.319,418.409,55.148,73.968,72.917,73.892,51.69,1.379,2.846,0.37,78.037,62.426,85.853,45.929,0.0,77.192,78.677,75.702,80.793,34.752,53.198,44.809,-10.82,44.969,93.563,72.125,74.25,55.406,56.125,0.0,47.625,72.0,70.0,1000.0,200.0,0.249,310.75,68.688,68.438,-0.052,72.25,72.813,55.219,55.688,0.0,67.125,72.0,70.0,1000.0,200.0,0.562,819.5,76.25,76.5,0.01,71.875,71.313,55.625,56.594,0.0,61.844,72.0,70.0,1000.0,200.0,0.301,601.5,76.125,76.563,0.017,72.0,70.0,55.844,57.281,0.0,54.844,72.0,70.0,1000.0,200.0,0.212,507.0,74.313,74.375,-0.004,1.0,1.0,1.0,1.0,1.0,1.0,1.0,1.0,1.0,1.0,1.0,1.0,1.0,1.0,1.0,1.0,12.799,12.848,11.899,12.522,1.0,1.0,1.0,1.0,1.0,1.0,1.0,1.0,1.0,1.0,1.0,1.0,1.0,1.0,1.0,1.0,338.5,523.0,525.0,525.5,303.5,538.5,525.5,522.0,-0.009,6.469,0.0,16.579,1.746,0.401,-0.002,-0.0,-0.001,0.0
9072007,1720,1.0,1.0,1.0,1.0,100.0,42.799,40.0,40.0,40.0,1.0,1.0,1753.441,394.729,0.012,11.852,0.0,80.0,55.0,1.4,2241.75,2297.54,2164.116,420.912,54.825,73.968,72.812,73.787,51.583,1.398,2.85,0.373,78.123,62.517,85.993,45.873,0.0,76.977,78.677,75.702,80.793,34.679,53.302,44.809,-10.828,45.219,93.438,72.0,74.25,55.406,56.25,0.0,47.5,72.0,70.0,1000.0,200.0,0.25,312.5,68.688,68.375,-0.052,72.25,72.938,55.219,55.688,0.0,66.188,72.0,70.0,1000.0,200.0,0.574,826.0,76.25,76.375,0.01,72.063,71.625,55.656,56.594,0.0,61.125,72.0,70.0,1000.0,200.0,0.288,588.0,76.125,76.563,0.017,72.0,70.0,55.844,57.281,0.0,54.156,72.0,70.0,1000.0,200.0,0.217,510.25,74.313,74.375,-0.004,1.0,1.0,1.0,1.0,1.0,1.0,1.0,1.0,1.0,1.0,1.0,1.0,1.0,1.0,1.0,1.0,12.8,12.853,11.89,12.522,1.0,1.0,1.0,1.0,1.0,1.0,1.0,1.0,1.0,1.0,1.0,1.0,1.0,1.0,1.0,1.0,338.5,523.0,525.5,525.0,303.5,538.5,525.5,522.0,-0.009,6.447,0.0,16.68,1.753,0.395,-0.002,-0.0,-0.001,0.0
9072007,1721,1.0,1.0,1.0,1.0,100.0,42.699,40.0,40.0,40.0,1.0,1.0,1766.325,393.558,0.022,11.822,0.0,80.0,55.0,1.4,2241.75,2345.36,2185.732,423.925,54.932,73.968,72.812,73.892,51.583,1.368,2.85,0.37,78.22,62.494,85.965,45.985,0.0,76.87,78.751,75.808,80.793,34.825,53.302,44.809,-10.82,45.063,93.563,71.938,74.188,55.406,56.25,0.0,47.344,72.0,70.0,1000.0,200.0,0.247,309.75,68.688,68.438,-0.052,72.313,72.563,55.219,55.688,0.0,67.688,72.0,70.0,1000.0,200.0,0.566,824.0,76.25,76.5,0.01,72.188,71.438,55.656,56.719,0.0,61.813,72.0,70.0,1000.0,200.0,0.308,606.0,76.125,76.563,0.02,72.0,70.0,55.844,57.281,0.0,54.219,72.0,70.0,1000.0,200.0,0.216,510.5,74.313,74.5,-0.004,1.0,1.0,1.0,1.0,1.0,1.0,1.0,1.0,1.0,1.0,1.0,1.0,1.0,1.0,1.0,1.0,12.807,12.858,11.897,12.529,1.0,1.0,1.0,1.0,1.0,1.0,1.0,1.0,1.0,1.0,1.0,1.0,1.0,1.0,1.0,1.0,338.5,523.0,525.0,525.0,303.75,537.0,526.0,522.0,-0.015,6.388,0.0,16.397,1.766,0.394,-0.002,-0.0,-0.001,0.0
9072007,1722,1.0,1.0,1.0,1.0,100.0,42.626,40.0,40.0,40.0,1.0,1.0,1735.871,401.757,0.022,11.822,0.0,80.0,55.0,1.4,2255.5,2319.723,2180.319,419.664,54.825,73.862,72.917,73.892,51.583,1.402,2.911,0.37,78.204,62.63,85.965,46.041,0.0,76.762,78.603,75.808,80.793,34.752,53.407,44.809,-10.82,45.281,93.5,72.0,74.25,55.406,56.344,0.0,46.813,72.0,70.0,1000.0,200.0,0.25,313.0,68.688,68.438,-0.052,72.25,72.25,55.219,55.688,0.0,66.813,72.0,70.0,1000.0,200.0,0.575,828.0,76.25,76.5,0.01,71.875,71.438,55.656,56.719,0.0,61.563,72.0,70.0,1000.0,200.0,0.293,591.5,76.125,76.625,0.017,72.0,70.063,56.063,57.281,0.0,53.938,72.0,70.0,1000.0,200.0,0.218,510.0,74.438,74.5,-0.004,1.0,1.0,1.0,1.0,1.0,1.0,1.0,1.0,1.0,1.0,1.0,1.0,1.0,1.0,1.0,1.0,12.818,12.871,11.91,12.544,1.0,1.0,1.0,1.0,1.0,1.0,1.0,1.0,1.0,1.0,1.0,1.0,1.0,1.0,1.0,1.0,339.0,523.0,525.0,525.5,303.5,537.5,525.5,522.0,-0.017,6.373,0.0,16.518,1.736,0.402,-0.002,-0.0,-0.001,0.0
9072007,1723,1.0,1.0,1.0,1.0,100.0,43.023,40.0,40.0,40.0,1.0,1.0,1724.158,392.387,0.012,11.762,0.0,80.0,55.0,1.4,2232.75,2329.972,2174.912,425.974,54.825,73.968,72.812,74.104,51.583,1.383,2.879,0.366,78.222,62.576,85.937,45.929,0.0,76.87,78.751,75.596,80.867,34.825,53.198,44.882,-10.828,45.219,93.563,72.0,74.438,55.406,56.25,0.0,48.375,72.0,70.0,1000.0,200.0,0.235,303.75,68.688,68.438,-0.052,72.25,72.5,55.344,55.688,0.0,67.188,72.0,70.0,1000.0,200.0,0.578,835.0,76.25,76.375,0.01,71.75,71.813,55.656,56.594,0.0,61.688,72.0,70.0,1000.0,200.0,0.291,589.0,76.188,76.563,0.02,72.0,70.25,55.844,57.281,0.0,53.75,72.0,70.0,1000.0,200.0,0.22,517.0,74.313,74.5,-0.004,1.0,1.0,1.0,1.0,1.0,1.0,1.0,1.0,1.0,1.0,1.0,1.0,1.0,1.0,1.0,1.0,12.817,12.872,11.904,12.544,1.0,1.0,1.0,1.0,1.0,1.0,1.0,1.0,1.0,1.0,1.0,1.0,1.0,1.0,1.0,1.0,338.5,523.0,525.0,525.0,303.5,538.5,525.5,522.0,-0.008,6.438,0.0,16.434,1.724,0.392,-0.002,-0.0,-0.001,0.0
9072007,1724,1.0,1.0,1.0,1.0,100.0,42.713,40.0,40.0,40.0,1.0,1.0,1748.756,399.414,0.022,11.852,0.0,80.0,55.0,1.4,2251.0,2321.431,2183.927,422.144,54.825,73.862,72.812,73.892,51.583,1.413,2.846,0.377,78.242,62.596,85.544,45.929,0.0,76.762,78.677,75.596,80.793,34.752,53.302,44.809,-10.82,44.688,93.563,72.0,74.188,55.406,56.25,0.0,46.75,72.0,70.0,1000.0,200.0,0.251,312.25,68.688,68.375,-0.052,72.313,72.375,55.219,55.688,0.0,67.438,72.0,70.0,1000.0,200.0,0.576,830.0,76.25,76.5,0.01,71.75,71.438,55.656,56.594,0.0,61.25,72.0,70.0,1000.0,200.0,0.293,591.0,76.188,76.563,0.019,72.0,70.063,55.844,57.281,0.0,54.75,72.0,70.0,1000.0,200.0,0.216,508.75,74.438,74.375,-0.004,1.0,1.0,1.0,1.0,1.0,1.0,1.0,1.0,1.0,1.0,1.0,1.0,1.0,1.0,1.0,1.0,12.81,12.863,11.901,12.535,1.0,1.0,1.0,1.0,1.0,1.0,1.0,1.0,1.0,1.0,1.0,1.0,1.0,1.0,1.0,1.0,338.5,523.0,525.0,525.5,303.5,538.5,526.0,522.0,-0.015,6.426,0.0,16.56,1.749,0.399,-0.002,-0.0,-0.001,-0.0
9072007,1725,1.0,1.0,1.0,1.0,100.0,42.142,40.0,40.0,40.0,1.0,1.0,1733.529,405.271,0.012,11.762,0.0,80.0,55.0,1.4,2232.5,2306.068,2165.914,417.746,54.825,73.862,72.812,73.787,51.476,1.413,2.864,0.395,78.227,62.579,85.628,46.041,0.0,76.762,78.677,75.596,80.719,34.752,53.198,44.809,-10.82,45.0,93.438,71.938,74.125,55.281,56.25,0.0,48.188,72.0,70.0,1000.0,200.0,0.237,305.25,68.688,68.438,-0.052,72.313,72.563,55.219,55.688,0.0,67.875,72.0,70.0,1000.0,200.0,0.575,831.0,76.25,76.5,0.01,71.625,71.813,55.625,56.594,0.0,60.344,72.0,70.0,1000.0,200.0,0.279,581.0,76.125,76.563,0.021,71.938,70.063,55.844,57.281,0.0,53.313,72.0,70.0,1000.0,200.0,0.229,520.0,74.438,74.375,-0.004,1.0,1.0,1.0,1.0,1.0,1.0,1.0,1.0,1.0,1.0,1.0,1.0,1.0,1.0,1.0,1.0,12.823,12.879,11.914,12.547,1.0,1.0,1.0,1.0,1.0,1.0,1.0,1.0,1.0,1.0,1.0,1.0,1.0,1.0,1.0,1.0,339.0,523.5,525.0,525.0,303.5,537.5,525.5,522.0,-0.008,6.413,0.0,16.434,1.734,0.405,-0.002,-0.0,-0.001,-0.0
9072007,1726,1.0,1.0,1.0,1.0,100.0,41.731,40.0,40.0,40.0,1.0,1.0,1745.242,422.84,0.022,11.852,0.0,80.0,55.0,1.4,2232.5,2333.391,2192.961,419.909,54.825,73.862,72.812,73.787,51.476,1.379,2.836,0.388,78.23,62.575,85.544,46.013,0.0,76.655,78.603,75.702,80.793,34.752,53.198,44.736,-10.82,44.688,93.313,71.938,74.25,55.406,56.25,0.0,48.313,72.0,70.0,1000.0,200.0,0.236,304.5,68.688,68.438,-0.052,72.438,72.25,55.125,55.688,0.0,68.938,72.0,70.0,1000.0,200.0,0.603,850.5,76.25,76.5,0.01,71.75,71.813,55.625,56.594,0.0,60.156,72.0,70.0,1000.0,200.0,0.282,580.0,76.125,76.563,0.017,72.0,70.25,55.844,57.281,0.0,54.469,72.0,70.0,1000.0,200.0,0.216,512.0,74.313,74.375,-0.004,1.0,1.0,1.0,1.0,1.0,1.0,1.0,1.0,1.0,1.0,1.0,1.0,1.0,1.0,1.0,1.0,12.815,12.861,11.899,12.535,1.0,1.0,1.0,1.0,1.0,1.0,1.0,1.0,1.0,1.0,1.0,1.0,1.0,1.0,1.0,1.0,338.75,523.5,525.0,525.0,303.5,537.5,525.5,522.0,-0.017,6.415,0.0,16.439,1.745,0.423,-0.002,-0.0,-0.001,0.0
9072007,1727,1.0,1.0,1.0,1.0,100.0,41.775,40.0,40.0,40.0,1.0,1.0,1769.839,400.586,0.012,11.852,0.0,80.0,55.0,1.4,2251.75,2323.139,2182.123,418.995,54.825,73.862,72.707,73.787,51.476,1.421,2.85,0.366,78.255,62.612,85.825,46.013,0.0,76.655,78.603,75.702,80.719,34.679,53.198,44.736,-10.82,45.0,93.438,72.0,74.25,55.281,56.25,0.0,47.344,72.0,70.0,1000.0,200.0,0.249,312.5,68.563,68.438,-0.052,72.313,72.375,55.219,55.594,0.0,68.75,72.0,70.0,1000.0,200.0,0.592,838.5,76.25,76.5,0.01,72.063,71.625,55.625,56.719,0.0,60.0,72.0,70.0,1000.0,200.0,0.284,582.5,76.125,76.563,0.018,72.0,70.063,55.844,57.188,0.0,54.313,72.0,70.0,1000.0,200.0,0.219,511.0,74.313,74.5,-0.004,1.0,1.0,1.0,1.0,1.0,1.0,1.0,1.0,1.0,1.0,1.0,1.0,1.0,1.0,1.0,1.0,12.812,12.867,11.906,12.539,1.0,1.0,1.0,1.0,1.0,1.0,1.0,1.0,1.0,1.0,1.0,1.0,1.0,1.0,1.0,1.0,339.0,523.0,525.0,525.0,303.25,538.0,525.5,522.0,-0.009,6.436,0.0,16.56,1.77,0.401,-0.001,-0.0,-0.001,0.0
9072007,1728,1.0,1.0,1.0,1.0,100.0,41.603,40.0,40.0,40.0,1.0,1.0,1751.098,402.928,0.022,11.837,0.0,80.0,55.0,1.4,2245.5,2331.681,2180.319,422.211,54.825,73.862,72.917,73.787,51.369,1.372,2.875,0.377,78.276,62.603,85.6,45.901,0.0,76.762,78.603,75.596,80.719,34.679,53.302,44.809,-10.82,44.75,93.438,72.0,74.25,55.281,56.25,0.0,47.156,72.0,70.0,1000.0,200.0,0.25,312.0,68.688,68.375,-0.052,72.313,72.938,55.219,55.688,0.0,69.063,72.0,70.0,1000.0,200.0,0.591,841.0,76.25,76.5,0.01,71.875,71.625,55.625,56.594,0.0,59.938,72.0,70.0,1000.0,200.0,0.283,581.5,76.125,76.563,0.016,72.0,70.0,55.844,57.281,0.0,53.531,72.0,70.0,1000.0,200.0,0.224,519.0,74.313,74.5,-0.004,1.0,1.0,1.0,1.0,1.0,1.0,1.0,1.0,1.0,1.0,1.0,1.0,1.0,1.0,1.0,1.0,12.807,12.861,11.902,12.535,1.0,1.0,1.0,1.0,1.0,1.0,1.0,1.0,1.0,1.0,1.0,1.0,1.0,1.0,1.0,1.0,338.5,523.0,525.0,525.5,303.5,538.5,526.0,522.0,-0.015,6.439,0.0,16.659,1.751,0.403,-0.002,-0.0,-0.001,0.0
9072007,1729,1.0,1.0,1.0,1.0,100.0,41.441,40.0,40.0,40.0,1.0,1.0,1734.7,405.271,0.022,11.896,0.0,80.0,55.0,1.4,2253.75,2333.391,2174.912,429.245,55.04,73.862,72.917,73.787,51.476,1.387,2.832,0.377,78.286,62.632,85.656,45.705,0.0,76.87,78.603,75.702,80.719,34.679,53.198,44.736,-10.82,44.75,93.25,71.938,74.875,55.406,56.25,0.0,46.969,72.0,70.0,1000.0,200.0,0.249,311.25,68.688,68.375,-0.052,72.313,72.813,55.219,55.594,0.0,68.688,72.0,70.0,1000.0,200.0,0.595,843.5,76.25,76.375,0.01,72.063,71.813,55.625,56.594,0.0,60.594,72.0,70.0,1000.0,200.0,0.292,591.0,76.188,76.563,0.017,72.0,70.0,55.844,57.281,0.0,54.344,72.0,70.0,1000.0,200.0,0.215,507.5,74.313,74.5,-0.004,1.0,1.0,1.0,1.0,1.0,1.0,1.0,1.0,1.0,1.0,1.0,1.0,1.0,1.0,1.0,1.0,12.81,12.869,11.909,12.541,1.0,1.0,1.0,1.0,1.0,1.0,1.0,1.0,1.0,1.0,1.0,1.0,1.0,1.0,1.0,1.0,339.0,523.5,525.0,525.5,303.5,538.0,526.0,522.0,-0.016,6.46,0.0,16.621,1.735,0.405,-0.002,-0.0,-0.001,0.0
9072007,1730,1.0,1.0,1.0,1.0,100.0,41.063,40.0,40.0,40.0,1.0,1.0,1771.01,411.127,0.022,11.807,0.0,80.0,55.0,1.4,2254.75,2341.939,2200.2,420.978,54.825,73.862,72.812,73.892,51.476,1.36,2.832,0.377,78.3,62.621,85.404,45.817,0.0,76.655,78.455,75.596,80.645,34.532,53.198,44.736,-10.828,44.563,93.125,72.0,73.625,55.281,56.25,0.0,48.031,72.0,70.0,1000.0,200.0,0.237,303.75,68.688,68.375,-0.052,72.313,73.0,55.125,55.688,0.0,69.75,72.0,70.0,1000.0,200.0,0.604,850.5,76.25,76.375,0.01,72.188,71.625,55.656,56.594,0.0,61.5,72.0,70.0,1000.0,200.0,0.293,592.0,76.188,76.625,0.018,71.938,70.0,55.844,57.281,0.0,53.75,72.0,70.0,1000.0,200.0,0.218,513.0,74.438,74.5,-0.004,1.0,1.0,1.0,1.0,1.0,1.0,1.0,1.0,1.0,1.0,1.0,1.0,1.0,1.0,1.0,1.0,12.812,12.869,11.915,12.541,1.0,1.0,1.0,1.0,1.0,1.0,1.0,1.0,1.0,1.0,1.0,1.0,1.0,1.0,1.0,1.0,339.0,523.0,525.0,525.0,303.5,538.0,525.5,522.0,-0.017,6.454,0.0,16.739,1.771,0.411,-0.002,-0.0,-0.001,0.0
9072007,1731,1.0,1.0,1.0,1.0,100.0,41.067,40.0,40.0,40.0,1.0,1.0,1767.496,407.613,0.012,11.837,0.0,80.0,55.0,1.4,2265.75,2341.939,2180.319,428.962,54.825,73.756,72.707,73.787,51.476,1.372,2.875,0.373,78.386,62.665,85.516,46.041,0.0,76.655,78.455,75.596,80.645,34.606,53.198,44.736,-10.828,44.656,93.125,72.0,73.875,55.406,56.25,0.0,47.531,72.0,70.0,1000.0,200.0,0.244,309.25,68.688,68.438,-0.052,72.313,73.188,55.219,55.594,0.0,69.25,72.0,70.0,1000.0,200.0,0.615,857.5,76.25,76.375,0.01,72.188,71.625,55.656,56.594,0.0,60.938,72.0,70.0,1000.0,200.0,0.295,594.5,76.125,76.563,0.02,71.938,70.0,55.844,57.281,0.0,54.563,72.0,70.0,1000.0,200.0,0.213,504.5,74.313,74.5,-0.004,1.0,1.0,1.0,1.0,1.0,1.0,1.0,1.0,1.0,1.0,1.0,1.0,1.0,1.0,1.0,1.0,12.832,12.889,11.94,12.56,1.0,1.0,1.0,1.0,1.0,1.0,1.0,1.0,1.0,1.0,1.0,1.0,1.0,1.0,1.0,1.0,339.75,523.5,525.0,525.0,303.5,538.0,526.0,522.0,-0.009,6.449,0.0,16.659,1.767,0.408,-0.002,-0.0,-0.001,0.0
9072007,1732,1.0,1.0,1.0,1.0,100.0,40.889,40.0,40.0,40.0,1.0,1.0,1773.353,406.442,0.022,11.792,0.0,80.0,55.0,1.4,2275.0,2347.071,2196.579,432.179,54.825,73.756,72.707,73.787,51.476,1.36,2.879,0.377,78.512,62.74,85.656,45.901,0.0,76.655,78.529,75.596,80.645,34.752,53.302,44.736,-10.82,44.813,93.188,72.0,74.188,55.281,56.25,0.0,47.375,72.0,70.0,1000.0,200.0,0.245,309.5,68.688,68.563,-0.052,72.313,73.5,55.125,55.594,0.0,69.0,72.0,70.0,1000.0,200.0,0.613,857.0,76.25,76.5,0.01,72.188,71.813,55.656,56.594,0.0,61.781,72.0,70.0,1000.0,200.0,0.296,598.0,76.125,76.563,0.018,71.938,70.063,55.844,57.281,0.0,53.781,72.0,70.0,1000.0,200.0,0.219,509.5,74.313,74.5,-0.004,1.0,1.0,1.0,1.0,1.0,1.0,1.0,1.0,1.0,1.0,1.0,1.0,1.0,1.0,1.0,1.0,12.826,12.881,11.923,12.554,1.0,1.0,1.0,1.0,1.0,1.0,1.0,1.0,1.0,1.0,1.0,1.0,1.0,1.0,1.0,1.0,339.5,523.0,525.5,525.0,303.25,538.5,525.5,522.0,-0.016,6.347,0.0,16.356,1.773,0.406,-0.001,-0.0,-0.001,0.0
9072007,1733,1.0,1.0,1.0,1.0,100.0,41.282,40.0,40.0,40.0,1.0,1.0,1772.182,401.757,0.022,11.822,0.0,80.0,55.0,1.4,2275.0,2336.809,2178.516,426.994,54.825,73.862,72.601,73.787,51.476,1.402,2.861,0.373,78.509,62.804,85.488,45.929,0.0,76.655,78.455,75.702,80.645,34.679,53.302,44.736,-10.82,44.75,93.125,72.0,73.938,55.281,56.125,0.0,46.844,72.0,70.0,1000.0,200.0,0.25,312.75,68.563,68.375,-0.052,72.313,73.5,55.219,55.688,0.0,69.063,72.0,70.0,1000.0,200.0,0.619,857.0,76.25,76.5,0.01,71.75,71.563,55.625,56.594,0.0,61.313,72.0,70.0,1000.0,200.0,0.286,583.5,76.188,76.563,0.017,71.938,70.25,55.844,57.281,0.0,54.375,72.0,70.0,1000.0,200.0,0.213,505.5,74.313,74.5,-0.004,1.0,1.0,1.0,1.0,1.0,1.0,1.0,1.0,1.0,1.0,1.0,1.0,1.0,1.0,1.0,1.0,12.84,12.897,11.947,12.567,1.0,1.0,1.0,1.0,1.0,1.0,1.0,1.0,1.0,1.0,1.0,1.0,1.0,1.0,1.0,1.0,340.25,523.0,525.5,525.0,303.5,538.0,525.5,522.0,-0.018,6.384,0.0,16.518,1.772,0.402,-0.001,-0.0,-0.001,0.0
9072007,1734,1.0,1.0,1.0,1.0,100.0,40.702,40.0,40.0,40.0,1.0,1.0,1751.098,409.956,0.022,11.881,0.0,80.0,55.0,1.4,2251.75,2338.519,2203.825,426.579,54.825,73.756,72.707,73.681,51.476,1.372,2.872,0.384,78.494,62.792,85.516,45.901,0.0,76.548,78.455,75.596,80.571,34.679,53.198,44.736,-10.82,44.75,93.188,72.0,74.125,55.406,56.25,0.0,48.438,72.0,70.0,1000.0,200.0,0.234,302.75,68.688,68.438,-0.052,72.438,73.375,55.219,55.594,0.0,69.25,72.0,70.0,1000.0,200.0,0.617,861.5,76.25,76.375,0.01,71.75,71.563,55.625,56.594,0.0,61.531,72.0,70.0,1000.0,200.0,0.292,592.5,76.188,76.563,0.019,71.938,70.0,55.844,57.281,0.0,54.406,72.0,70.0,1000.0,200.0,0.213,504.75,74.438,74.5,-0.004,1.0,1.0,1.0,1.0,1.0,1.0,1.0,1.0,1.0,1.0,1.0,1.0,1.0,1.0,1.0,1.0,12.848,12.9,11.955,12.571,1.0,1.0,1.0,1.0,1.0,1.0,1.0,1.0,1.0,1.0,1.0,1.0,1.0,1.0,1.0,1.0,340.0,523.5,525.5,525.0,303.5,538.5,525.5,522.0,-0.016,6.452,0.0,16.6,1.751,0.41,-0.002,-0.0,-0.001,0.0
9072007,1735,1.0,1.0,1.0,1.0,100.0,40.304,40.0,40.0,40.0,1.0,1.0,1772.182,399.414,0.012,11.747,0.0,80.0,55.0,1.4,2264.5,2331.681,2178.516,420.782,54.717,73.756,72.601,73.998,51.476,1.41,2.882,0.359,78.473,62.803,85.544,45.929,0.0,76.548,78.529,75.596,80.645,34.606,53.198,44.664,-10.82,44.938,93.188,72.125,74.438,55.281,56.25,0.0,47.094,72.0,70.0,1000.0,200.0,0.249,312.0,68.688,68.438,-0.052,72.313,73.375,55.219,55.594,0.0,70.688,72.0,70.0,1000.0,200.0,0.613,855.0,76.25,76.375,0.01,72.063,71.438,55.625,56.594,0.0,60.656,72.0,70.0,1000.0,200.0,0.278,581.0,76.125,76.563,0.018,71.938,70.0,55.844,57.281,0.0,54.063,72.0,70.0,1000.0,200.0,0.214,507.25,74.313,74.375,-0.004,1.0,1.0,1.0,1.0,1.0,1.0,1.0,1.0,1.0,1.0,1.0,1.0,1.0,1.0,1.0,1.0,12.779,12.828,11.885,12.501,1.0,1.0,1.0,1.0,1.0,1.0,1.0,1.0,1.0,1.0,1.0,1.0,1.0,1.0,1.0,1.0,338.5,523.5,525.5,525.0,303.75,538.5,525.5,522.0,-0.009,6.355,0.0,16.415,1.772,0.399,-0.002,-0.0,-0.001,0.0
9072007,1736,1.0,1.0,1.0,1.0,100.0,40.334,40.0,40.0,40.0,1.0,1.0,1769.839,399.414,0.012,11.792,0.0,80.0,55.0,1.4,2264.5,2350.493,2203.825,428.189,54.717,73.756,72.707,73.681,51.476,1.391,2.832,0.373,78.499,62.799,85.684,45.817,0.0,76.548,78.455,75.596,80.571,34.606,53.302,44.664,-10.82,45.0,93.125,72.0,74.438,55.281,56.25,0.0,47.531,72.0,70.0,1000.0,200.0,0.247,310.5,68.688,68.438,-0.052,72.313,73.625,55.125,55.594,0.0,70.0,72.0,70.0,1000.0,200.0,0.626,864.5,76.25,76.5,0.01,71.875,71.313,55.656,56.594,0.0,60.375,72.0,70.0,1000.0,200.0,0.287,586.0,76.125,76.563,0.02,72.0,70.0,55.75,57.281,0.0,54.969,72.0,70.0,1000.0,200.0,0.212,504.0,74.438,74.5,-0.004,1.0,1.0,1.0,1.0,1.0,1.0,1.0,1.0,1.0,1.0,1.0,1.0,1.0,1.0,1.0,1.0,12.772,12.834,11.892,12.503,1.0,1.0,1.0,1.0,1.0,1.0,1.0,1.0,1.0,1.0,1.0,1.0,1.0,1.0,1.0,1.0,338.25,523.5,525.5,525.0,303.25,538.5,525.5,522.0,-0.009,6.344,0.0,16.478,1.77,0.399,-0.002,-0.0,-0.001,0.0
9072007,1737,1.0,1.0,1.0,1.0,100.0,40.121,40.0,40.0,40.0,1.0,1.0,1793.265,406.442,0.012,11.837,0.0,80.0,55.0,1.4,2273.0,2345.36,2191.153,430.044,54.825,73.756,72.707,73.681,51.476,1.383,2.864,0.362,78.54,62.854,85.741,45.957,0.0,76.44,78.381,75.489,80.645,34.606,53.198,44.736,-10.82,45.094,93.375,72.0,74.125,55.281,56.25,0.0,47.219,72.0,70.0,1000.0,200.0,0.247,310.75,68.563,68.375,-0.052,72.313,73.375,55.219,55.594,0.0,70.188,72.0,70.0,1000.0,200.0,0.629,867.5,76.25,76.5,0.01,71.875,71.313,55.625,56.594,0.0,60.031,72.0,70.0,1000.0,200.0,0.287,586.0,76.125,76.563,0.018,71.938,70.0,55.844,57.188,0.0,53.656,72.0,70.0,1000.0,200.0,0.216,507.75,74.438,74.375,-0.004,1.0,1.0,1.0,1.0,1.0,1.0,1.0,1.0,1.0,1.0,1.0,1.0,1.0,1.0,1.0,1.0,12.772,12.823,11.887,12.498,1.0,1.0,1.0,1.0,1.0,1.0,1.0,1.0,1.0,1.0,1.0,1.0,1.0,1.0,1.0,1.0,338.25,523.5,525.5,525.0,303.75,538.5,525.5,522.0,-0.009,6.449,0.0,16.659,1.793,0.406,-0.001,-0.0,-0.001,-0.0
9072007,1738,1.0,1.0,1.0,1.0,100.0,40.02,40.0,40.0,40.0,1.0,1.0,1793.265,407.613,0.012,11.881,0.0,80.0,55.0,1.4,2270.5,2348.781,2196.579,427.512,54.825,73.756,72.601,73.575,51.476,1.417,2.886,0.377,78.55,62.843,85.488,46.069,0.0,76.44,78.381,75.489,80.571,34.606,53.198,44.736,-10.82,44.844,93.188,71.938,74.125,55.281,56.125,0.0,46.969,72.0,70.0,1000.0,200.0,0.249,311.5,68.688,68.438,-0.052,72.438,73.5,55.219,55.594,0.0,70.25,72.0,70.0,1000.0,200.0,0.634,870.5,76.25,76.375,0.01,72.063,71.438,55.625,56.594,0.0,61.0,72.0,70.0,1000.0,200.0,0.276,578.0,76.125,76.563,0.02,71.938,70.063,55.844,57.281,0.0,53.5,72.0,70.0,1000.0,200.0,0.215,507.5,74.438,74.375,-0.004,1.0,1.0,1.0,1.0,1.0,1.0,1.0,1.0,1.0,1.0,1.0,1.0,1.0,1.0,1.0,1.0,12.759,12.826,11.892,12.497,1.0,1.0,1.0,1.0,1.0,1.0,1.0,1.0,1.0,1.0,1.0,1.0,1.0,1.0,1.0,1.0,338.25,523.5,525.5,525.0,303.5,538.5,525.5,522.0,-0.009,6.473,0.0,16.721,1.793,0.408,-0.002,-0.0,-0.001,-0.0
9072007,1739,1.0,1.0,1.0,1.0,100.0,39.816,40.0,40.0,40.0,1.0,1.0,1769.839,407.613,0.022,11.792,0.0,80.0,55.0,1.4,2270.5,2347.071,2200.2,421.544,54.825,73.968,72.917,73.892,51.369,1.383,2.882,0.37,78.562,62.851,85.488,46.041,0.0,76.548,78.455,75.596,80.571,34.532,53.302,44.664,-10.82,44.813,93.188,72.0,74.188,55.281,56.25,0.0,48.0,72.0,70.0,1000.0,200.0,0.237,304.25,68.563,68.375,-0.052,72.438,73.5,55.125,55.594,0.0,70.938,72.0,70.0,1000.0,200.0,0.642,877.5,76.25,76.375,0.01,72.063,71.188,55.625,56.594,0.0,60.844,72.0,70.0,1000.0,200.0,0.289,589.0,76.125,76.563,0.017,72.0,70.063,55.844,57.281,0.0,54.25,72.0,70.0,1000.0,200.0,0.213,505.0,74.313,74.75,-0.004,1.0,1.0,1.0,1.0,1.0,1.0,1.0,1.0,1.0,1.0,1.0,1.0,1.0,1.0,1.0,1.0,12.788,12.841,11.904,12.516,1.0,1.0,1.0,1.0,1.0,1.0,1.0,1.0,1.0,1.0,1.0,1.0,1.0,1.0,1.0,1.0,338.75,523.5,525.0,525.0,303.5,537.5,525.5,522.0,-0.016,6.365,0.0,16.6,1.77,0.408,-0.001,-0.0,-0.001,0.0
9072007,1740,1.0,1.0,1.0,1.0,100.0,39.705,40.0,40.0,40.0,1.0,1.0,1792.094,408.785,0.012,11.881,0.0,80.0,55.0,1.4,2270.5,2348.781,2196.579,422.461,54.825,73.968,72.812,73.787,51.369,1.383,2.861,0.37,78.603,62.88,85.46,46.013,0.0,76.44,78.455,75.489,80.571,34.532,53.198,44.664,-10.82,44.75,93.125,72.0,74.125,55.281,56.25,0.0,47.531,72.0,70.0,1000.0,200.0,0.245,309.75,68.688,68.438,-0.052,72.438,73.188,55.219,55.594,0.0,71.313,72.0,70.0,1000.0,200.0,0.646,879.0,76.25,76.375,0.01,71.875,71.563,55.656,56.594,0.0,61.594,72.0,70.0,1000.0,200.0,0.289,586.5,76.188,76.563,0.019,72.0,70.063,55.844,57.281,0.0,54.469,72.0,70.0,1000.0,200.0,0.212,505.0,74.438,74.5,-0.004,1.0,1.0,1.0,1.0,1.0,1.0,1.0,1.0,1.0,1.0,1.0,1.0,1.0,1.0,1.0,1.0,12.8,12.851,11.907,12.524,1.0,1.0,1.0,1.0,1.0,1.0,1.0,1.0,1.0,1.0,1.0,1.0,1.0,1.0,1.0,1.0,338.75,523.5,526.0,525.0,303.5,538.5,525.5,522.0,-0.009,6.449,0.0,16.725,1.792,0.409,-0.002,-0.0,-0.001,0.0
9072007,1741,1.0,1.0,1.0,1.0,100.0,39.513,40.0,40.0,40.0,1.0,1.0,1844.802,404.1,0.012,11.807,0.0,80.0,55.0,1.4,2281.5,2371.041,2216.532,433.026,54.717,73.756,72.601,73.787,51.476,1.383,2.875,0.37,78.708,62.88,85.684,45.957,0.0,76.44,78.381,75.489,80.498,34.532,53.198,44.591,-10.82,44.844,93.0,72.0,74.563,55.281,56.25,0.0,47.406,72.0,70.0,1000.0,200.0,0.245,310.25,68.688,68.375,-0.052,72.438,73.188,55.219,55.594,0.0,72.563,72.0,70.0,1000.0,200.0,0.643,877.5,76.25,76.5,0.01,71.75,71.313,55.625,56.719,0.0,61.406,72.0,70.0,1000.0,200.0,0.292,588.5,76.125,76.563,0.017,72.0,70.0,55.844,57.281,0.0,53.188,72.0,70.0,1000.0,200.0,0.222,516.0,74.438,74.5,-0.004,1.0,1.0,1.0,1.0,1.0,1.0,1.0,1.0,1.0,1.0,1.0,1.0,1.0,1.0,1.0,1.0,12.812,12.867,11.918,12.538,1.0,1.0,1.0,1.0,1.0,1.0,1.0,1.0,1.0,1.0,1.0,1.0,1.0,1.0,1.0,1.0,339.25,523.5,525.5,525.0,303.5,538.0,525.5,522.0,-0.009,6.363,0.0,16.501,1.845,0.404,-0.002,-0.0,-0.001,0.0
9072007,1742,1.0,1.0,1.0,1.0,100.0,39.845,40.0,40.0,40.0,1.0,1.0,1802.636,413.47,0.022,11.777,0.0,80.0,55.0,1.4,2285.5,2340.229,2205.637,424.85,55.04,73.968,72.812,73.787,51.476,1.394,2.875,0.377,78.714,62.984,85.488,45.957,0.0,76.548,78.307,75.596,80.498,34.459,53.302,44.591,-10.82,44.906,93.063,72.0,74.438,55.406,56.125,0.0,46.906,72.0,70.0,1000.0,200.0,0.25,312.5,68.563,68.438,-0.052,72.438,73.063,55.219,55.594,0.0,71.438,72.0,70.0,1000.0,200.0,0.667,893.5,76.063,76.5,0.01,71.75,71.563,55.656,56.594,0.0,60.594,72.0,70.0,1000.0,200.0,0.273,571.0,76.188,76.625,0.017,72.0,70.063,55.844,57.281,0.0,54.313,72.0,70.0,1000.0,200.0,0.215,506.5,74.313,74.5,-0.004,1.0,1.0,1.0,1.0,1.0,1.0,1.0,1.0,1.0,1.0,1.0,1.0,1.0,1.0,1.0,1.0,12.805,12.861,11.912,12.529,1.0,1.0,1.0,1.0,1.0,1.0,1.0,1.0,1.0,1.0,1.0,1.0,1.0,1.0,1.0,1.0,339.0,523.5,525.5,524.5,303.5,538.5,525.5,522.0,-0.018,6.333,0.0,16.579,1.803,0.413,-0.001,-0.001,-0.001,0.0
9072007,1743,1.0,1.0,1.0,1.0,100.0,39.507,40.0,40.0,40.0,1.0,1.0,1809.664,413.47,0.012,11.822,0.0,80.0,55.0,1.4,2277.0,2355.627,2207.451,428.8,54.932,73.756,72.601,73.681,51.476,1.387,2.89,0.37,78.776,62.983,85.488,45.985,0.0,76.655,78.307,75.596,80.498,34.386,53.302,44.591,-10.82,44.813,93.188,71.938,74.25,55.406,56.25,0.0,48.063,72.0,70.0,1000.0,200.0,0.238,303.75,68.563,68.375,-0.052,72.625,73.063,55.125,55.594,0.0,73.0,72.0,70.0,1000.0,200.0,0.671,899.0,76.25,76.375,0.01,72.063,71.563,55.656,56.594,0.0,60.875,72.0,70.0,1000.0,200.0,0.278,576.5,76.188,76.563,0.019,72.0,70.0,55.844,57.281,0.0,54.531,72.0,70.0,1000.0,200.0,0.213,505.5,74.313,74.5,-0.004,1.0,1.0,1.0,1.0,1.0,1.0,1.0,1.0,1.0,1.0,1.0,1.0,1.0,1.0,1.0,1.0,12.821,12.869,11.923,12.543,1.0,1.0,1.0,1.0,1.0,1.0,1.0,1.0,1.0,1.0,1.0,1.0,1.0,1.0,1.0,1.0,339.5,523.5,525.5,525.0,303.5,538.0,525.5,522.0,-0.01,6.378,0.0,16.763,1.81,0.413,-0.001,-0.0,-0.001,0.0
9072007,1744,1.0,1.0,1.0,1.0,100.0,39.894,40.0,40.0,40.0,1.0,1.0,1817.863,413.47,0.022,11.911,0.0,80.0,55.0,1.4,2291.75,2359.051,2200.2,429.516,55.148,73.65,72.496,73.681,51.583,1.391,2.886,0.373,78.797,63.003,85.404,46.069,0.0,76.655,78.307,75.596,80.498,34.532,53.302,44.591,-10.82,44.781,93.063,72.0,74.25,55.281,56.25,0.0,47.25,72.0,70.0,1000.0,200.0,0.245,309.75,68.688,68.438,-0.052,72.438,73.0,55.125,55.594,0.0,73.188,72.0,70.0,1000.0,200.0,0.668,895.0,76.125,76.375,0.01,71.875,71.188,55.625,56.594,0.0,59.938,72.0,70.0,1000.0,200.0,0.278,577.5,76.125,76.563,0.017,71.938,69.875,55.844,57.281,0.0,53.781,72.0,70.0,1000.0,200.0,0.219,510.75,74.438,74.5,-0.004,1.0,1.0,1.0,1.0,1.0,1.0,1.0,1.0,1.0,1.0,1.0,1.0,1.0,1.0,1.0,1.0,12.813,12.872,11.925,12.541,1.0,1.0,1.0,1.0,1.0,1.0,1.0,1.0,1.0,1.0,1.0,1.0,1.0,1.0,1.0,1.0,339.5,523.5,525.0,525.0,303.25,538.5,525.5,522.0,-0.018,6.383,0.0,16.646,1.818,0.413,-0.002,-0.0,-0.001,0.0
9072007,1745,1.0,1.0,1.0,1.0,100.0,39.074,40.0,40.0,40.0,1.0,1.0,1824.89,408.785,0.012,11.911,0.0,80.0,55.0,1.4,2291.75,2371.041,2212.898,433.754,54.825,73.65,72.496,73.575,51.476,1.356,2.879,0.373,78.904,63.032,85.432,46.181,0.0,76.548,78.233,75.596,80.498,34.532,53.198,44.664,-10.82,44.813,93.063,71.938,74.125,55.281,56.25,0.0,47.281,72.0,70.0,1000.0,200.0,0.246,309.75,68.563,68.438,-0.052,72.438,73.063,55.219,55.594,0.0,73.75,72.0,70.0,1000.0,200.0,0.661,891.0,76.25,76.5,0.01,72.188,71.438,55.625,56.594,0.0,60.844,72.0,70.0,1000.0,200.0,0.293,592.5,76.125,76.563,0.019,71.938,70.0,56.063,57.281,0.0,54.281,72.0,70.0,1000.0,200.0,0.211,502.5,74.313,74.5,-0.004,1.0,1.0,1.0,1.0,1.0,1.0,1.0,1.0,1.0,1.0,1.0,1.0,1.0,1.0,1.0,1.0,12.813,12.866,11.922,12.538,1.0,1.0,1.0,1.0,1.0,1.0,1.0,1.0,1.0,1.0,1.0,1.0,1.0,1.0,1.0,1.0,339.5,523.5,525.5,525.0,303.5,538.5,525.5,522.0,-0.01,6.465,0.0,16.767,1.825,0.409,-0.001,-0.0,-0.001,0.0
9072007,1746,1.0,1.0,1.0,1.0,100.0,38.928,40.0,40.0,40.0,1.0,1.0,1806.149,406.442,0.022,11.822,0.0,80.0,55.0,1.4,2292.5,2362.476,2212.898,425.987,54.932,73.543,72.391,73.575,51.476,1.391,2.908,0.362,78.875,63.103,85.432,46.181,0.0,76.548,78.307,75.489,80.498,34.459,53.302,44.591,-10.82,44.969,92.938,72.0,74.25,55.281,56.25,0.0,47.094,72.0,70.0,1000.0,200.0,0.247,310.25,68.563,68.438,-0.052,72.438,73.063,55.125,55.594,0.0,73.438,72.0,70.0,1000.0,200.0,0.686,905.0,76.25,76.375,0.01,72.063,71.313,55.656,56.719,0.0,60.938,72.0,70.0,1000.0,200.0,0.275,577.0,76.125,76.625,0.019,72.0,70.25,55.844,57.281,0.0,54.594,72.0,70.0,1000.0,200.0,0.212,504.0,74.313,74.5,-0.004,1.0,1.0,1.0,1.0,1.0,1.0,1.0,1.0,1.0,1.0,1.0,1.0,1.0,1.0,1.0,1.0,12.817,12.874,11.92,12.546,1.0,1.0,1.0,1.0,1.0,1.0,1.0,1.0,1.0,1.0,1.0,1.0,1.0,1.0,1.0,1.0,339.5,523.5,525.5,525.0,303.5,538.5,525.5,522.0,-0.017,6.357,0.0,16.642,1.806,0.406,-0.001,-0.0,-0.001,0.0
9072007,1747,1.0,1.0,1.0,1.0,100.0,38.799,40.0,40.0,40.0,1.0,1.0,1794.437,412.299,0.012,11.777,0.0,80.0,55.0,1.4,2299.5,2369.327,2207.451,426.223,54.825,73.862,72.601,73.787,51.583,1.387,2.879,0.381,78.948,63.134,85.544,46.153,0.0,76.44,78.159,75.702,80.424,34.459,53.198,44.591,-10.82,45.125,93.188,72.0,74.75,55.281,56.25,0.0,46.938,72.0,70.0,1000.0,200.0,0.248,311.0,68.688,68.375,-0.052,72.625,72.938,55.219,55.594,0.0,74.938,72.0,70.0,1000.0,200.0,0.678,901.0,76.25,76.5,0.01,71.875,71.188,55.656,56.719,0.0,60.406,72.0,70.0,1000.0,200.0,0.282,578.5,76.188,76.563,0.021,72.0,70.25,55.844,57.281,0.0,54.531,72.0,70.0,1000.0,200.0,0.214,505.75,74.313,74.5,-0.004,1.0,1.0,1.0,1.0,1.0,1.0,1.0,1.0,1.0,1.0,1.0,1.0,1.0,1.0,1.0,1.0,12.807,12.867,11.914,12.539,1.0,1.0,1.0,1.0,1.0,1.0,1.0,1.0,1.0,1.0,1.0,1.0,1.0,1.0,1.0,1.0,339.25,523.5,525.5,525.0,303.5,537.5,525.5,522.0,-0.011,6.368,0.0,16.579,1.794,0.412,-0.002,-0.0,-0.001,0.0
9072007,1748,1.0,1.0,1.0,1.0,100.0,38.692,40.0,40.0,40.0,1.0,1.0,1826.062,413.47,0.022,11.762,0.0,80.0,55.0,1.4,2294.5,2379.61,2223.81,430.265,55.04,73.543,72.496,73.787,51.583,1.356,2.922,0.37,78.984,63.166,85.656,46.125,0.0,76.655,78.307,75.596,80.498,34.532,53.302,44.591,-10.82,45.219,93.125,72.0,74.688,55.406,56.25,0.0,48.438,72.0,70.0,1000.0,200.0,0.233,301.0,68.563,68.375,-0.052,72.438,73.0,55.219,55.594,0.0,75.188,72.0,70.0,1000.0,200.0,0.701,918.5,76.25,76.5,0.01,71.875,71.563,55.656,56.719,0.0,59.781,72.0,70.0,1000.0,200.0,0.283,582.5,76.125,76.563,0.021,72.0,70.063,55.844,57.281,0.0,53.938,72.0,70.0,1000.0,200.0,0.216,511.0,74.438,74.5,-0.004,1.0,1.0,1.0,1.0,1.0,1.0,1.0,1.0,1.0,1.0,1.0,1.0,1.0,1.0,1.0,1.0,12.809,12.867,11.92,12.539,1.0,1.0,1.0,1.0,1.0,1.0,1.0,1.0,1.0,1.0,1.0,1.0,1.0,1.0,1.0,1.0,339.25,523.5,525.5,524.5,303.75,538.5,525.5,522.0,-0.018,6.303,0.0,16.438,1.826,0.413,-0.001,-0.0,-0.001,0.0
9072007,1749,1.0,1.0,1.0,1.0,100.0,39.364,40.0,40.0,40.0,1.0,1.0,1815.52,414.641,0.012,11.732,0.0,80.0,55.0,1.4,2321.25,2364.188,2223.81,431.416,54.932,73.65,72.496,73.47,51.583,1.375,2.918,0.381,79.091,63.269,85.572,46.125,0.0,76.548,78.307,75.383,80.424,34.459,53.302,44.591,-10.82,45.281,93.188,71.938,74.188,55.406,56.25,0.0,47.375,72.0,70.0,1000.0,200.0,0.245,309.75,68.688,68.375,-0.052,72.25,73.063,55.219,55.688,0.0,73.938,72.0,70.0,1000.0,200.0,0.709,921.5,76.25,76.375,0.01,71.875,71.938,55.656,56.719,0.0,60.469,72.0,70.0,1000.0,200.0,0.271,569.0,76.125,76.563,0.017,72.0,70.0,56.063,57.281,0.0,54.188,72.0,70.0,1000.0,200.0,0.214,507.0,74.438,74.5,-0.004,1.0,1.0,1.0,1.0,1.0,1.0,1.0,1.0,1.0,1.0,1.0,1.0,1.0,1.0,1.0,1.0,12.809,12.879,11.923,12.549,1.0,1.0,1.0,1.0,1.0,1.0,1.0,1.0,1.0,1.0,1.0,1.0,1.0,1.0,1.0,1.0,339.25,524.0,525.5,525.0,303.75,538.0,525.5,522.0,-0.009,6.308,0.0,16.516,1.816,0.415,-0.002,-0.0,-0.001,0.0
9072007,1750,1.0,1.0,1.0,1.0,100.0,39.398,40.0,40.0,40.0,1.0,1.0,1793.265,415.813,0.012,11.762,0.0,80.0,55.0,1.4,2300.25,2374.468,2212.898,431.443,54.932,73.65,72.391,73.575,51.583,1.353,2.911,0.384,79.133,63.257,85.656,46.265,0.0,76.548,78.233,75.489,80.424,34.459,53.198,44.591,-10.828,45.375,93.125,72.0,73.938,55.5,56.344,0.0,47.906,72.0,70.0,1000.0,200.0,0.237,303.75,68.688,68.375,-0.052,72.438,72.938,55.219,55.688,0.0,75.563,72.0,70.0,1000.0,200.0,0.688,906.5,76.25,76.5,0.01,72.063,71.813,55.656,56.719,0.0,60.375,72.0,70.0,1000.0,200.0,0.288,586.5,76.188,76.563,0.017,72.0,70.25,55.844,57.281,0.0,54.375,72.0,70.0,1000.0,200.0,0.213,505.25,74.313,74.5,-0.004,1.0,1.0,1.0,1.0,1.0,1.0,1.0,1.0,1.0,1.0,1.0,1.0,1.0,1.0,1.0,1.0,12.812,12.867,11.907,12.543,1.0,1.0,1.0,1.0,1.0,1.0,1.0,1.0,1.0,1.0,1.0,1.0,1.0,1.0,1.0,1.0,339.0,524.0,525.5,525.0,303.75,538.0,525.5,522.5,-0.01,6.36,0.0,16.558,1.793,0.416,-0.002,-0.0,-0.001,0.0
9072007,1751,1.0,1.0,1.0,1.0,100.0,38.945,40.0,40.0,40.0,1.0,1.0,1856.515,416.984,0.022,11.822,0.0,80.0,55.0,1.4,2321.75,2391.616,2218.35,438.39,54.932,73.65,72.391,73.575,51.583,1.387,2.947,0.377,79.262,63.335,85.6,46.321,0.0,76.548,78.233,75.489,80.35,34.459,53.198,44.591,-10.828,45.25,93.25,71.938,74.125,55.406,56.25,0.0,47.656,72.0,70.0,1000.0,200.0,0.241,307.25,68.688,68.375,-0.052,72.313,72.938,55.219,55.688,0.0,74.563,72.0,70.0,1000.0,200.0,0.703,919.0,76.25,76.375,0.01,71.875,71.813,55.656,56.719,0.0,60.594,72.0,70.0,1000.0,200.0,0.288,586.5,76.125,76.563,0.017,72.063,70.063,56.063,57.281,0.0,54.188,72.0,70.0,1000.0,200.0,0.219,510.0,74.438,74.5,-0.004,1.0,1.0,1.0,1.0,1.0,1.0,1.0,1.0,1.0,1.0,1.0,1.0,1.0,1.0,1.0,1.0,12.82,12.877,11.925,12.554,1.0,1.0,1.0,1.0,1.0,1.0,1.0,1.0,1.0,1.0,1.0,1.0,1.0,1.0,1.0,1.0,339.5,524.0,525.5,525.0,303.5,538.0,525.5,522.0,-0.017,6.392,0.0,16.642,1.857,0.417,-0.002,-0.0,-0.001,0.0
9072007,1752,1.0,1.0,1.0,1.0,100.0,39.152,40.0,40.0,40.0,1.0,1.0,1822.548,408.785,0.012,11.837,0.0,80.0,55.0,1.4,2321.75,2374.468,2220.169,439.414,55.148,73.543,72.286,73.575,51.69,1.387,2.951,0.366,79.285,63.404,85.656,46.489,0.0,76.87,78.233,75.489,80.424,34.386,53.302,44.591,-10.82,45.344,93.313,72.0,73.875,55.5,56.344,0.0,47.125,72.0,70.0,1000.0,200.0,0.246,310.0,68.688,68.375,-0.052,72.438,72.938,55.344,55.688,0.0,74.375,72.0,70.0,1000.0,200.0,0.709,922.0,76.25,76.5,0.01,72.063,71.563,55.656,56.719,0.0,60.438,72.0,70.0,1000.0,200.0,0.27,569.5,76.125,76.563,0.017,72.063,70.063,56.063,57.281,0.0,53.281,72.0,70.0,1000.0,200.0,0.225,519.0,74.438,74.5,-0.004,1.0,1.0,1.0,1.0,1.0,1.0,1.0,1.0,1.0,1.0,1.0,1.0,1.0,1.0,1.0,1.0,12.832,12.881,11.925,12.552,1.0,1.0,1.0,1.0,1.0,1.0,1.0,1.0,1.0,1.0,1.0,1.0,1.0,1.0,1.0,1.0,339.75,523.5,525.5,525.0,303.5,538.5,525.5,522.0,-0.01,6.386,0.0,16.784,1.823,0.409,-0.002,-0.0,-0.001,0.0
9072007,1753,1.0,1.0,1.0,1.0,100.0,39.411,40.0,40.0,40.0,1.0,1.0,1879.942,420.498,0.022,11.777,0.0,80.0,55.0,1.4,2319.25,2412.219,2229.275,442.939,55.148,73.543,72.391,73.681,51.69,1.341,2.915,0.37,79.495,63.465,85.432,46.377,0.0,76.762,78.159,75.596,80.424,34.459,53.302,44.591,-10.82,45.25,93.063,72.0,74.563,55.406,56.344,0.0,47.375,72.0,70.0,1000.0,200.0,0.243,308.5,68.563,68.375,-0.052,72.313,72.813,55.219,55.688,0.0,75.688,72.0,70.0,1000.0,200.0,0.698,914.0,76.125,76.5,0.01,72.063,71.813,55.656,56.719,0.0,60.469,72.0,70.0,1000.0,200.0,0.288,587.5,76.188,76.563,0.017,72.063,70.063,56.063,57.344,0.0,53.844,72.0,70.0,1000.0,200.0,0.232,528.0,74.438,74.5,-0.004,1.0,1.0,1.0,1.0,1.0,1.0,1.0,1.0,1.0,1.0,1.0,1.0,1.0,1.0,1.0,1.0,12.837,12.887,11.94,12.56,1.0,1.0,1.0,1.0,1.0,1.0,1.0,1.0,1.0,1.0,1.0,1.0,1.0,1.0,1.0,1.0,339.75,524.0,525.5,525.0,303.75,538.0,525.5,522.0,-0.019,6.333,0.0,16.579,1.88,0.42,-0.001,-0.001,-0.001,0.0
9072007,1754,1.0,1.0,1.0,1.0,100.0,39.21,40.0,40.0,40.0,1.0,1.0,1892.826,418.155,0.022,11.807,0.0,80.0,55.0,1.4,2332.25,2407.066,2231.099,441.08,55.255,73.543,72.286,73.47,51.69,1.375,2.926,0.373,79.505,63.611,85.348,46.546,0.0,76.655,78.233,75.383,80.424,34.459,53.198,44.591,-10.82,45.25,93.063,71.938,73.875,55.5,56.344,0.0,47.063,72.0,70.0,1000.0,200.0,0.244,308.75,68.688,68.375,-0.052,72.438,72.938,55.219,55.594,0.0,76.375,72.0,70.0,1000.0,200.0,0.708,922.5,76.25,76.375,0.01,72.063,71.563,55.656,56.719,0.0,60.375,72.0,70.0,1000.0,200.0,0.289,587.0,76.125,76.563,0.017,72.063,70.0,56.063,57.281,0.0,54.375,72.0,70.0,1000.0,200.0,0.23,526.0,74.438,74.5,-0.004,1.0,1.0,1.0,1.0,1.0,1.0,1.0,1.0,1.0,1.0,1.0,1.0,1.0,1.0,1.0,1.0,12.833,12.883,11.928,12.557,1.0,1.0,1.0,1.0,1.0,1.0,1.0,1.0,1.0,1.0,1.0,1.0,1.0,1.0,1.0,1.0,340.0,524.0,525.5,525.0,303.5,538.0,525.5,521.5,-0.017,6.384,0.0,16.621,1.893,0.418,-0.002,-0.0,-0.001,0.0
9072007,1755,1.0,1.0,1.0,1.0,100.0,39.293,40.0,40.0,40.0,1.0,1.0,1869.4,419.327,0.022,11.792,0.0,80.0,55.0,1.4,2334.75,2391.616,2229.275,439.138,55.255,73.543,72.286,73.47,51.798,1.375,2.973,0.381,79.516,63.619,85.432,46.518,0.0,76.762,78.085,75.489,80.35,34.386,53.302,44.518,-10.828,45.469,93.063,72.0,73.938,55.5,56.344,0.0,47.844,72.0,70.0,1000.0,200.0,0.235,302.75,68.688,68.375,-0.052,72.688,73.0,55.219,55.688,0.0,77.313,72.0,70.0,1000.0,200.0,0.731,939.0,76.25,76.375,0.01,71.875,71.188,55.656,56.719,0.0,61.5,72.0,70.0,1000.0,200.0,0.28,579.0,76.188,76.563,0.019,72.0,70.063,56.063,57.281,0.0,54.031,72.0,70.0,1000.0,200.0,0.222,516.5,74.313,74.5,-0.004,1.0,1.0,1.0,1.0,1.0,1.0,1.0,1.0,1.0,1.0,1.0,1.0,1.0,1.0,1.0,1.0,12.837,12.896,11.934,12.57,1.0,1.0,1.0,1.0,1.0,1.0,1.0,1.0,1.0,1.0,1.0,1.0,1.0,1.0,1.0,1.0,340.0,524.0,525.5,525.0,303.5,538.0,525.5,522.0,-0.019,6.316,0.0,16.6,1.869,0.419,-0.002,-0.0,-0.001,0.0
9072007,1756,1.0,1.0,1.0,1.0,100.0,39.38,40.0,40.0,40.0,1.0,1.0,1856.515,425.183,0.012,11.792,0.0,80.0,55.0,1.4,2334.75,2395.048,2253.038,439.603,55.04,73.543,72.286,73.47,51.69,1.398,2.94,0.377,79.695,63.633,85.292,46.63,0.0,76.44,78.159,75.383,80.35,34.459,53.302,44.664,-10.82,45.344,93.0,71.938,74.438,55.5,56.344,0.0,47.25,72.0,70.0,1000.0,200.0,0.243,309.5,68.563,68.438,-0.052,72.438,72.563,55.219,55.688,0.0,76.063,72.0,70.0,1000.0,200.0,0.743,942.0,76.25,76.5,0.01,71.75,71.438,55.875,56.719,0.0,60.406,72.0,70.0,1000.0,200.0,0.273,568.5,76.125,76.563,0.017,72.0,70.0,56.063,57.281,0.0,52.75,72.0,70.0,1000.0,200.0,0.225,520.0,74.438,74.5,-0.004,1.0,1.0,1.0,1.0,1.0,1.0,1.0,1.0,1.0,1.0,1.0,1.0,1.0,1.0,1.0,1.0,12.829,12.883,11.92,12.557,1.0,1.0,1.0,1.0,1.0,1.0,1.0,1.0,1.0,1.0,1.0,1.0,1.0,1.0,1.0,1.0,339.25,524.0,525.5,525.0,303.5,538.0,525.5,522.0,-0.009,6.386,0.0,16.72,1.857,0.425,-0.001,-0.0,-0.001,0.0
9072007,1757,1.0,1.0,1.0,1.0,100.0,39.443,40.0,40.0,40.0,1.0,1.0,1881.113,418.155,0.012,11.807,0.0,80.0,55.0,1.4,2331.0,2403.631,2243.884,439.563,54.932,73.437,72.286,73.47,51.583,1.36,2.947,0.377,79.67,63.706,85.264,46.518,0.0,76.44,78.159,75.383,80.35,34.532,53.302,44.591,-10.82,45.344,92.938,71.938,74.438,55.5,56.344,0.0,47.938,72.0,70.0,1000.0,200.0,0.236,302.75,68.688,68.438,-0.052,72.313,72.813,55.219,55.688,0.0,77.563,72.0,70.0,1000.0,200.0,0.731,934.0,76.25,76.5,0.01,71.75,71.625,55.656,56.719,0.0,60.313,72.0,70.0,1000.0,200.0,0.286,585.5,76.125,76.563,0.02,72.063,69.875,56.063,57.281,0.0,53.5,72.0,70.0,1000.0,200.0,0.219,513.5,74.438,74.5,-0.004,1.0,1.0,1.0,1.0,1.0,1.0,1.0,1.0,1.0,1.0,1.0,1.0,1.0,1.0,1.0,1.0,12.843,12.896,11.929,12.568,1.0,1.0,1.0,1.0,1.0,1.0,1.0,1.0,1.0,1.0,1.0,1.0,1.0,1.0,1.0,1.0,339.5,524.5,525.5,525.0,303.5,538.0,525.5,522.0,-0.009,6.327,0.0,16.501,1.881,0.418,-0.002,-0.0,-0.001,0.0
9072007,1758,1.0,1.0,1.0,1.0,100.0,39.187,40.0,40.0,40.0,1.0,1.0,1881.113,425.183,0.022,11.837,0.0,80.0,55.0,1.4,2339.5,2383.04,2236.573,444.862,55.04,73.65,72.391,73.575,51.583,1.398,2.969,0.366,79.733,63.798,85.236,46.574,0.0,76.548,78.085,75.383,80.35,34.386,53.198,44.591,-10.82,45.281,92.938,71.938,74.125,55.406,56.344,0.0,47.281,72.0,70.0,1000.0,200.0,0.244,309.5,68.688,68.375,-0.052,72.438,72.5,55.344,55.688,0.0,77.063,72.0,70.0,1000.0,200.0,0.746,946.5,76.25,76.375,0.01,71.75,71.188,55.656,56.719,0.0,60.0,72.0,70.0,1000.0,200.0,0.271,567.0,76.125,76.563,0.017,72.063,70.0,56.063,57.281,0.0,53.188,72.0,70.0,1000.0,200.0,0.226,520.0,74.438,74.375,-0.004,1.0,1.0,1.0,1.0,1.0,1.0,1.0,1.0,1.0,1.0,1.0,1.0,1.0,1.0,1.0,1.0,12.863,12.9,11.942,12.577,1.0,1.0,1.0,1.0,1.0,1.0,1.0,1.0,1.0,1.0,1.0,1.0,1.0,1.0,1.0,1.0,339.75,524.5,525.5,525.0,303.5,538.0,526.0,522.0,-0.018,6.421,0.0,16.784,1.881,0.425,-0.002,-0.0,-0.001,-0.0
9072007,1759,1.0,1.0,1.0,1.0,100.0,39.178,40.0,40.0,40.0,1.0,1.0,1884.627,422.84,0.022,11.852,0.0,80.0,55.0,1.4,2347.75,2410.501,2245.713,450.078,54.932,73.437,72.181,73.364,51.583,1.372,2.94,0.373,79.78,63.808,85.292,46.658,0.0,76.44,78.159,75.383,80.276,34.459,53.198,44.518,-10.828,45.469,93.0,72.0,74.125,55.406,56.344,0.0,47.469,72.0,70.0,1000.0,200.0,0.247,310.75,68.688,68.375,-0.052,72.313,72.25,55.219,55.688,0.0,77.438,72.0,70.0,1000.0,200.0,0.748,944.5,76.125,76.375,0.01,72.063,71.438,55.656,56.813,0.0,60.688,72.0,70.0,1000.0,200.0,0.277,578.5,76.125,76.563,0.015,72.063,70.0,56.063,57.344,0.0,53.406,72.0,70.0,1000.0,200.0,0.224,517.5,74.438,74.5,-0.004,1.0,1.0,1.0,1.0,1.0,1.0,1.0,1.0,1.0,1.0,1.0,1.0,1.0,1.0,1.0,1.0,12.842,12.896,11.934,12.567,1.0,1.0,1.0,1.0,1.0,1.0,1.0,1.0,1.0,1.0,1.0,1.0,1.0,1.0,1.0,1.0,339.75,524.5,525.5,525.0,303.25,538.0,526.0,522.0,-0.017,6.362,0.0,16.564,1.885,0.423,-0.002,-0.0,-0.001,0.0
9072007,1800,0.0,1.0,1.0,1.0,100.0,39.441,40.0,40.0,40.0,1.0,1.0,1888.141,424.012,0.012,11.822,0.0,80.0,55.0,1.4,2347.75,2396.764,2234.747,440.325,55.04,73.437,72.181,73.364,51.583,1.421,2.936,0.381,79.813,63.866,85.32,46.686,0.0,76.44,78.085,75.383,80.35,34.459,53.302,44.591,-10.82,45.563,93.0,72.0,74.25,55.406,56.344,0.0,47.156,72.0,70.0,1000.0,200.0,0.25,309.25,68.563,68.375,-0.052,72.313,72.375,55.344,55.688,0.0,76.563,72.0,70.0,1000.0,200.0,0.754,951.0,76.25,76.5,0.01,71.875,71.625,55.875,56.813,0.0,59.938,72.0,70.0,1000.0,200.0,0.267,565.5,76.125,76.563,0.018,72.0,70.063,56.063,57.344,0.0,53.031,72.0,70.0,1000.0,200.0,0.226,521.0,74.313,74.5,-0.004,1.0,1.0,1.0,1.0,1.0,1.0,1.0,1.0,1.0,1.0,1.0,1.0,1.0,1.0,1.0,1.0,12.838,12.899,11.934,10.202,1.0,1.0,1.0,1.0,1.0,1.0,1.0,1.0,1.0,1.0,1.0,1.0,1.0,1.0,1.0,1.0,339.5,524.5,525.5,525.5,303.5,538.0,526.0,522.0,-0.01,6.357,0.0,16.642,1.888,0.424,-0.001,-0.0,-0.001,0.0
9072007,1801,0.0,1.0,1.0,1.0,100.0,38.749,40.0,40.0,40.0,0.0,0.0,359.59,125.329,0.012,9.527,0.0,80.0,55.0,1.4,2347.0,1014.513,1067.86,110.693,54.717,73.437,72.076,73.364,51.048,0.991,1.081,0.201,80.285,63.765,80.44,46.714,0.0,76.225,78.085,75.489,80.276,34.386,52.571,44.372,-10.82,45.0,92.25,72.0,74.125,55.5,56.438,0.0,20.984,72.0,70.0,1000.0,200.0,0.068,142.75,68.813,68.438,-0.052,72.688,72.375,55.125,55.688,0.0,52.156,72.0,70.0,1000.0,200.0,0.453,660.5,76.375,76.688,0.01,72.375,71.938,55.875,57.0,0.0,21.125,72.0,70.0,1000.0,200.0,0.09,282.5,76.188,76.625,0.018,72.0,70.688,56.125,57.438,0.0,17.25,72.0,70.0,1000.0,200.0,0.069,253.0,74.438,74.5,-0.004,0.0,0.0,0.0,0.0,0.0,0.0,0.0,0.0,0.0,0.0,0.0,0.0,0.0,0.0,0.0,0.0,0.017,0.031,0.013,0.037,0.0,0.0,0.0,0.0,0.0,0.0,0.0,0.0,0.0,0.0,0.0,0.0,0.0,0.0,0.0,0.0,0.0,-0.149,-0.148,0.0,0.001,0.001,0.0,0.001,-0.01,5.232,0.0,13.219,0.36,0.125,-0.003,-0.0,-0.001,0.0
9072007,1802,0.0,1.0,1.0,1.0,100.0,35.276,40.0,40.0,40.0,0.0,0.0,0.0,0.0,0.012,0.02,0.0,80.0,55.0,1.4,910.063,4.493,61.892,34.089,53.641,73.331,72.391,73.259,48.693,0.0,0.044,0.091,91.937,69.07,74.971,46.826,0.0,76.118,78.011,75.489,80.202,34.459,49.855,42.988,-10.82,46.219,87.188,72.125,74.438,55.281,56.906,0.0,30.703,72.0,70.0,1000.0,200.0,0.004,38.031,68.688,68.438,-0.052,73.938,73.375,54.531,55.688,0.0,100.0,72.0,70.0,1000.0,200.0,0.051,209.0,76.375,76.688,0.01,72.875,72.75,55.969,58.0,0.0,47.625,72.0,70.0,1000.0,200.0,0.002,41.531,76.188,76.563,0.019,72.313,71.438,56.344,58.531,0.0,31.781,72.0,70.0,1000.0,200.0,0.002,40.969,74.438,74.5,-0.004,0.0,0.0,0.0,0.0,0.0,0.0,0.0,0.0,0.0,0.0,0.0,0.0,0.0,0.0,0.0,0.0,0.017,0.029,0.011,0.035,0.0,0.0,0.0,0.0,0.0,0.0,0.0,0.0,0.0,0.0,0.0,0.0,0.0,0.0,0.0,0.0,0.147,-0.149,0.074,0.0,0.149,0.001,0.0,0.149,-0.01,0.011,0.0,0.024,0.0,0.0,-0.002,-0.0,-0.001,0.0
9072007,1803,0.0,1.0,1.0,1.0,100.0,0.0,0.0,0.0,0.0,0.0,0.0,0.0,0.0,0.012,0.02,0.0,80.0,55.0,1.4,66.469,2.248,96.651,6.526,53.533,73.331,72.391,72.836,48.693,0.0,0.047,0.091,23.063,20.0,75.588,47.386,0.0,76.011,78.085,75.383,80.276,34.459,49.855,43.061,-10.82,43.656,85.25,72.438,73.875,55.5,58.281,0.0,31.625,72.0,70.0,1000.0,200.0,0.0,18.422,68.688,68.438,-0.052,75.188,73.75,54.719,58.219,0.0,100.0,72.0,70.0,1000.0,200.0,0.0,0.0,76.375,76.688,0.01,73.375,72.75,55.969,60.625,0.0,56.5,72.0,70.0,1000.0,200.0,-0.001,0.0,76.125,76.625,0.017,72.5,71.688,56.656,60.219,0.0,36.156,72.0,70.0,1000.0,200.0,-0.001,0.0,74.438,74.75,-0.004,0.0,0.0,0.0,0.0,0.0,0.0,0.0,0.0,0.0,0.0,0.0,0.0,0.0,0.0,0.0,0.0,0.017,0.029,0.011,0.035,0.0,0.0,0.0,0.0,0.0,0.0,0.0,0.0,0.0,0.0,0.0,0.0,0.0,0.0,0.0,0.0,0.147,-0.001,0.0,0.147,0.001,0.149,-0.148,0.149,-0.01,0.011,0.0,0.0,0.0,0.0,-0.002,-0.0,-0.001,0.0
9072007,1804,0.0,1.0,1.0,1.0,100.0,0.0,0.0,0.0,0.0,0.0,0.0,0.0,0.0,0.022,0.02,0.0,80.0,55.0,1.4,66.469,2.248,103.573,2.356,53.856,73.225,72.496,72.097,49.442,0.0,0.044,0.091,20.006,20.0,74.774,48.62,0.0,75.903,78.011,75.383,80.276,34.459,50.377,43.061,-10.82,43.813,83.813,72.5,73.25,55.813,59.781,0.0,30.734,72.0,70.0,1000.0,200.0,0.0,17.719,68.688,68.438,-0.052,76.188,73.813,55.219,61.313,0.0,100.0,72.0,70.0,1000.0,200.0,-0.003,0.0,76.375,76.688,0.01,74.0,73.25,56.188,62.75,0.0,63.563,72.0,70.0,1000.0,200.0,-0.001,0.0,76.188,76.563,0.017,72.688,71.813,57.063,61.625,0.0,36.156,72.0,70.0,1000.0,200.0,-0.001,0.0,74.438,74.5,-0.004,0.0,0.0,0.0,0.0,0.0,0.0,0.0,0.0,0.0,0.0,0.0,0.0,0.0,0.0,0.0,0.0,0.017,0.029,0.011,0.034,0.0,0.0,0.0,0.0,0.0,0.0,0.0,0.0,0.0,0.0,0.0,0.0,0.0,0.0,0.0,0.0,0.222,-0.149,0.0,0.0,0.001,0.149,-0.148,0.149,-0.019,0.011,0.0,0.0,0.0,0.0,-0.002,-0.0,-0.001,0.0
9072007,1805,0.0,1.0,1.0,1.0,100.0,0.0,0.0,0.0,0.0,0.0,0.0,0.0,0.0,0.012,0.02,0.0,80.0,55.0,1.4,17.828,2.248,96.651,1.133,54.179,73.331,72.707,71.674,50.192,0.0,0.044,0.091,20.0,20.0,73.933,49.04,0.0,75.688,77.937,75.277,80.202,34.459,50.586,43.061,-10.82,44.313,82.5,72.688,72.875,56.125,61.094,0.0,27.813,72.0,70.0,1000.0,200.0,0.0,18.188,68.813,68.438,-0.052,77.125,73.813,55.75,63.813,0.0,100.0,72.0,70.0,1000.0,200.0,-0.003,0.0,76.375,76.688,0.01,74.313,73.313,56.281,64.563,0.0,69.938,72.0,70.0,1000.0,200.0,-0.001,0.0,76.125,76.625,0.017,73.0,72.188,57.438,63.031,0.0,36.156,72.0,70.0,1000.0,200.0,-0.001,0.0,74.438,74.5,-0.004,0.0,0.0,0.0,0.0,0.0,0.0,0.0,0.0,0.0,0.0,0.0,0.0,0.0,0.0,0.0,0.0,0.017,0.031,0.011,0.034,0.0,0.0,0.0,0.0,0.0,0.0,0.0,0.0,0.0,0.0,0.0,0.0,0.0,0.0,0.0,0.0,0.147,-0.149,0.0,0.0,0.001,0.149,-0.148,0.149,-0.01,0.011,0.0,0.0,0.0,0.0,-0.003,-0.0,-0.001,0.0
9072007,1806,0.0,1.0,1.0,1.0,100.0,0.0,0.0,0.0,0.0,0.0,0.0,0.0,0.0,0.012,0.02,0.0,80.0,55.0,1.4,18.25,2.248,94.918,1.999,54.394,73.119,72.496,70.829,50.941,0.0,0.044,0.091,20.0,20.0,73.849,49.068,0.0,75.796,78.011,75.277,80.35,34.679,50.586,43.134,-10.828,44.969,81.375,72.688,72.688,56.438,62.031,0.0,26.359,72.0,70.0,1000.0,200.0,0.0,18.281,68.688,68.375,-0.052,77.75,73.75,56.25,65.938,0.0,100.0,72.0,70.0,1000.0,200.0,-0.002,0.0,76.375,76.688,0.01,74.625,73.375,56.688,66.188,0.0,75.688,72.0,70.0,1000.0,200.0,-0.001,0.0,76.188,76.625,0.017,73.188,72.438,57.813,64.25,0.0,36.156,72.0,70.0,1000.0,200.0,-0.001,0.0,74.438,74.813,-0.004,0.0,0.0,0.0,0.0,0.0,0.0,0.0,0.0,0.0,0.0,0.0,0.0,0.0,0.0,0.0,0.0,0.017,0.029,0.011,0.034,0.0,0.0,0.0,0.0,0.0,0.0,0.0,0.0,0.0,0.0,0.0,0.0,0.0,0.0,0.0,0.0,-0.074,-0.149,-0.148,0.147,0.149,0.149,-0.148,0.149,-0.01,0.011,0.0,0.0,0.0,0.0,-0.002,-0.0,-0.001,0.0
9072007,1807,0.0,1.0,1.0,1.0,100.0,0.0,0.0,0.0,0.0,0.0,0.0,0.0,0.0,0.012,0.02,0.0,80.0,55.0,1.4,18.297,2.248,91.452,-0.052,54.825,73.437,72.812,70.406,51.476,0.0,0.044,0.091,20.0,20.0,73.54,49.208,0.0,75.796,77.937,75.277,80.276,34.606,50.899,43.134,-10.82,45.344,80.5,72.938,72.688,56.719,63.031,0.0,25.234,72.0,70.0,1000.0,200.0,0.0,18.438,68.688,68.563,-0.052,78.313,73.75,56.875,67.688,0.0,100.0,72.0,70.0,1000.0,200.0,-0.002,0.0,76.375,76.688,0.01,74.813,73.625,56.906,67.375,0.0,79.563,72.0,70.0,1000.0,200.0,-0.001,0.0,76.188,76.563,0.017,73.25,72.75,58.125,65.125,0.0,36.156,72.0,70.0,1000.0,200.0,-0.001,0.0,74.438,74.75,-0.004,0.0,0.0,0.0,0.0,0.0,0.0,0.0,0.0,0.0,0.0,0.0,0.0,0.0,0.0,0.0,0.0,0.017,0.031,0.011,0.034,0.0,0.0,0.0,0.0,0.0,0.0,0.0,0.0,0.0,0.0,0.0,0.0,0.0,0.0,0.0,0.0,0.147,-0.149,0.0,0.0,0.001,0.149,-0.148,0.149,-0.011,0.01,0.0,0.0,0.0,0.0,-0.001,-0.0,-0.001,0.0
9072007,1808,0.0,1.0,1.0,1.0,100.0,0.0,0.0,0.0,0.0,0.0,0.0,0.0,0.0,0.012,0.02,0.0,80.0,55.0,1.4,18.641,2.248,82.776,0.343,55.04,73.119,72.707,69.561,52.012,0.0,0.044,0.091,20.0,20.0,73.26,49.376,0.0,75.688,78.011,75.277,80.202,34.606,51.004,43.207,-10.828,44.969,79.688,72.938,72.375,57.0,63.656,0.0,23.719,72.0,70.0,1000.0,200.0,0.0,18.844,68.688,68.438,-0.052,78.75,73.813,57.469,69.125,0.0,100.0,72.0,70.0,1000.0,200.0,-0.002,0.0,76.563,76.688,0.01,75.063,73.688,57.188,68.438,0.0,83.625,72.0,70.0,1000.0,200.0,-0.001,0.0,76.125,76.625,0.017,73.563,72.875,58.406,65.813,0.0,36.156,72.0,70.0,1000.0,200.0,-0.001,0.0,74.438,74.75,-0.004,0.0,0.0,0.0,0.0,0.0,0.0,0.0,0.0,0.0,0.0,0.0,0.0,0.0,0.0,0.0,0.0,0.017,0.031,0.011,0.034,0.0,0.0,0.0,0.0,0.0,0.0,0.0,0.0,0.0,0.0,0.0,0.0,0.0,0.0,0.0,0.0,0.147,-0.149,0.0,0.147,0.149,0.001,0.0,0.001,-0.01,0.01,0.0,0.0,0.0,0.0,-0.002,-0.0,-0.001,0.0
9072007,1809,0.0,1.0,1.0,1.0,100.0,0.0,0.0,0.0,0.0,0.0,0.0,0.0,0.0,0.012,0.02,0.0,80.0,55.0,1.4,18.828,2.248,98.382,0.35,55.363,73.119,72.707,69.35,52.44,0.0,0.044,0.091,20.0,20.0,72.306,48.76,0.0,75.688,77.937,75.383,80.202,34.606,51.108,43.28,-10.82,53.0,78.813,72.938,72.438,57.281,64.25,0.0,22.406,72.0,70.0,1000.0,200.0,0.0,18.797,68.813,68.438,-0.052,79.0,73.75,57.781,70.25,0.0,100.0,72.0,70.0,1000.0,200.0,-0.002,0.0,76.375,76.813,0.01,75.25,73.688,57.375,69.188,0.0,88.25,72.0,70.0,1000.0,200.0,-0.001,0.0,76.188,76.625,0.017,73.563,73.063,58.719,66.625,0.0,36.156,72.0,70.0,1000.0,200.0,-0.001,0.0,74.438,74.5,-0.004,0.0,0.0,0.0,0.0,0.0,0.0,0.0,0.0,0.0,0.0,0.0,0.0,0.0,0.0,0.0,0.0,0.017,0.031,0.011,0.034,0.0,0.0,0.0,0.0,0.0,0.0,0.0,0.0,0.0,0.0,0.0,0.0,0.0,0.0,0.0,0.0,0.147,-0.149,0.0,0.0,0.149,0.149,-0.222,0.149,-0.011,0.011,0.0,0.0,0.0,0.0,-0.003,-0.001,-0.001,0.0
9072007,1810,0.0,1.0,1.0,1.0,100.0,0.0,0.0,0.0,0.0,0.0,0.0,0.0,0.0,0.012,0.02,0.0,80.0,55.0,1.4,18.828,1.126,75.824,0.116,55.794,73.119,73.022,69.561,52.975,0.0,0.044,0.087,20.0,20.0,72.447,48.479,0.0,75.903,77.937,75.277,80.202,34.752,51.213,43.425,-10.82,53.781,78.313,72.938,72.375,57.625,64.875,0.0,20.969,72.0,70.0,1000.0,200.0,0.0,18.984,68.688,68.438,-0.052,79.375,73.813,58.375,71.375,0.0,100.0,72.0,70.0,1000.0,200.0,-0.002,0.0,76.375,76.688,0.01,75.375,73.938,57.656,69.813,0.0,92.125,72.0,70.0,1000.0,200.0,-0.001,0.0,76.188,76.563,0.017,73.688,73.25,59.031,67.125,0.0,36.156,72.0,70.0,1000.0,200.0,0.0,0.0,74.438,74.75,-0.004,0.0,0.0,0.0,0.0,0.0,0.0,0.0,0.0,0.0,0.0,0.0,0.0,0.0,0.0,0.0,0.0,0.017,0.031,0.011,0.035,0.0,0.0,0.0,0.0,0.0,0.0,0.0,0.0,0.0,0.0,0.0,0.0,0.0,0.0,0.0,0.0,0.147,-0.149,0.0,0.0,0.149,0.001,0.0,0.001,-0.01,0.011,0.0,0.0,0.0,0.0,-0.002,-0.0,-0.001,0.0
9072007,1811,0.0,1.0,1.0,1.0,100.0,0.0,0.0,0.0,0.0,0.0,0.0,0.0,0.0,0.022,0.005,0.0,80.0,55.0,1.4,18.906,2.248,67.121,-1.217,55.901,72.907,72.917,69.35,53.189,0.0,0.044,0.091,20.0,20.0,72.39,48.199,0.0,75.688,77.937,75.277,80.202,34.825,51.213,43.425,-10.82,53.719,78.188,72.938,72.25,57.875,65.25,0.0,19.688,72.0,70.0,1000.0,200.0,0.0,18.781,68.688,68.375,-0.052,79.625,74.063,58.875,72.313,0.0,100.0,72.0,70.0,1000.0,200.0,-0.002,0.0,76.375,76.688,0.01,75.438,73.938,57.875,70.563,0.0,95.0,72.0,70.0,1000.0,200.0,-0.001,0.0,76.188,76.438,0.017,73.688,73.375,59.219,67.625,0.0,36.156,72.0,70.0,1000.0,200.0,0.0,0.0,74.438,74.5,-0.004,0.0,0.0,0.0,0.0,0.0,0.0,0.0,0.0,0.0,0.0,0.0,0.0,0.0,0.0,0.0,0.0,0.017,0.029,0.011,0.034,0.0,0.0,0.0,0.0,0.0,0.0,0.0,0.0,0.0,0.0,0.0,0.0,0.0,0.0,0.0,0.0,0.147,-0.149,0.0,0.0,0.149,0.001,-0.148,0.001,-0.019,0.003,0.0,0.0,0.0,0.0,-0.002,-0.0,-0.001,0.0
9072007,1812,0.0,1.0,1.0,1.0,100.0,0.0,0.0,0.0,0.0,0.0,0.0,0.0,0.0,0.012,0.02,0.0,80.0,55.0,1.4,18.953,3.37,67.121,0.405,56.116,72.907,73.022,69.35,53.51,0.0,0.044,0.087,20.0,20.0,72.25,48.003,0.0,75.688,77.937,75.383,80.202,34.825,51.317,43.498,-10.828,53.406,77.75,72.938,72.25,58.313,65.625,0.0,18.313,72.0,70.0,1000.0,200.0,0.0,18.953,68.813,68.563,-0.052,80.063,74.125,59.281,73.0,0.0,100.0,72.0,70.0,1000.0,200.0,-0.002,0.0,76.563,76.688,0.01,75.75,73.938,58.094,71.125,0.0,98.5,72.0,70.0,1000.0,200.0,-0.001,0.0,76.188,76.563,0.017,73.813,73.438,59.406,68.063,0.0,36.406,72.0,70.0,1000.0,200.0,0.0,0.0,74.438,74.75,-0.004,0.0,0.0,0.0,0.0,0.0,0.0,0.0,0.0,0.0,0.0,0.0,0.0,0.0,0.0,0.0,0.0,0.017,0.031,0.011,0.034,0.0,0.0,0.0,0.0,0.0,0.0,0.0,0.0,0.0,0.0,0.0,0.0,0.0,0.0,0.0,0.0,0.147,-0.149,0.0,0.0,0.149,0.001,0.0,0.149,-0.011,0.011,0.0,0.0,0.0,0.0,-0.002,-0.0,-0.001,0.0
9072007,1813,0.0,1.0,1.0,1.0,100.0,0.0,0.0,0.0,0.0,0.0,0.0,0.0,0.0,0.012,0.005,0.0,80.0,55.0,1.4,19.109,2.248,39.166,1.636,56.332,72.801,73.022,69.244,53.938,0.0,0.04,0.091,20.0,20.0,72.194,47.639,0.0,75.581,77.864,75.489,80.202,34.899,51.422,43.571,-10.828,49.906,77.5,73.0,72.25,58.406,66.063,0.0,16.953,72.0,70.0,1000.0,200.0,0.0,19.0,68.688,68.438,-0.052,80.188,74.125,59.906,73.875,0.0,100.0,72.0,70.0,1000.0,200.0,-0.002,0.0,76.375,76.688,0.01,75.75,74.25,58.375,71.688,0.0,100.0,72.0,70.0,1000.0,200.0,-0.001,0.0,76.188,76.563,0.017,73.813,73.438,59.688,68.438,0.0,36.25,72.0,70.0,1000.0,200.0,0.0,0.0,74.438,74.75,-0.004,0.0,0.0,0.0,0.0,0.0,0.0,0.0,0.0,0.0,0.0,0.0,0.0,0.0,0.0,0.0,0.0,0.017,0.031,0.011,0.034,0.0,0.0,0.0,0.0,0.0,0.0,0.0,0.0,0.0,0.0,0.0,0.0,0.0,0.0,0.0,0.0,0.147,-0.149,0.0,0.0,0.149,0.001,0.0,0.001,-0.012,0.003,0.0,0.0,0.0,0.0,-0.002,-0.0,-0.001,0.0
9072007,1814,0.0,1.0,1.0,1.0,100.0,0.0,0.0,0.0,0.0,0.0,0.0,0.0,0.0,0.012,0.02,0.0,80.0,55.0,1.4,19.0,2.248,94.918,-0.32,56.762,72.695,73.127,68.822,54.26,0.0,0.044,0.087,20.0,20.0,72.334,47.751,0.0,75.903,77.864,75.383,80.128,34.972,51.422,43.644,-10.82,51.281,77.125,73.0,72.25,58.75,66.25,0.0,15.578,72.0,70.0,1000.0,200.0,0.0,19.047,68.813,68.438,-0.052,80.625,74.125,60.219,74.688,0.0,100.0,72.0,70.0,1000.0,200.0,-0.002,0.0,76.375,76.688,0.01,75.875,74.25,58.531,72.188,0.0,100.0,72.0,70.0,1000.0,200.0,-0.001,0.0,76.125,76.563,0.017,73.875,73.625,59.969,68.938,0.0,36.25,72.0,70.0,1000.0,200.0,0.0,0.0,74.438,74.5,-0.004,0.0,0.0,0.0,0.0,0.0,0.0,0.0,0.0,0.0,0.0,0.0,0.0,0.0,0.0,0.0,0.0,0.017,0.031,0.011,0.034,0.0,0.0,0.0,0.0,0.0,0.0,0.0,0.0,0.0,0.0,0.0,0.0,0.0,0.0,0.0,0.0,0.0,-0.149,-0.148,0.147,0.149,0.001,-0.148,0.149,-0.011,0.011,0.0,0.0,0.0,0.0,-0.003,-0.0,-0.001,0.0
9072007,1815,0.0,1.0,1.0,1.0,100.0,0.0,0.0,0.0,0.0,0.0,0.0,0.0,0.0,0.012,0.005,0.0,80.0,55.0,1.4,19.016,2.248,84.513,0.789,56.762,72.695,73.127,68.505,54.474,0.0,0.04,0.087,20.0,20.0,72.11,47.919,0.0,75.688,77.864,75.277,80.202,35.045,51.526,43.717,-10.82,50.5,77.0,73.0,72.188,58.906,66.625,0.0,14.203,72.0,70.0,1000.0,200.0,0.0,18.984,68.813,68.563,-0.052,81.063,74.125,60.719,75.313,0.0,100.0,72.0,70.0,1000.0,200.0,-0.002,0.0,76.563,76.688,0.01,76.0,74.313,58.875,72.563,0.0,100.0,72.0,70.0,1000.0,200.0,-0.001,0.0,76.188,76.625,0.017,73.875,73.813,60.031,69.125,0.0,36.25,72.0,70.0,1000.0,200.0,0.0,0.0,74.438,74.75,-0.004,0.0,0.0,0.0,0.0,0.0,0.0,0.0,0.0,0.0,0.0,0.0,0.0,0.0,0.0,0.0,0.0,0.017,0.031,0.011,0.034,0.0,0.0,0.0,0.0,0.0,0.0,0.0,0.0,0.0,0.0,0.0,0.0,0.0,0.0,0.0,0.0,0.147,-0.223,0.0,0.0,0.149,0.149,-0.148,0.001,-0.011,0.003,0.0,0.0,0.0,0.0,-0.002,-0.0,-0.001,0.0
9072007,1816,0.0,1.0,1.0,1.0,100.0,0.0,0.0,0.0,0.0,0.0,0.0,0.0,0.0,0.012,0.02,0.0,80.0,55.0,1.4,19.016,2.248,94.918,1.072,56.87,72.907,73.443,68.505,54.688,0.0,0.044,0.091,20.0,20.0,71.942,47.975,0.0,75.581,77.937,75.383,80.128,35.265,51.631,43.79,-10.82,51.5,76.875,72.938,72.25,59.125,66.875,0.0,12.836,72.0,70.0,1000.0,200.0,0.0,19.078,68.813,68.438,-0.052,81.313,74.125,61.031,75.75,0.0,100.0,72.0,70.0,1000.0,200.0,-0.002,0.0,76.375,76.813,0.01,76.125,74.313,59.063,72.75,0.0,99.875,72.0,70.0,1000.0,200.0,-0.001,0.0,76.188,76.688,0.017,73.875,73.938,60.344,69.563,0.0,36.25,72.0,70.0,1000.0,200.0,0.0,0.0,74.438,74.75,-0.004,0.0,0.0,0.0,0.0,0.0,0.0,0.0,0.0,0.0,0.0,0.0,0.0,0.0,0.0,0.0,0.0,0.017,0.031,0.011,0.034,0.0,0.0,0.0,0.0,0.0,0.0,0.0,0.0,0.0,0.0,0.0,0.0,0.0,0.0,0.0,0.0,0.147,-0.149,-0.148,0.0,0.001,0.149,-0.222,0.149,-0.01,0.01,0.0,0.0,0.0,0.0,-0.003,-0.001,-0.001,0.0
9072007,1817,0.0,1.0,1.0,1.0,100.0,0.0,0.0,0.0,0.0,0.0,0.0,0.0,0.0,0.012,0.02,0.0,80.0,55.0,1.4,19.047,2.248,98.382,0.354,57.085,72.695,73.232,68.293,54.795,0.0,0.04,0.091,20.0,20.0,71.689,47.975,0.0,75.581,77.864,75.383,80.128,35.338,51.735,43.935,-10.82,53.25,76.688,72.938,72.25,59.469,67.125,0.0,11.523,72.0,70.0,1000.0,200.0,0.0,18.906,68.813,68.438,-0.052,81.438,74.188,61.094,76.438,0.0,100.0,72.0,70.0,1000.0,200.0,-0.002,0.0,76.375,76.688,0.01,76.125,74.313,59.25,72.938,0.0,100.0,72.0,70.0,1000.0,200.0,-0.001,0.0,76.188,76.563,0.017,73.875,74.063,60.5,69.75,0.0,37.813,72.0,70.0,1000.0,200.0,0.0,0.0,74.438,74.75,-0.004,0.0,0.0,0.0,0.0,0.0,0.0,0.0,0.0,0.0,0.0,0.0,0.0,0.0,0.0,0.0,0.0,0.017,0.029,0.011,0.034,0.0,0.0,0.0,0.0,0.0,0.0,0.0,0.0,0.0,0.0,0.0,0.0,0.0,0.0,0.0,0.0,0.147,-0.149,0.0,0.0,0.149,0.001,-0.148,0.149,-0.011,0.01,0.0,0.0,0.0,0.0,-0.003,-0.0,-0.001,0.0
9072007,1818,0.0,1.0,1.0,1.0,100.0,0.0,0.0,0.0,0.0,0.0,0.0,0.0,0.0,0.012,0.02,0.0,80.0,55.0,1.4,19.047,2.248,110.487,-0.214,57.193,72.695,73.337,68.399,54.902,0.0,0.04,0.091,20.0,20.0,71.577,47.891,0.0,75.581,77.864,75.277,80.128,35.338,51.631,43.935,-10.82,54.719,76.688,72.938,72.25,59.563,67.25,0.0,10.141,72.0,70.0,1000.0,200.0,0.0,19.094,68.813,68.563,-0.052,81.75,74.125,61.313,76.875,0.0,100.0,72.0,70.0,1000.0,200.0,-0.002,0.0,76.375,76.688,0.01,76.313,74.313,59.438,73.125,0.0,99.75,72.0,70.0,1000.0,200.0,-0.001,0.0,76.188,76.625,0.018,73.875,74.125,60.625,69.875,0.0,37.656,72.0,70.0,1000.0,200.0,0.0,0.0,74.438,74.75,-0.004,0.0,0.0,0.0,0.0,0.0,0.0,0.0,0.0,0.0,0.0,0.0,0.0,0.0,0.0,0.0,0.0,0.017,0.031,0.011,0.034,0.0,0.0,0.0,0.0,0.0,0.0,0.0,0.0,0.0,0.0,0.0,0.0,0.0,0.0,0.0,0.0,0.147,-0.149,-0.148,0.0,0.001,0.149,-0.148,0.149,-0.011,0.011,0.0,0.0,0.0,0.0,-0.002,-0.0,-0.001,0.0
9072007,1819,0.0,1.0,1.0,1.0,100.0,0.0,0.0,0.0,0.0,0.0,0.0,0.0,0.0,0.022,0.02,0.0,80.0,55.0,1.4,19.016,2.248,112.213,1.604,57.193,72.695,73.232,68.822,54.902,0.0,0.04,0.091,20.0,20.0,71.858,47.919,0.0,75.581,77.864,75.277,80.128,35.412,51.631,44.008,-10.82,54.5,76.625,72.938,72.25,59.75,67.5,0.0,8.781,72.0,70.0,1000.0,200.0,0.0,19.078,68.813,68.563,-0.052,82.25,74.188,61.188,77.25,0.0,100.0,72.0,70.0,1000.0,200.0,-0.002,0.0,76.375,76.688,0.01,76.313,74.438,59.563,73.25,0.0,100.0,72.0,70.0,1000.0,200.0,-0.001,0.0,76.188,76.563,0.017,74.063,74.25,60.625,70.125,0.0,37.188,72.0,70.0,1000.0,200.0,0.0,0.0,74.438,74.75,-0.004,0.0,0.0,0.0,0.0,0.0,0.0,0.0,0.0,0.0,0.0,0.0,0.0,0.0,0.0,0.0,0.0,0.017,0.031,0.011,0.034,0.0,0.0,0.0,0.0,0.0,0.0,0.0,0.0,0.0,0.0,0.0,0.0,0.0,0.0,0.0,0.0,0.147,-0.001,-0.148,0.147,0.149,0.001,0.0,0.001,-0.019,0.011,0.0,0.0,0.0,0.0,-0.002,-0.0,-0.001,0.0
9072007,1820,0.0,1.0,1.0,1.0,100.0,0.0,0.0,0.0,0.0,0.0,0.0,0.0,0.0,0.012,0.02,0.0,80.0,55.0,1.4,19.016,2.248,108.759,2.048,57.516,72.695,73.337,69.033,54.902,0.0,0.044,0.091,20.0,20.0,72.923,47.919,0.0,75.581,77.79,75.277,80.128,35.558,51.84,44.081,-10.82,53.906,76.563,72.938,72.375,59.938,67.688,0.0,7.438,72.0,70.0,1000.0,200.0,0.0,18.953,68.813,68.563,-0.052,82.438,74.188,61.438,77.625,0.0,100.0,72.0,70.0,1000.0,200.0,-0.002,0.0,76.375,76.813,0.01,76.375,74.313,59.656,73.25,0.0,100.0,72.0,70.0,1000.0,200.0,-0.001,0.0,76.188,76.625,0.015,74.063,74.438,61.063,70.25,0.0,37.188,72.0,70.0,1000.0,200.0,0.0,0.0,74.438,74.75,-0.004,0.0,0.0,0.0,0.0,0.0,0.0,0.0,0.0,0.0,0.0,0.0,0.0,0.0,0.0,0.0,0.0,0.017,0.031,0.011,0.035,0.0,0.0,0.0,0.0,0.0,0.0,0.0,0.0,0.0,0.0,0.0,0.0,0.0,0.0,0.0,0.0,0.0,-0.001,-0.148,0.0,0.149,0.001,-0.148,0.149,-0.011,0.01,0.0,0.0,0.0,0.0,-0.002,-0.001,-0.001,0.0
9072007,1821,0.0,1.0,1.0,1.0,100.0,0.0,0.0,0.0,0.0,0.0,0.0,0.0,0.0,0.012,0.02,0.0,80.0,55.0,1.4,19.016,2.248,110.487,2.562,57.516,72.907,73.548,69.561,55.009,0.0,0.04,0.091,20.0,20.0,73.624,47.947,0.0,75.473,77.79,75.277,80.054,35.631,51.944,44.154,-10.82,53.969,76.688,72.938,72.375,60.063,67.938,0.0,6.043,72.0,70.0,1000.0,200.0,0.0,19.063,68.813,68.563,-0.052,82.625,74.313,61.75,78.125,0.0,100.0,72.0,70.0,1000.0,200.0,-0.002,0.0,76.563,76.813,0.01,76.375,74.313,59.75,73.25,0.0,99.563,72.0,70.0,1000.0,200.0,-0.001,0.0,76.188,76.563,0.013,74.063,74.438,61.063,70.375,0.0,37.188,72.0,70.0,1000.0,200.0,0.0,0.0,74.438,74.75,-0.004,0.0,0.0,0.0,0.0,0.0,0.0,0.0,0.0,0.0,0.0,0.0,0.0,0.0,0.0,0.0,0.0,0.017,0.031,0.011,0.034,0.0,0.0,0.0,0.0,0.0,0.0,0.0,0.0,0.0,0.0,0.0,0.0,0.0,0.0,0.0,0.0,0.147,-0.223,0.0,0.0,0.149,0.001,-0.148,0.149,-0.011,0.01,0.0,0.0,0.0,0.0,-0.002,-0.0,-0.001,0.0
9072007,1822,0.0,1.0,1.0,1.0,100.0,0.0,0.0,0.0,0.0,0.0,0.0,0.0,0.0,0.012,0.02,0.0,80.0,55.0,1.4,19.031,2.248,107.031,3.021,57.623,72.695,73.443,69.561,55.009,0.0,0.04,0.091,20.0,20.0,74.101,47.919,0.0,75.473,77.716,75.277,80.054,35.705,51.84,44.154,-10.828,53.0,76.75,72.938,72.375,60.25,67.813,0.0,4.727,72.0,70.0,1000.0,200.0,0.0,18.953,68.813,68.563,-0.052,82.625,74.313,61.75,78.375,0.0,100.0,72.0,70.0,1000.0,200.0,-0.002,0.0,76.375,76.813,0.01,76.313,74.438,59.75,73.438,0.0,99.375,72.0,70.0,1000.0,200.0,-0.001,0.0,76.188,76.563,0.017,74.063,74.5,61.125,70.5,0.0,37.188,72.0,70.0,1000.0,200.0,-0.001,0.0,74.438,74.75,-0.004,0.0,0.0,0.0,0.0,0.0,0.0,0.0,0.0,0.0,0.0,0.0,0.0,0.0,0.0,0.0,0.0,0.017,0.031,0.011,0.034,0.0,0.0,0.0,0.0,0.0,0.0,0.0,0.0,0.0,0.0,0.0,0.0,0.0,0.0,0.0,0.0,0.147,-0.149,0.0,0.0,0.001,0.149,-0.148,0.149,-0.012,0.01,0.0,0.0,0.0,0.0,-0.002,-0.001,-0.001,0.0
9072007,1823,0.0,1.0,1.0,1.0,100.0,0.0,0.0,0.0,0.0,0.0,0.0,0.0,0.0,0.012,0.02,0.0,80.0,55.0,1.4,19.031,2.248,113.939,1.889,57.839,72.695,73.443,69.667,55.116,0.0,0.04,0.091,20.0,20.0,74.326,47.891,0.0,75.581,77.716,75.277,80.054,35.851,51.944,44.299,-10.82,53.188,76.875,72.938,72.375,60.344,68.063,0.0,3.367,72.0,70.0,1000.0,200.0,0.0,18.984,68.813,68.563,-0.052,82.938,74.313,61.875,78.75,0.0,100.0,72.0,70.0,1000.0,200.0,-0.002,0.0,76.563,76.813,0.01,76.313,74.5,60.094,73.563,0.0,98.938,72.0,70.0,1000.0,200.0,-0.001,0.0,76.188,76.563,0.017,74.188,74.5,61.125,70.688,0.0,37.188,72.0,70.0,1000.0,200.0,-0.001,0.0,74.438,74.75,-0.004,0.0,0.0,0.0,0.0,0.0,0.0,0.0,0.0,0.0,0.0,0.0,0.0,0.0,0.0,0.0,0.0,0.017,0.031,0.011,0.035,0.0,0.0,0.0,0.0,0.0,0.0,0.0,0.0,0.0,0.0,0.0,0.0,0.0,0.0,0.0,0.0,0.147,-0.149,-0.148,0.0,0.149,0.001,0.0,0.001,-0.012,0.01,0.0,0.0,0.0,0.0,-0.002,-0.0,-0.001,0.0
9072007,1824,0.0,1.0,1.0,1.0,100.0,0.0,0.0,0.0,0.0,0.0,0.0,0.0,0.0,0.012,0.005,0.0,80.0,55.0,1.4,18.984,2.248,100.113,1.991,57.946,72.695,73.337,69.667,55.223,0.0,0.04,0.091,20.0,20.0,74.354,47.947,0.0,75.581,77.716,75.171,80.054,35.851,52.049,44.372,-10.82,52.406,77.0,72.688,72.375,60.531,68.313,0.0,2.023,72.0,70.0,1000.0,200.0,0.0,18.797,68.813,68.563,-0.052,83.625,74.375,62.031,79.063,0.0,100.0,72.0,70.0,1000.0,200.0,-0.002,0.0,76.563,76.688,0.01,76.375,74.5,60.188,73.75,0.0,99.5,72.0,70.0,1000.0,200.0,-0.001,0.0,76.188,76.625,0.017,74.188,74.625,61.438,70.938,0.0,37.188,72.0,70.0,1000.0,200.0,0.0,0.0,74.438,74.75,-0.004,0.0,0.0,0.0,0.0,0.0,0.0,0.0,0.0,0.0,0.0,0.0,0.0,0.0,0.0,0.0,0.0,0.017,0.031,0.011,0.034,0.0,0.0,0.0,0.0,0.0,0.0,0.0,0.0,0.0,0.0,0.0,0.0,0.0,0.0,0.0,0.0,0.147,-0.149,0.0,0.0,0.149,0.149,-0.148,0.001,-0.011,0.003,0.0,0.0,0.0,0.0,-0.002,-0.0,-0.001,0.0
9072007,1825,0.0,1.0,1.0,1.0,100.0,0.0,0.0,0.0,0.0,0.0,0.0,0.0,0.0,0.022,0.02,0.0,80.0,55.0,1.4,18.719,2.248,101.844,1.202,58.054,72.801,73.443,69.667,55.33,0.0,0.04,0.091,20.0,20.0,74.41,47.919,0.0,75.473,77.79,75.277,80.054,35.998,52.049,44.445,-10.82,52.469,77.188,72.938,72.375,60.75,68.438,0.0,0.642,72.0,70.0,1000.0,200.0,0.0,18.906,68.813,68.563,-0.052,83.688,74.313,62.313,79.375,0.0,100.0,72.0,70.0,1000.0,200.0,-0.002,0.0,76.563,76.813,0.01,76.375,74.5,60.25,73.938,0.0,99.063,72.0,70.0,1000.0,200.0,-0.001,0.0,76.188,76.625,0.017,74.188,74.625,61.5,71.0,0.0,37.188,72.0,70.0,1000.0,200.0,0.0,0.0,74.563,74.75,-0.004,0.0,0.0,0.0,0.0,0.0,0.0,0.0,0.0,0.0,0.0,0.0,0.0,0.0,0.0,0.0,0.0,0.017,0.029,0.011,0.034,0.0,0.0,0.0,0.0,0.0,0.0,0.0,0.0,0.0,0.0,0.0,0.0,0.0,0.0,0.0,0.0,0.147,-0.149,-0.148,0.147,0.149,0.001,-0.148,0.149,-0.02,0.011,0.0,0.0,0.0,0.0,-0.002,-0.0,-0.001,0.0
9072007,1826,0.0,1.0,1.0,1.0,100.0,0.0,0.0,0.0,0.0,0.0,0.0,0.0,0.0,0.012,0.02,0.0,80.0,55.0,1.4,18.828,2.248,98.382,2.142,58.161,73.013,73.548,69.456,55.437,0.0,0.04,0.091,20.0,20.0,74.522,47.947,0.0,75.473,77.716,75.277,79.981,36.071,52.153,44.445,-10.82,52.313,77.188,72.938,72.375,60.844,68.5,0.0,0.0,72.0,70.0,1000.0,200.0,0.0,18.922,68.813,68.563,-0.052,84.125,74.375,62.563,79.563,0.0,100.0,72.0,70.0,1000.0,200.0,-0.002,0.0,76.563,76.813,0.01,76.5,74.5,60.469,74.0,0.0,99.063,72.0,70.0,1000.0,200.0,-0.001,0.0,76.188,76.625,0.017,74.188,74.625,61.719,71.063,0.0,37.188,72.0,70.0,1000.0,200.0,0.0,0.0,74.563,74.75,-0.004,0.0,0.0,0.0,0.0,0.0,0.0,0.0,0.0,0.0,0.0,0.0,0.0,0.0,0.0,0.0,0.0,0.017,0.029,0.011,0.034,0.0,0.0,0.0,0.0,0.0,0.0,0.0,0.0,0.0,0.0,0.0,0.0,0.0,0.0,0.0,0.0,0.0,-0.149,-0.148,0.0,0.149,0.001,-0.148,0.149,-0.011,0.01,0.0,0.0,0.0,0.0,-0.002,-0.0,-0.001,0.0
9072007,1827,0.0,1.0,1.0,1.0,100.0,0.0,0.0,0.0,0.0,0.0,0.0,0.0,0.0,0.012,0.02,0.0,80.0,55.0,1.4,18.75,2.248,100.113,2.014,58.592,72.695,73.443,69.35,55.972,0.0,0.04,0.091,20.0,20.0,74.326,47.947,0.0,75.688,77.716,75.277,79.981,36.218,52.153,44.591,-10.82,53.094,77.375,72.688,72.375,60.938,68.563,0.0,0.0,72.0,70.0,1000.0,200.0,0.0,18.828,69.0,68.563,-0.052,84.438,74.375,62.844,79.75,0.0,100.0,72.0,70.0,1000.0,200.0,-0.002,0.0,76.563,76.813,0.01,76.5,74.5,60.75,74.125,0.0,99.438,72.0,70.0,1000.0,200.0,-0.001,0.0,76.188,76.625,0.017,74.188,74.688,61.719,71.375,0.0,37.188,72.0,70.0,1000.0,200.0,0.0,0.0,74.563,74.75,-0.004,0.0,0.0,0.0,0.0,0.0,0.0,0.0,0.0,0.0,0.0,0.0,0.0,0.0,0.0,0.0,0.0,0.017,0.031,0.011,0.034,0.0,0.0,0.0,0.0,0.0,0.0,0.0,0.0,0.0,0.0,0.0,0.0,0.0,0.0,0.0,0.0,0.0,-0.149,-0.148,0.0,0.001,0.001,-0.148,0.001,-0.011,0.011,0.0,0.0,0.0,0.0,-0.003,-0.0,-0.001,0.0
9072007,1828,0.0,1.0,1.0,1.0,100.0,0.0,0.0,0.0,0.0,0.0,0.0,0.0,0.0,0.012,0.02,0.0,80.0,55.0,1.4,18.75,2.248,82.776,2.125,58.484,72.695,73.337,69.244,55.758,0.0,0.04,0.091,20.0,20.0,74.494,48.059,0.0,75.473,77.642,75.277,80.054,36.291,52.362,44.664,-10.828,53.5,77.5,72.938,72.375,61.25,68.563,0.0,0.0,72.0,70.0,1000.0,200.0,0.0,18.516,69.0,68.75,-0.052,84.813,74.625,63.063,80.188,0.0,100.0,72.0,70.0,1000.0,200.0,-0.002,0.0,76.563,76.813,0.01,76.375,74.625,60.75,74.375,0.0,99.25,72.0,70.0,1000.0,200.0,-0.001,0.0,76.188,76.625,0.017,74.188,74.688,62.0,71.375,0.0,37.188,72.0,70.0,1000.0,200.0,0.0,0.0,74.438,74.75,-0.004,0.0,0.0,0.0,0.0,0.0,0.0,0.0,0.0,0.0,0.0,0.0,0.0,0.0,0.0,0.0,0.0,0.017,0.031,0.011,0.034,0.0,0.0,0.0,0.0,0.0,0.0,0.0,0.0,0.0,0.0,0.0,0.0,0.0,0.0,0.0,0.0,0.222,-0.149,0.0,-0.074,0.149,0.001,-0.148,0.149,-0.012,0.01,0.0,0.0,0.0,0.0,-0.002,-0.0,-0.001,0.0
9072007,1829,0.0,1.0,1.0,1.0,100.0,0.0,0.0,0.0,0.0,0.0,0.0,2343.777,1023.719,0.012,0.02,0.0,80.0,55.0,1.4,18.531,2670.143,2841.32,3.453,58.484,72.695,73.863,69.561,55.865,2.232,3.218,1.088,20.0,20.0,85.095,47.218,0.0,75.366,77.79,75.277,79.981,36.291,52.362,44.736,-10.82,55.313,81.5,72.938,72.438,61.344,68.688,0.0,0.109,72.0,70.0,1000.0,200.0,0.0,14.781,69.0,68.75,-0.052,84.625,76.063,61.313,74.75,0.0,74.125,72.0,70.0,1000.0,200.0,0.643,964.5,76.063,76.375,0.01,75.75,75.438,59.844,69.563,0.0,0.0,72.0,70.0,1000.0,200.0,0.652,951.0,76.0,76.313,0.017,74.188,74.625,61.781,70.813,0.0,15.086,72.0,70.0,1000.0,200.0,0.021,149.75,74.438,74.75,-0.004,0.0,0.0,0.0,0.0,0.0,0.0,0.0,0.0,0.0,0.0,0.0,0.0,0.0,0.0,0.0,0.0,0.017,0.031,0.011,0.035,0.0,0.0,0.0,0.0,0.0,0.0,0.0,0.0,0.0,0.0,0.0,0.0,0.0,0.0,0.0,0.0,0.147,-0.149,0.0,0.0,0.001,0.149,-0.148,0.149,-0.01,0.011,0.0,0.0,2.344,1.024,-0.002,-0.0,-0.001,0.0
9072007,1830,0.0,1.0,1.0,1.0,100.0,0.0,0.0,0.0,0.0,0.0,0.0,1721.816,951.098,0.012,0.02,0.0,80.0,55.0,1.4,2251.102,2197.297,2807.782,5.222,60.637,74.392,75.335,72.202,58.542,2.861,3.326,1.129,20.0,20.0,86.442,46.461,0.0,75.366,77.642,75.277,79.981,36.437,52.362,44.736,-10.82,51.781,85.313,72.688,72.438,61.563,68.563,0.0,0.0,72.0,70.0,1000.0,200.0,0.0,11.383,69.0,68.75,-0.052,81.75,77.938,61.313,65.25,0.0,54.156,72.0,70.0,1000.0,200.0,1.021,1060.0,76.375,76.688,0.01,74.0,72.5,61.375,63.75,0.0,0.0,72.0,70.0,1000.0,200.0,0.889,969.0,76.125,76.563,0.017,74.063,74.438,61.594,70.313,0.0,24.625,72.0,70.0,1000.0,200.0,0.001,41.563,74.563,74.75,-0.004,0.0,0.0,0.0,0.0,0.0,0.0,0.0,0.0,0.0,0.0,0.0,0.0,0.0,0.0,0.0,0.0,0.017,0.031,0.011,0.035,0.0,0.0,0.0,0.0,0.0,0.0,0.0,0.0,0.0,0.0,0.0,0.0,0.0,0.0,0.0,0.0,0.0,-0.149,-0.148,0.0,0.149,0.001,-0.148,0.149,-0.012,0.01,0.0,0.0,1.722,0.951,-0.002,-0.0,-0.001,0.0
9072007,1831,0.0,1.0,1.0,1.0,100.0,0.0,0.0,0.0,0.0,0.0,0.0,1078.77,878.477,0.012,0.02,0.0,80.0,55.0,1.4,1825.469,1160.858,2600.084,9.825,63.005,74.817,74.494,73.575,62.074,2.941,2.832,1.202,20.0,20.0,81.926,47.667,0.0,75.259,77.716,75.171,79.981,36.584,52.362,44.809,-10.82,49.625,84.25,72.625,72.375,61.75,68.563,0.0,0.0,72.0,70.0,1000.0,200.0,0.0,11.211,69.0,68.75,-0.052,79.813,76.688,62.688,64.063,0.0,57.5,72.0,70.0,1000.0,200.0,0.883,1027.0,76.25,76.5,0.01,73.625,72.625,61.969,63.688,0.0,35.219,72.0,70.0,1000.0,200.0,0.093,290.0,76.188,76.563,0.017,74.188,74.25,61.594,69.313,0.0,23.781,72.0,70.0,1000.0,200.0,0.0,30.219,74.438,74.75,-0.004,0.0,0.0,0.0,0.0,0.0,0.0,0.0,0.0,0.0,0.0,0.0,0.0,0.0,0.0,0.0,0.0,0.017,0.029,0.011,0.034,0.0,0.0,0.0,0.0,0.0,0.0,0.0,0.0,0.0,0.0,0.0,0.0,0.0,0.0,0.0,0.0,0.147,-0.149,0.074,0.0,0.149,0.001,0.0,0.001,-0.011,0.01,0.0,0.0,1.079,0.878,-0.002,-0.0,-0.001,0.0
9072007,1832,0.0,1.0,1.0,1.0,100.0,0.0,0.0,0.0,0.0,0.0,0.0,35.139,36.31,0.022,0.02,0.0,80.0,55.0,1.4,634.594,3.37,79.302,1.571,63.758,74.923,74.704,74.104,63.252,0.0,0.044,0.091,20.0,20.0,79.486,48.283,0.0,75.259,77.642,75.171,79.981,36.584,52.466,44.882,-10.82,48.188,87.688,72.688,72.438,61.844,68.5,0.0,0.0,72.0,70.0,1000.0,200.0,0.0,18.219,69.0,68.75,-0.052,80.0,76.625,63.25,64.625,0.0,100.0,72.0,70.0,1000.0,200.0,0.137,347.75,76.563,76.813,0.01,74.125,73.938,61.969,63.969,0.0,55.438,72.0,70.0,1000.0,200.0,0.004,54.469,76.375,76.625,0.017,74.063,74.438,61.719,69.25,0.0,27.0,72.0,70.0,1000.0,200.0,0.0,0.0,74.438,74.75,-0.004,0.0,0.0,0.0,0.0,0.0,0.0,0.0,0.0,0.0,0.0,0.0,0.0,0.0,0.0,0.0,0.0,0.017,0.031,0.011,0.034,0.0,0.0,0.0,0.0,0.0,0.0,0.0,0.0,0.0,0.0,0.0,0.0,0.0,0.0,0.0,0.0,0.0,-0.149,-0.148,0.0,0.149,0.149,-0.148,0.149,-0.021,0.01,0.0,0.0,0.035,0.036,-0.002,-0.0,-0.001,0.0
9072007,1833,0.0,1.0,1.0,1.0,100.0,0.0,0.0,0.0,0.0,0.0,0.0,33.968,35.139,0.022,0.02,0.0,80.0,55.0,1.4,634.594,2.248,72.345,2.139,63.543,74.71,74.599,73.998,63.252,0.0,0.044,0.087,20.0,20.0,80.776,47.835,0.0,75.259,77.642,75.064,79.981,36.73,52.466,44.955,-10.82,47.438,90.313,72.625,72.75,62.031,68.563,0.0,0.0,72.0,70.0,1000.0,200.0,0.0,18.641,69.063,68.75,-0.052,81.625,76.75,63.156,66.063,0.0,100.0,72.0,70.0,1000.0,200.0,0.003,45.281,76.563,76.938,0.01,74.5,74.438,61.969,64.938,0.0,62.25,72.0,70.0,1000.0,200.0,-0.001,0.0,76.188,76.625,0.017,74.063,74.438,62.0,69.75,0.0,27.0,72.0,70.0,1000.0,200.0,0.0,0.0,74.438,74.75,-0.004,0.0,0.0,0.0,0.0,0.0,0.0,0.0,0.0,0.0,0.0,0.0,0.0,0.0,0.0,0.0,0.0,0.017,0.029,0.011,0.034,0.0,0.0,0.0,0.0,0.0,0.0,0.0,0.0,0.0,0.0,0.0,0.0,0.0,0.0,0.0,0.0,0.147,-0.149,0.0,0.0,0.149,0.149,-0.148,0.149,-0.02,0.01,0.0,0.0,0.034,0.035,-0.002,-0.001,-0.001,0.0
9072007,1834,0.0,1.0,1.0,1.0,100.0,0.0,0.0,0.0,0.0,0.0,0.0,33.968,36.31,0.012,0.02,0.0,80.0,55.0,1.4,18.516,2.248,70.604,0.539,63.328,74.604,74.599,73.892,63.252,0.0,0.04,0.087,20.0,20.0,82.094,47.218,0.0,75.259,77.642,75.383,79.907,36.804,52.571,45.028,-10.82,47.469,91.5,72.625,72.75,62.031,68.563,0.0,0.0,72.0,70.0,1000.0,200.0,0.0,18.516,69.063,68.75,-0.052,82.625,77.125,63.469,67.813,0.0,100.0,72.0,70.0,1000.0,200.0,-0.002,0.0,76.563,76.938,0.01,74.813,74.625,61.844,66.063,0.0,62.25,72.0,70.0,1000.0,200.0,-0.001,0.0,76.125,76.625,0.017,74.188,74.5,62.188,70.25,0.0,27.0,72.0,70.0,1000.0,200.0,0.0,0.0,74.438,74.75,-0.004,0.0,0.0,0.0,0.0,0.0,0.0,0.0,0.0,0.0,0.0,0.0,0.0,0.0,0.0,0.0,0.0,0.017,0.031,0.011,0.034,0.0,0.0,0.0,0.0,0.0,0.0,0.0,0.0,0.0,0.0,0.0,0.0,0.0,0.0,0.0,0.0,0.147,-0.149,0.0,0.0,0.001,0.149,-0.148,0.149,-0.012,0.01,0.0,0.0,0.034,0.036,-0.002,-0.001,-0.001,0.0
9072007,1835,0.0,1.0,1.0,1.0,100.0,0.0,0.0,0.0,0.0,0.0,0.0,35.139,35.139,0.012,0.02,0.0,80.0,55.0,1.4,18.5,2.248,65.378,2.127,63.005,74.498,74.599,73.681,63.252,0.0,0.04,0.087,20.0,20.0,83.581,46.798,0.0,75.259,77.568,75.171,79.907,36.877,52.675,45.028,-10.82,47.656,92.313,72.625,72.75,62.344,68.938,0.0,0.0,72.0,70.0,1000.0,200.0,0.0,18.594,69.063,68.875,-0.052,83.625,77.188,63.563,69.313,0.0,100.0,72.0,70.0,1000.0,200.0,-0.003,0.0,76.688,76.813,0.01,74.875,74.875,61.844,67.188,0.0,62.25,72.0,70.0,1000.0,200.0,-0.001,0.0,76.188,76.625,0.017,74.063,74.688,62.406,70.5,0.0,27.0,72.0,70.0,1000.0,200.0,0.0,0.0,74.438,74.75,-0.004,0.0,0.0,0.0,0.0,0.0,0.0,0.0,0.0,0.0,0.0,0.0,0.0,0.0,0.0,0.0,0.0,0.017,0.031,0.011,0.034,0.0,0.0,0.0,0.0,0.0,0.0,0.0,0.0,0.0,0.0,0.0,0.0,0.0,0.0,0.0,0.0,0.147,-0.149,0.0,0.0,0.149,0.001,-0.148,0.001,-0.012,0.01,0.0,0.0,0.035,0.035,-0.001,-0.0,-0.001,0.0
9072007,1836,0.0,1.0,1.0,1.0,100.0,0.0,0.0,0.0,0.0,0.0,0.0,35.139,35.139,0.012,0.034,0.0,80.0,55.0,1.4,18.5,2.248,70.604,0.378,62.897,74.392,74.494,73.47,63.252,0.0,0.044,0.087,20.0,20.0,85.011,46.63,0.0,75.259,77.568,75.171,79.907,36.95,52.78,45.173,-10.828,47.813,93.063,72.688,72.75,62.438,68.938,0.0,0.0,72.0,70.0,1000.0,200.0,0.0,18.578,69.063,68.875,-0.052,84.25,77.188,63.563,70.938,0.0,100.0,72.0,70.0,1000.0,200.0,-0.002,0.0,76.563,76.938,0.01,75.188,75.0,61.969,67.938,0.0,62.25,72.0,70.0,1000.0,200.0,-0.001,0.0,76.188,76.625,0.017,74.188,74.688,62.594,70.938,0.0,27.0,72.0,70.0,1000.0,200.0,0.0,0.0,74.563,74.75,-0.004,0.0,0.0,0.0,0.0,0.0,0.0,0.0,0.0,0.0,0.0,0.0,0.0,0.0,0.0,0.0,0.0,0.017,0.029,0.011,0.034,0.0,0.0,0.0,0.0,0.0,0.0,0.0,0.0,0.0,0.0,0.0,0.0,0.0,0.0,0.0,0.0,0.147,-0.149,0.0,0.0,0.001,0.149,-0.148,0.149,-0.012,0.018,0.0,0.0,0.035,0.035,-0.001,-0.001,-0.001,0.0
9072007,1837,0.0,1.0,1.0,1.0,100.0,0.0,0.0,0.0,0.0,0.0,0.0,33.968,35.139,0.022,0.02,0.0,80.0,55.0,1.4,18.625,2.248,63.635,2.084,62.682,74.18,74.494,73.364,63.252,0.0,0.044,0.087,20.0,20.0,86.301,46.658,0.0,75.151,77.716,75.171,79.907,37.097,52.78,45.173,-10.828,47.969,93.563,72.625,72.75,62.531,68.938,0.0,0.0,72.0,70.0,1000.0,200.0,0.0,18.641,69.0,68.75,-0.052,84.813,77.313,63.688,72.188,0.0,100.0,72.0,70.0,1000.0,200.0,-0.002,0.0,76.563,76.813,0.01,75.25,75.0,62.063,68.75,0.0,62.25,72.0,70.0,1000.0,200.0,-0.001,0.0,76.188,76.625,0.017,74.188,74.875,62.813,71.063,0.0,27.0,72.0,70.0,1000.0,200.0,0.0,0.0,74.438,74.75,-0.004,0.0,0.0,0.0,0.0,0.0,0.0,0.0,0.0,0.0,0.0,0.0,0.0,0.0,0.0,0.0,0.0,0.017,0.029,0.011,0.034,0.0,0.0,0.0,0.0,0.0,0.0,0.0,0.0,0.0,0.0,0.0,0.0,0.0,0.0,0.0,0.0,0.147,-0.149,0.0,0.0,0.149,0.001,0.0,0.001,-0.019,0.01,0.0,0.0,0.034,0.035,-0.002,-0.0,-0.001,0.0
9072007,1838,0.0,1.0,1.0,1.0,100.0,0.0,0.0,0.0,0.0,0.0,0.0,35.139,36.31,0.012,0.02,0.0,80.0,55.0,1.4,18.469,2.248,63.635,1.662,62.467,74.18,74.494,73.047,63.359,0.0,0.044,0.087,20.0,20.0,87.199,46.602,0.0,75.259,77.568,75.277,79.833,37.17,52.884,45.319,-10.82,48.094,93.813,72.688,72.75,62.75,69.125,0.0,0.0,72.0,70.0,1000.0,200.0,0.0,18.422,69.063,68.875,-0.052,85.438,77.188,63.75,73.313,0.0,100.0,72.0,70.0,1000.0,200.0,-0.002,0.0,76.688,76.813,0.01,75.375,75.063,62.188,69.563,0.0,62.25,72.0,70.0,1000.0,200.0,-0.001,0.0,76.188,76.563,0.017,74.188,75.0,62.969,71.5,0.0,27.0,72.0,70.0,1000.0,200.0,0.0,0.0,74.563,74.75,-0.004,0.0,0.0,0.0,0.0,0.0,0.0,0.0,0.0,0.0,0.0,0.0,0.0,0.0,0.0,0.0,0.0,0.017,0.031,0.011,0.034,0.0,0.0,0.0,0.0,0.0,0.0,0.0,0.0,0.0,0.0,0.0,0.0,0.0,0.0,0.0,0.0,0.147,-0.149,0.0,0.0,0.149,0.001,-0.148,0.001,-0.012,0.01,0.0,0.0,0.035,0.036,-0.001,-0.0,-0.001,0.0
9072007,1839,0.0,1.0,1.0,1.0,100.0,0.0,0.0,0.0,0.0,0.0,0.0,33.968,35.139,0.012,0.02,0.0,80.0,55.0,1.4,18.547,2.248,65.378,1.681,62.467,74.074,74.389,72.942,63.359,0.0,0.044,0.087,20.0,20.0,88.012,46.574,0.0,75.151,77.568,75.171,79.833,37.243,52.884,45.319,-10.82,48.188,94.063,72.688,72.688,62.75,69.0,0.0,0.0,72.0,70.0,1000.0,200.0,0.0,18.469,69.063,68.875,-0.052,86.563,77.313,63.875,74.188,0.0,100.0,72.0,70.0,1000.0,200.0,-0.002,0.0,76.688,76.813,0.01,75.438,75.063,62.188,70.188,0.0,62.25,72.0,70.0,1000.0,200.0,-0.001,0.0,76.188,76.563,0.017,74.188,75.0,63.219,71.688,0.0,27.0,72.0,70.0,1000.0,200.0,0.0,0.0,74.563,74.75,-0.004,0.0,0.0,0.0,0.0,0.0,0.0,0.0,0.0,0.0,0.0,0.0,0.0,0.0,0.0,0.0,0.0,0.017,0.029,0.011,0.035,0.0,0.0,0.0,0.0,0.0,0.0,0.0,0.0,0.0,0.0,0.0,0.0,0.0,0.0,0.0,0.0,0.147,-0.149,0.0,0.0,0.149,0.001,-0.148,0.149,-0.011,0.01,0.0,0.0,0.034,0.035,-0.001,-0.0,-0.001,0.0
9072007,1840,0.0,1.0,1.0,1.0,100.0,0.0,0.0,0.0,0.0,0.0,0.0,33.968,35.139,0.012,0.02,0.0,80.0,55.0,1.4,18.516,2.248,61.892,1.7,62.359,73.968,74.284,72.73,63.573,0.0,0.044,0.091,20.0,20.0,88.629,46.546,0.0,75.151,77.494,75.277,79.907,37.316,52.884,45.392,-10.828,48.313,94.313,72.625,72.75,63.063,69.125,0.0,0.0,72.0,70.0,1000.0,200.0,0.0,18.547,69.063,68.875,-0.052,87.875,77.313,64.063,75.188,0.0,100.0,72.0,70.0,1000.0,200.0,-0.002,0.0,76.688,76.938,0.01,75.688,75.188,62.25,70.75,0.0,62.25,72.0,70.0,1000.0,200.0,-0.001,0.0,76.125,76.625,0.017,74.188,75.0,63.313,71.688,0.0,27.0,72.0,70.0,1000.0,200.0,0.0,0.0,74.438,74.75,-0.004,0.0,0.0,0.0,0.0,0.0,0.0,0.0,0.0,0.0,0.0,0.0,0.0,0.0,0.0,0.0,0.0,0.017,0.031,0.011,0.035,0.0,0.0,0.0,0.0,0.0,0.0,0.0,0.0,0.0,0.0,0.0,0.0,0.0,0.0,0.0,0.0,0.147,-0.149,-0.148,0.0,0.149,0.001,0.0,0.001,-0.013,0.01,0.0,0.0,0.034,0.035,-0.001,-0.0,-0.001,0.0
9072007,1841,0.0,1.0,1.0,1.0,100.0,0.0,0.0,0.0,0.0,0.0,0.0,35.139,36.31,0.022,0.034,0.0,80.0,55.0,1.4,18.5,2.248,61.892,2.125,62.251,73.862,74.284,72.625,63.68,0.0,0.04,0.087,20.0,20.0,89.415,46.518,0.0,75.259,77.568,75.171,79.833,37.39,53.093,45.465,-10.82,48.5,94.375,72.625,72.688,63.25,69.125,0.0,0.0,72.0,70.0,1000.0,200.0,0.0,18.484,69.063,68.875,-0.052,88.938,77.313,64.188,75.875,0.0,100.0,72.0,70.0,1000.0,200.0,-0.002,0.0,76.688,76.938,0.01,75.75,75.063,62.438,71.063,0.0,62.25,72.0,70.0,1000.0,200.0,-0.001,0.0,76.188,76.625,0.017,74.188,75.125,63.406,72.0,0.0,27.0,72.0,70.0,1000.0,200.0,0.0,0.0,74.438,74.75,-0.004,0.0,0.0,0.0,0.0,0.0,0.0,0.0,0.0,0.0,0.0,0.0,0.0,0.0,0.0,0.0,0.0,0.017,0.031,0.011,0.035,0.0,0.0,0.0,0.0,0.0,0.0,0.0,0.0,0.0,0.0,0.0,0.0,0.0,0.0,0.0,0.0,0.147,-0.149,0.0,0.0,0.001,0.149,-0.148,0.149,-0.021,0.017,0.0,0.0,0.035,0.036,-0.001,-0.0,-0.001,0.0
9072007,1842,0.0,1.0,1.0,1.0,100.0,0.0,0.0,0.0,0.0,0.0,0.0,33.968,35.139,0.012,0.02,0.0,80.0,55.0,1.4,18.5,2.248,54.91,2.132,62.251,73.862,74.284,72.519,63.68,0.0,0.04,0.087,20.0,20.0,90.032,46.574,0.0,75.151,77.568,75.171,79.833,37.463,53.093,45.538,-10.82,48.5,94.563,72.625,72.75,63.25,69.25,0.0,0.0,72.0,70.0,1000.0,200.0,0.0,18.563,69.063,68.875,-0.052,89.75,77.375,64.25,76.5,0.0,100.0,72.0,70.0,1000.0,200.0,-0.002,0.0,76.688,76.938,0.01,75.75,75.063,62.438,71.563,0.0,62.25,72.0,70.0,1000.0,200.0,-0.001,0.0,76.188,76.625,0.017,74.188,75.125,63.5,72.125,0.0,27.0,72.0,70.0,1000.0,200.0,0.0,0.0,74.563,74.75,-0.004,0.0,0.0,0.0,0.0,0.0,0.0,0.0,0.0,0.0,0.0,0.0,0.0,0.0,0.0,0.0,0.0,0.017,0.031,0.011,0.034,0.0,0.0,0.0,0.0,0.0,0.0,0.0,0.0,0.0,0.0,0.0,0.0,0.0,0.0,0.0,0.0,0.147,-0.149,0.0,0.0,0.149,0.001,0.0,0.001,-0.011,0.01,0.0,0.0,0.034,0.035,-0.001,-0.0,-0.001,0.0
9072007,1843,0.0,1.0,1.0,1.0,100.0,0.0,0.0,0.0,0.0,0.0,0.0,33.968,35.139,0.012,0.02,0.0,80.0,55.0,1.4,18.578,2.248,58.402,2.552,62.359,73.756,74.179,72.625,64.001,0.0,0.044,0.091,20.0,20.0,90.48,46.546,0.0,75.259,77.568,75.171,79.907,37.61,53.198,45.683,-10.82,48.5,94.563,72.625,72.75,63.375,69.25,0.0,0.0,72.0,70.0,1000.0,200.0,0.0,18.563,69.188,68.875,-0.052,90.625,77.688,64.375,77.125,0.0,100.0,72.0,70.0,1000.0,200.0,-0.002,0.0,76.563,76.938,0.01,75.875,75.063,62.531,71.938,0.0,62.25,72.0,70.0,1000.0,200.0,-0.001,0.0,76.188,76.625,0.017,74.188,75.125,63.781,72.188,0.0,27.0,72.0,70.0,1000.0,200.0,0.0,0.0,74.438,74.75,-0.004,0.0,0.0,0.0,0.0,0.0,0.0,0.0,0.0,0.0,0.0,0.0,0.0,0.0,0.0,0.0,0.0,0.017,0.031,0.011,0.034,0.0,0.0,0.0,0.0,0.0,0.0,0.0,0.0,0.0,0.0,0.0,0.0,0.0,0.0,0.0,0.0,0.147,-0.149,0.0,0.0,0.149,0.149,-0.148,0.149,-0.012,0.01,0.0,0.0,0.034,0.035,-0.002,-0.001,-0.001,0.0
9072007,1844,0.0,1.0,1.0,1.0,100.0,0.0,0.0,0.0,0.0,0.0,0.0,35.139,36.31,0.012,0.02,0.0,80.0,55.0,1.4,18.453,2.248,60.147,0.681,62.251,73.756,74.179,72.308,64.108,0.0,0.04,0.087,20.0,20.0,90.957,46.518,0.0,75.366,77.494,75.171,79.833,37.683,53.093,45.683,-10.82,48.688,94.563,72.625,72.75,63.594,69.25,0.0,0.0,72.0,70.0,1000.0,200.0,0.0,18.422,69.188,68.875,-0.052,91.313,77.688,64.375,77.625,0.0,100.0,72.0,70.0,1000.0,200.0,-0.002,0.0,76.688,76.938,0.01,76.0,75.063,62.625,72.188,0.0,62.25,72.0,70.0,1000.0,200.0,-0.001,0.0,76.188,76.563,0.017,74.188,75.25,63.938,72.313,0.0,27.0,72.0,70.0,1000.0,200.0,0.0,0.0,74.563,74.75,-0.004,0.0,0.0,0.0,0.0,0.0,0.0,0.0,0.0,0.0,0.0,0.0,0.0,0.0,0.0,0.0,0.0,0.017,0.031,0.011,0.034,0.0,0.0,0.0,0.0,0.0,0.0,0.0,0.0,0.0,0.0,0.0,0.0,0.0,0.0,0.0,0.0,0.0,-0.001,-0.148,0.0,0.149,0.001,0.0,0.001,-0.012,0.01,0.0,0.0,0.035,0.036,-0.002,-0.0,-0.001,0.0
9072007,1845,0.0,1.0,1.0,1.0,100.0,0.0,0.0,0.0,0.0,0.0,0.0,33.968,35.139,0.012,0.02,0.0,80.0,55.0,1.4,18.391,2.248,61.892,1.703,62.251,73.65,74.179,72.308,63.894,0.0,0.04,0.087,20.0,20.0,91.434,46.518,0.0,75.044,77.642,75.171,79.833,37.683,53.093,45.683,-10.82,48.781,94.563,72.5,72.75,63.719,69.313,0.0,0.0,72.0,70.0,1000.0,200.0,0.0,18.484,69.063,68.875,-0.052,91.875,77.688,64.438,77.875,0.0,100.0,72.0,70.0,1000.0,200.0,-0.002,0.0,76.688,76.938,0.01,76.0,75.188,62.625,72.563,0.0,62.25,72.0,70.0,1000.0,200.0,-0.001,0.0,76.188,76.563,0.017,74.188,75.25,63.938,72.5,0.0,27.0,72.0,70.0,1000.0,200.0,0.0,0.0,74.563,74.813,-0.004,0.0,0.0,0.0,0.0,0.0,0.0,0.0,0.0,0.0,0.0,0.0,0.0,0.0,0.0,0.0,0.0,0.017,0.031,0.011,0.034,0.0,0.0,0.0,0.0,0.0,0.0,0.0,0.0,0.0,0.0,0.0,0.0,0.0,0.0,0.0,0.0,0.147,-0.149,0.0,0.0,0.001,0.149,-0.148,0.149,-0.011,0.01,0.0,0.0,0.034,0.035,-0.001,-0.0,-0.001,0.0
9072007,1846,0.0,1.0,1.0,1.0,100.0,0.0,0.0,0.0,0.0,0.0,0.0,33.968,35.139,0.012,0.02,0.0,80.0,55.0,1.4,18.391,2.248,60.147,2.142,62.251,73.65,74.073,72.202,64.108,0.0,0.04,0.087,20.0,20.0,91.799,46.518,0.0,75.044,77.568,75.064,79.833,37.829,53.198,45.829,-10.828,48.844,94.5,72.625,72.688,63.75,69.313,0.0,0.0,72.0,70.0,1000.0,200.0,0.0,18.375,69.188,68.875,-0.052,92.25,77.5,64.688,78.438,0.0,100.0,72.0,70.0,1000.0,200.0,-0.002,0.0,76.688,76.938,0.01,76.125,75.063,62.813,72.75,0.0,62.25,72.0,70.0,1000.0,200.0,-0.001,0.0,76.188,76.563,0.017,74.25,75.313,64.125,72.563,0.0,27.0,72.0,70.0,1000.0,200.0,0.0,0.0,74.563,74.75,-0.004,0.0,0.0,0.0,0.0,0.0,0.0,0.0,0.0,0.0,0.0,0.0,0.0,0.0,0.0,0.0,0.0,0.017,0.029,0.011,0.034,0.0,0.0,0.0,0.0,0.0,0.0,0.0,0.0,0.0,0.0,0.0,0.0,0.0,0.0,0.0,0.0,0.147,-0.149,0.0,0.0,0.001,0.149,-0.148,0.149,-0.011,0.01,0.0,0.0,0.034,0.035,-0.002,-0.0,-0.001,0.0
9072007,1847,0.0,1.0,1.0,1.0,100.0,0.0,0.0,0.0,0.0,0.0,0.0,33.968,35.139,0.012,0.02,0.0,80.0,55.0,1.4,18.406,2.248,58.402,2.035,62.251,73.543,74.073,72.097,64.108,0.0,0.04,0.087,20.0,20.0,92.163,46.546,0.0,74.936,77.568,75.171,79.759,37.829,53.302,45.756,-10.828,48.906,94.313,72.625,72.75,63.875,69.563,0.0,0.0,72.0,70.0,1000.0,200.0,0.0,18.438,69.188,69.0,-0.052,92.5,77.688,64.813,78.875,0.0,100.0,72.0,70.0,1000.0,200.0,-0.002,0.0,76.688,76.938,0.01,76.313,75.188,63.031,72.938,0.0,62.25,72.0,70.0,1000.0,200.0,-0.001,0.0,76.125,76.625,0.017,74.25,75.25,64.125,72.563,0.0,27.0,72.0,70.0,1000.0,200.0,0.0,0.0,74.563,74.75,-0.004,0.0,0.0,0.0,0.0,0.0,0.0,0.0,0.0,0.0,0.0,0.0,0.0,0.0,0.0,0.0,0.0,0.017,0.031,0.011,0.034,0.0,0.0,0.0,0.0,0.0,0.0,0.0,0.0,0.0,0.0,0.0,0.0,0.0,0.0,0.0,0.0,0.147,-0.149,0.0,-0.074,0.149,0.149,-0.148,0.001,-0.011,0.01,0.0,0.0,0.034,0.035,-0.001,-0.0,-0.001,0.0
9072007,1848,0.0,1.0,1.0,1.0,100.0,0.0,0.0,0.0,0.0,0.0,0.0,33.968,35.139,0.012,0.02,0.0,80.0,55.0,1.4,18.453,2.248,60.147,1.687,62.359,73.543,74.179,72.097,64.215,0.0,0.044,0.091,20.0,20.0,92.331,46.546,0.0,75.151,77.42,75.064,79.833,37.976,53.407,45.902,-10.82,49.0,94.25,72.625,72.688,64.0,69.563,0.0,0.0,72.0,70.0,1000.0,200.0,0.0,18.469,69.188,68.875,-0.052,92.875,77.813,64.813,79.125,0.0,100.0,72.0,70.0,1000.0,200.0,-0.002,0.0,76.688,77.0,0.01,76.125,75.063,63.031,73.125,0.0,62.25,72.0,70.0,1000.0,200.0,-0.001,0.0,76.125,76.625,0.017,74.25,75.313,64.188,72.688,0.0,27.0,72.0,70.0,1000.0,200.0,0.0,0.0,74.563,74.75,-0.004,0.0,0.0,0.0,0.0,0.0,0.0,0.0,0.0,0.0,0.0,0.0,0.0,0.0,0.0,0.0,0.0,0.017,0.031,0.011,0.034,0.0,0.0,0.0,0.0,0.0,0.0,0.0,0.0,0.0,0.0,0.0,0.0,0.0,0.0,0.0,0.0,0.0,-0.149,-0.148,0.0,0.001,0.149,-0.148,0.149,-0.012,0.01,0.0,0.0,0.034,0.035,-0.002,-0.0,-0.001,0.0
9072007,1849,0.0,1.0,1.0,1.0,100.0,0.0,0.0,0.0,0.0,0.0,0.0,33.968,35.139,0.012,0.02,0.0,80.0,55.0,1.4,18.484,2.248,56.656,2.139,62.359,73.543,74.073,71.991,64.322,0.0,0.044,0.087,20.0,20.0,92.556,46.574,0.0,75.044,77.42,75.064,79.759,38.049,53.511,45.975,-10.828,49.031,94.125,72.625,72.688,64.188,69.625,0.0,0.0,72.0,70.0,1000.0,200.0,0.0,18.531,69.188,68.875,-0.052,93.063,77.813,65.0,79.438,0.0,100.0,72.0,70.0,1000.0,200.0,-0.002,0.0,76.75,76.938,0.01,76.125,75.063,63.125,73.375,0.0,62.25,72.0,70.0,1000.0,200.0,-0.001,0.0,76.188,76.625,0.017,74.25,75.313,64.438,72.688,0.0,27.0,72.0,70.0,1000.0,200.0,0.0,0.0,74.563,74.75,-0.004,0.0,0.0,0.0,0.0,0.0,0.0,0.0,0.0,0.0,0.0,0.0,0.0,0.0,0.0,0.0,0.0,0.017,0.031,0.011,0.034,0.0,0.0,0.0,0.0,0.0,0.0,0.0,0.0,0.0,0.0,0.0,0.0,0.0,0.0,0.0,0.0,0.147,-0.149,0.0,0.0,0.149,0.001,0.0,0.149,-0.012,0.01,0.0,0.0,0.034,0.035,-0.002,-0.0,-0.001,0.0
9072007,1850,0.0,1.0,1.0,1.0,100.0,0.0,0.0,0.0,0.0,0.0,0.0,35.139,35.139,0.012,0.034,0.0,80.0,55.0,1.4,18.484,2.248,60.147,2.167,62.467,73.437,74.073,71.991,64.322,0.0,0.04,0.091,20.0,20.0,92.64,46.602,0.0,75.044,77.42,75.171,79.685,38.049,53.407,45.975,-10.828,49.094,94.0,72.625,72.688,64.25,69.625,0.0,0.0,72.0,70.0,1000.0,200.0,0.0,18.422,69.188,68.875,-0.052,93.25,77.938,65.0,79.688,0.0,100.0,72.0,70.0,1000.0,200.0,-0.002,0.0,76.688,76.938,0.01,76.313,75.063,63.25,73.438,0.0,62.25,72.0,70.0,1000.0,200.0,-0.001,0.0,76.188,76.625,0.017,74.25,75.313,64.5,72.75,0.0,27.0,72.0,70.0,1000.0,200.0,0.0,0.0,74.563,74.75,-0.004,0.0,0.0,0.0,0.0,0.0,0.0,0.0,0.0,0.0,0.0,0.0,0.0,0.0,0.0,0.0,0.0,0.017,0.031,0.011,0.034,0.0,0.0,0.0,0.0,0.0,0.0,0.0,0.0,0.0,0.0,0.0,0.0,0.0,0.0,0.0,0.0,0.147,-0.223,0.0,-0.074,0.149,0.001,0.0,0.001,-0.012,0.018,0.0,0.0,0.035,0.035,-0.002,-0.0,-0.001,0.0
9072007,1851,0.0,1.0,1.0,1.0,100.0,0.0,0.0,0.0,0.0,0.0,0.0,33.968,35.139,0.022,0.02,0.0,80.0,55.0,1.4,18.406,2.248,56.656,0.804,62.467,73.437,74.073,71.991,64.429,0.0,0.04,0.087,20.0,20.0,92.864,46.602,0.0,75.044,77.42,75.064,79.759,38.196,53.511,46.12,-10.82,49.156,93.875,72.625,72.688,64.25,69.625,0.0,0.0,72.0,70.0,1000.0,200.0,0.0,18.438,69.188,69.0,-0.052,93.188,77.938,65.063,79.938,0.0,100.0,72.0,70.0,1000.0,200.0,-0.002,0.0,76.688,76.938,0.01,76.313,75.063,63.375,73.563,0.0,62.25,72.0,70.0,1000.0,200.0,-0.001,0.0,76.188,76.563,0.017,74.25,75.313,64.625,72.875,0.0,27.0,72.0,70.0,1000.0,200.0,0.0,0.0,74.563,74.813,-0.004,0.0,0.0,0.0,0.0,0.0,0.0,0.0,0.0,0.0,0.0,0.0,0.0,0.0,0.0,0.0,0.0,0.017,0.031,0.011,0.034,0.0,0.0,0.0,0.0,0.0,0.0,0.0,0.0,0.0,0.0,0.0,0.0,0.0,0.0,0.0,0.0,0.0,-0.149,-0.148,0.0,0.149,0.001,-0.148,0.001,-0.022,0.01,0.0,0.0,0.034,0.035,-0.001,-0.0,-0.001,0.0
9072007,1852,0.0,1.0,1.0,1.0,100.0,0.0,0.0,0.0,0.0,0.0,0.0,33.968,35.139,0.012,0.02,0.0,80.0,55.0,1.4,18.406,2.248,58.402,2.152,62.574,73.331,74.073,71.991,64.322,0.0,0.04,0.091,20.0,20.0,92.948,46.63,0.0,75.044,77.494,75.064,79.685,38.269,53.511,46.12,-10.82,49.188,93.625,72.625,72.688,64.375,69.75,0.0,0.0,72.0,70.0,1000.0,200.0,0.0,18.406,69.313,69.0,-0.052,92.563,77.938,65.375,80.188,0.0,100.0,72.0,70.0,1000.0,200.0,-0.002,0.0,76.75,77.0,0.01,76.313,75.063,63.375,73.75,0.0,62.25,72.0,70.0,1000.0,200.0,-0.001,0.0,76.188,76.625,0.017,74.25,75.313,64.75,72.875,0.0,27.0,72.0,70.0,1000.0,200.0,0.0,0.0,74.563,74.75,-0.004,0.0,0.0,0.0,0.0,0.0,0.0,0.0,0.0,0.0,0.0,0.0,0.0,0.0,0.0,0.0,0.0,0.017,0.031,0.011,0.034,0.0,0.0,0.0,0.0,0.0,0.0,0.0,0.0,0.0,0.0,0.0,0.0,0.0,0.0,0.0,0.0,0.147,-0.149,0.0,0.0,0.001,0.149,-0.148,0.149,-0.011,0.01,0.0,0.0,0.034,0.035,-0.002,-0.0,-0.001,0.0
9072007,1853,0.0,1.0,1.0,1.0,100.0,0.0,0.0,0.0,0.0,0.0,0.0,33.968,35.139,0.012,0.02,0.0,80.0,55.0,1.4,18.406,2.248,56.656,3.481,62.897,73.331,74.073,71.885,64.75,0.0,0.04,0.087,20.0,20.0,93.005,46.658,0.0,75.259,77.494,75.064,79.759,38.415,53.511,46.193,-10.828,49.25,93.438,72.625,72.688,64.438,69.75,0.0,0.0,72.0,70.0,1000.0,200.0,0.0,18.391,69.313,69.0,-0.052,92.0,77.938,65.375,80.438,0.0,100.0,72.0,70.0,1000.0,200.0,-0.002,0.0,76.688,77.0,0.01,76.375,75.063,63.656,73.875,0.0,62.25,72.0,70.0,1000.0,200.0,-0.001,0.0,76.188,76.563,0.017,74.25,75.313,64.813,72.875,0.0,27.0,72.0,70.0,1000.0,200.0,0.0,0.0,74.563,74.75,-0.004,0.0,0.0,0.0,0.0,0.0,0.0,0.0,0.0,0.0,0.0,0.0,0.0,0.0,0.0,0.0,0.0,0.017,0.029,0.011,0.034,0.0,0.0,0.0,0.0,0.0,0.0,0.0,0.0,0.0,0.0,0.0,0.0,0.0,0.0,0.0,0.0,0.147,-0.149,0.0,0.0,0.001,0.149,-0.148,0.149,-0.011,0.01,0.0,0.0,0.034,0.035,-0.002,-0.0,-0.001,0.0
9072007,1854,0.0,1.0,1.0,1.0,100.0,0.0,0.0,0.0,0.0,0.0,0.0,33.968,35.139,0.022,0.02,0.0,80.0,55.0,1.4,18.453,2.248,58.402,3.926,62.574,73.331,73.968,71.885,64.429,0.0,0.04,0.091,20.0,20.0,93.089,46.686,0.0,74.936,77.346,75.064,79.685,38.489,53.616,46.266,-10.82,49.281,93.188,72.625,72.688,64.563,69.75,0.0,0.0,72.0,70.0,1000.0,200.0,0.0,18.313,69.313,69.0,-0.052,91.313,77.938,65.5,80.563,0.0,100.0,72.0,70.0,1000.0,200.0,-0.002,0.0,76.75,77.0,0.01,76.375,75.063,63.656,73.938,0.0,62.25,72.0,70.0,1000.0,200.0,-0.001,0.0,76.188,76.625,0.017,74.188,75.438,64.813,73.063,0.0,27.0,72.0,70.0,1000.0,200.0,0.0,0.0,74.563,74.75,-0.004,0.0,0.0,0.0,0.0,0.0,0.0,0.0,0.0,0.0,0.0,0.0,0.0,0.0,0.0,0.0,0.0,0.017,0.031,0.011,0.034,0.0,0.0,0.0,0.0,0.0,0.0,0.0,0.0,0.0,0.0,0.0,0.0,0.0,0.0,0.0,0.0,0.147,-0.223,0.0,0.0,0.149,0.001,-0.148,0.149,-0.023,0.01,0.0,0.0,0.034,0.035,-0.002,-0.0,-0.001,0.0
9072007,1855,0.0,1.0,1.0,1.0,100.0,0.0,0.0,0.0,0.0,0.0,0.0,33.968,35.139,0.012,0.02,0.0,80.0,55.0,1.4,18.406,2.248,72.345,1.919,62.682,73.543,74.179,72.097,64.429,0.0,0.04,0.091,20.0,20.0,93.201,46.686,0.0,74.829,77.494,75.064,79.685,38.489,53.72,46.339,-10.82,49.344,92.688,72.625,72.688,64.813,69.875,0.0,0.0,72.0,70.0,1000.0,200.0,0.0,18.328,69.313,69.0,-0.052,91.313,77.938,65.5,80.688,0.0,100.0,72.0,70.0,1000.0,200.0,-0.002,0.0,76.75,77.0,0.01,76.5,75.063,63.656,73.938,0.0,62.25,72.0,70.0,1000.0,200.0,-0.001,0.0,76.188,76.625,0.017,74.25,75.313,64.813,73.063,0.0,27.016,72.0,70.0,1000.0,200.0,0.0,0.0,74.563,74.75,-0.004,0.0,0.0,0.0,0.0,0.0,0.0,0.0,0.0,0.0,0.0,0.0,0.0,0.0,0.0,0.0,0.0,0.017,0.031,0.011,0.034,0.0,0.0,0.0,0.0,0.0,0.0,0.0,0.0,0.0,0.0,0.0,0.0,0.0,0.0,0.0,0.0,0.147,-0.149,-0.148,0.147,0.149,0.001,-0.148,0.001,-0.011,0.01,0.0,0.0,0.034,0.035,-0.002,-0.0,-0.001,0.0
9072007,1856,0.0,1.0,1.0,1.0,100.0,0.0,0.0,0.0,0.0,0.0,0.0,33.968,36.31,0.012,0.02,0.0,80.0,55.0,1.4,18.344,2.248,72.345,3.583,62.897,73.119,73.968,71.78,64.429,0.0,0.04,0.091,20.0,20.0,93.229,46.714,0.0,74.829,77.272,75.064,79.685,38.635,53.825,46.412,-10.82,49.344,92.125,72.5,72.688,64.813,69.875,0.0,0.0,72.0,70.0,1000.0,200.0,0.0,18.391,69.313,69.0,-0.052,91.875,77.813,65.5,80.563,0.0,100.0,72.0,70.0,1000.0,200.0,-0.002,0.0,76.75,77.0,0.01,76.5,75.063,63.719,74.0,0.0,62.25,72.0,70.0,1000.0,200.0,-0.001,0.0,76.188,76.625,0.017,74.25,75.438,65.125,73.188,0.0,27.0,72.0,70.0,1000.0,200.0,0.0,0.0,74.563,74.813,-0.004,0.0,0.0,0.0,0.0,0.0,0.0,0.0,0.0,0.0,0.0,0.0,0.0,0.0,0.0,0.0,0.0,0.017,0.031,0.011,0.034,0.0,0.0,0.0,0.0,0.0,0.0,0.0,0.0,0.0,0.0,0.0,0.0,0.0,0.0,0.0,0.0,0.0,-0.149,-0.148,0.0,0.149,0.001,-0.148,0.149,-0.013,0.01,0.0,0.0,0.034,0.036,-0.002,-0.0,-0.001,0.0
9072007,1857,0.0,1.0,1.0,1.0,100.0,0.0,0.0,0.0,0.0,0.0,0.0,33.968,35.139,0.012,0.02,0.0,80.0,55.0,1.4,18.344,2.248,70.604,2.125,63.22,73.119,73.863,71.885,64.643,0.0,0.04,0.087,20.0,20.0,93.313,46.742,0.0,75.044,77.42,75.064,79.685,38.635,53.825,46.412,-10.82,49.313,91.813,72.625,72.688,64.875,69.875,0.0,0.0,72.0,70.0,1000.0,200.0,0.0,18.359,69.313,69.0,-0.052,92.625,77.938,65.5,80.688,0.0,100.0,72.0,70.0,1000.0,200.0,-0.002,0.0,76.75,77.0,0.01,76.375,75.063,63.719,74.0,0.0,62.25,72.0,70.0,1000.0,200.0,-0.001,0.0,76.375,76.625,0.017,74.25,75.438,65.188,73.188,0.0,27.0,72.0,70.0,1000.0,200.0,0.0,0.0,74.563,74.813,-0.004,0.0,0.0,0.0,0.0,0.0,0.0,0.0,0.0,0.0,0.0,0.0,0.0,0.0,0.0,0.0,0.0,0.017,0.031,0.011,0.034,0.0,0.0,0.0,0.0,0.0,0.0,0.0,0.0,0.0,0.0,0.0,0.0,0.0,0.0,0.0,0.0,0.147,-0.149,0.0,-0.074,0.149,0.149,0.0,0.149,-0.012,0.01,0.0,0.0,0.034,0.035,-0.002,-0.0,-0.001,0.0
9072007,1858,0.0,1.0,1.0,1.0,100.0,0.0,0.0,0.0,0.0,0.0,0.0,33.968,35.139,0.012,0.02,0.0,80.0,55.0,1.4,18.406,2.248,70.604,3.12,63.112,73.119,73.863,71.78,64.429,0.0,0.04,0.087,20.0,20.0,93.313,46.77,0.0,74.936,77.346,75.064,79.685,38.782,53.929,46.484,-10.82,49.313,91.375,72.625,72.688,65.0,69.938,0.0,0.0,72.0,70.0,1000.0,200.0,0.0,18.484,69.313,69.0,-0.052,93.25,77.813,65.5,80.688,0.0,100.0,72.0,70.0,1000.0,200.0,-0.002,0.0,76.75,77.0,0.01,76.375,75.063,63.813,74.125,0.0,62.25,72.0,70.0,1000.0,200.0,-0.001,0.0,76.188,76.625,0.017,74.25,75.438,65.188,73.25,0.0,27.0,72.0,70.0,1000.0,200.0,0.0,0.0,74.563,74.75,-0.004,0.0,0.0,0.0,0.0,0.0,0.0,0.0,0.0,0.0,0.0,0.0,0.0,0.0,0.0,0.0,0.0,0.017,0.031,0.011,0.034,0.0,0.0,0.0,0.0,0.0,0.0,0.0,0.0,0.0,0.0,0.0,0.0,0.0,0.0,0.0,0.0,0.147,-0.149,-0.148,0.0,0.001,0.149,-0.148,0.149,-0.012,0.01,0.0,0.0,0.034,0.035,-0.002,-0.0,-0.001,0.0
9072007,1859,0.0,1.0,1.0,1.0,100.0,0.0,0.0,0.0,0.0,0.0,0.0,33.968,35.139,0.012,0.005,0.0,80.0,55.0,1.4,18.438,2.248,77.563,1.921,63.22,73.119,73.863,71.885,64.429,0.0,0.044,0.091,20.0,20.0,93.257,46.798,0.0,74.829,77.42,75.171,79.611,38.855,53.825,46.557,-10.82,49.344,91.0,72.625,72.438,65.0,69.875,0.0,0.0,72.0,70.0,1000.0,200.0,0.0,18.313,69.313,69.0,-0.052,93.5,77.938,65.5,80.688,0.0,100.0,72.0,70.0,1000.0,200.0,-0.002,0.0,76.75,77.0,0.01,76.375,75.063,63.813,74.0,0.0,62.25,72.0,70.0,1000.0,200.0,-0.001,0.0,76.188,76.625,0.017,74.25,75.438,65.313,73.25,0.0,27.0,72.0,70.0,1000.0,200.0,-0.001,0.0,74.563,74.813,-0.004,0.0,0.0,0.0,0.0,0.0,0.0,0.0,0.0,0.0,0.0,0.0,0.0,0.0,0.0,0.0,0.0,0.017,0.031,0.011,0.034,0.0,0.0,0.0,0.0,0.0,0.0,0.0,0.0,0.0,0.0,0.0,0.0,0.0,0.0,0.0,0.0,0.147,-0.149,0.0,0.0,0.149,0.001,0.0,0.001,-0.012,0.003,0.0,0.0,0.034,0.035,-0.002,-0.0,-0.001,0.0
9072007,1900,0.0,1.0,1.0,1.0,100.0,0.0,0.0,0.0,0.0,0.0,0.0,33.968,35.139,0.012,0.02,0.0,80.0,55.0,1.4,18.438,2.248,67.121,2.118,63.22,73.013,73.863,71.78,64.429,0.0,0.04,0.091,20.0,20.0,93.229,46.826,0.0,74.829,77.42,75.171,79.685,38.928,54.033,46.63,-10.828,49.375,90.625,72.625,72.688,65.063,69.875,0.0,0.0,72.0,70.0,1000.0,200.0,0.0,18.297,69.375,69.0,-0.052,93.5,77.813,65.625,80.688,0.0,100.0,72.0,70.0,1000.0,200.0,-0.002,0.0,76.75,77.0,0.01,76.5,75.063,63.969,74.375,0.0,62.25,72.0,70.0,1000.0,200.0,-0.001,0.0,76.188,76.625,0.017,74.25,75.438,65.375,73.25,0.0,27.0,72.0,70.0,1000.0,200.0,-0.001,0.0,74.563,74.75,-0.004,0.0,0.0,0.0,0.0,0.0,0.0,0.0,0.0,0.0,0.0,0.0,0.0,0.0,0.0,0.0,0.0,0.017,0.031,0.01,0.034,0.0,0.0,0.0,0.0,0.0,0.0,0.0,0.0,0.0,0.0,0.0,0.0,0.0,0.0,0.0,0.0,0.0,-0.149,-0.148,0.147,0.149,0.001,0.0,0.001,-0.012,0.01,0.0,0.0,0.034,0.035,-0.003,-0.0,-0.001,0.0
9072007,1901,0.0,1.0,1.0,1.0,100.0,0.0,0.0,0.0,0.0,0.0,0.0,33.968,35.139,0.012,0.02,0.0,80.0,55.0,1.4,18.297,2.248,67.121,2.67,63.328,73.013,73.758,71.78,64.429,0.0,0.04,0.087,20.0,20.0,93.117,46.854,0.0,74.829,77.346,75.064,79.611,39.002,53.929,46.63,-10.82,49.438,90.313,72.5,72.688,65.188,69.875,0.0,0.0,72.0,70.0,1000.0,200.0,0.0,18.328,69.375,69.063,-0.052,93.75,77.938,65.688,80.813,0.0,100.0,72.0,70.0,1000.0,200.0,-0.002,0.0,76.75,77.125,0.01,76.5,75.063,64.063,74.375,0.0,62.25,72.0,70.0,1000.0,200.0,-0.001,0.0,76.188,76.625,0.016,74.25,75.438,65.375,73.25,0.0,27.0,72.0,70.0,1000.0,200.0,0.0,0.0,74.563,74.75,-0.004,0.0,0.0,0.0,0.0,0.0,0.0,0.0,0.0,0.0,0.0,0.0,0.0,0.0,0.0,0.0,0.0,0.017,0.031,0.011,0.034,0.0,0.0,0.0,0.0,0.0,0.0,0.0,0.0,0.0,0.0,0.0,0.0,0.0,0.0,0.0,0.0,0.147,-0.149,0.0,0.0,0.149,0.001,0.0,0.001,-0.012,0.01,0.0,0.0,0.034,0.035,-0.002,-0.001,-0.001,0.0
9072007,1902,0.0,1.0,1.0,1.0,100.0,0.0,0.0,0.0,0.0,0.0,0.0,33.968,35.139,0.012,0.02,0.0,80.0,55.0,1.4,18.313,2.248,65.378,3.927,63.328,72.907,73.758,71.78,64.429,0.0,0.04,0.087,20.0,20.0,92.977,46.91,0.0,74.829,77.346,75.064,79.685,39.148,54.033,46.776,-10.82,49.469,90.0,72.625,72.688,65.188,69.875,0.0,0.0,72.0,70.0,1000.0,200.0,0.0,18.297,69.375,69.063,-0.052,93.938,77.813,65.688,80.875,0.0,100.0,72.0,70.0,1000.0,200.0,-0.002,0.0,76.75,77.125,0.01,76.5,75.063,64.063,74.438,0.0,62.25,72.0,70.0,1000.0,200.0,-0.001,0.0,76.188,76.625,0.017,74.25,75.625,65.563,73.375,0.0,27.0,72.0,70.0,1000.0,200.0,0.0,0.0,74.563,74.813,-0.004,0.0,0.0,0.0,0.0,0.0,0.0,0.0,0.0,0.0,0.0,0.0,0.0,0.0,0.0,0.0,0.0,0.017,0.031,0.011,0.034,0.0,0.0,0.0,0.0,0.0,0.0,0.0,0.0,0.0,0.0,0.0,0.0,0.0,0.0,0.0,0.0,0.147,-0.149,-0.148,0.0,0.149,0.001,0.0,0.001,-0.012,0.01,0.0,0.0,0.034,0.035,-0.002,-0.001,-0.001,0.0
9072007,1903,0.0,1.0,1.0,1.0,100.0,0.0,0.0,0.0,0.0,0.0,0.0,33.968,35.139,0.012,0.02,0.0,80.0,55.0,1.4,18.422,2.248,89.718,2.003,63.651,73.013,73.863,71.674,64.643,0.0,0.04,0.091,20.0,20.0,92.836,46.91,0.0,74.936,77.272,75.064,79.611,39.148,54.033,46.776,-10.82,49.531,89.438,72.5,72.688,65.375,69.938,0.0,0.0,72.0,70.0,1000.0,200.0,0.0,18.344,69.375,69.063,-0.052,94.063,77.938,65.938,80.875,0.0,100.0,72.0,70.0,1000.0,200.0,-0.002,0.0,76.75,77.0,0.01,76.5,75.063,64.25,74.125,0.0,62.25,72.0,70.0,1000.0,200.0,-0.001,0.0,76.375,76.625,0.017,74.25,75.625,65.688,73.375,0.0,27.0,72.0,70.0,1000.0,200.0,-0.001,0.0,74.563,74.75,-0.004,0.0,0.0,0.0,0.0,0.0,0.0,0.0,0.0,0.0,0.0,0.0,0.0,0.0,0.0,0.0,0.0,0.017,0.031,0.011,0.034,0.0,0.0,0.0,0.0,0.0,0.0,0.0,0.0,0.0,0.0,0.0,0.0,0.0,0.0,0.0,0.0,0.147,-0.149,0.0,-0.074,0.001,0.149,-0.148,0.149,-0.013,0.01,0.0,0.0,0.034,0.035,-0.002,-0.0,-0.001,0.0
9072007,1904,0.0,1.0,1.0,1.0,100.0,0.0,0.0,0.0,0.0,0.0,0.0,33.968,35.139,0.022,0.034,0.0,80.0,55.0,1.4,18.156,2.248,67.121,3.203,63.435,73.013,73.758,71.674,64.322,0.0,0.04,0.087,20.0,20.0,92.668,46.882,0.0,74.829,77.272,74.958,79.611,39.148,54.138,46.776,-10.82,49.531,89.188,72.625,72.688,65.5,69.938,0.0,0.0,72.0,70.0,1000.0,200.0,0.0,18.203,69.375,69.063,-0.052,94.375,78.0,66.0,80.875,0.0,100.0,72.0,70.0,1000.0,200.0,-0.002,0.0,76.875,77.0,0.01,76.5,75.063,64.375,74.438,0.0,62.25,72.0,70.0,1000.0,200.0,-0.001,0.0,76.188,76.625,0.017,74.25,75.625,65.75,73.5,0.0,27.0,72.0,70.0,1000.0,200.0,-0.001,0.0,74.563,74.75,-0.004,0.0,0.0,0.0,0.0,0.0,0.0,0.0,0.0,0.0,0.0,0.0,0.0,0.0,0.0,0.0,0.0,0.017,0.031,0.011,0.034,0.0,0.0,0.0,0.0,0.0,0.0,0.0,0.0,0.0,0.0,0.0,0.0,0.0,0.0,0.0,0.0,0.147,-0.001,-0.148,0.0,0.001,0.149,-0.148,0.149,-0.022,0.017,0.0,0.0,0.034,0.035,-0.002,-0.0,-0.001,0.0
9072007,1905,0.0,1.0,1.0,1.0,100.0,0.0,0.0,0.0,0.0,0.0,0.0,33.968,35.139,0.022,0.02,0.0,80.0,55.0,1.4,18.156,2.248,65.378,3.817,63.543,72.907,73.758,71.674,64.322,0.0,0.04,0.087,20.0,20.0,92.5,46.826,0.0,74.722,77.272,75.064,79.537,39.221,54.242,46.849,-10.828,49.5,89.063,72.625,72.438,65.5,69.938,0.0,0.0,72.0,70.0,1000.0,200.0,0.0,18.484,69.375,69.063,-0.052,94.25,77.938,66.0,81.25,0.0,100.0,72.0,70.0,1000.0,200.0,-0.002,0.0,76.875,77.125,0.01,76.5,75.063,64.375,74.563,0.0,62.656,72.0,70.0,1000.0,200.0,-0.001,0.0,76.188,76.625,0.017,74.25,75.625,65.75,73.5,0.0,27.0,72.0,70.0,1000.0,200.0,0.0,0.0,74.563,74.813,-0.004,0.0,0.0,0.0,0.0,0.0,0.0,0.0,0.0,0.0,0.0,0.0,0.0,0.0,0.0,0.0,0.0,0.017,0.031,0.011,0.034,0.0,0.0,0.0,0.0,0.0,0.0,0.0,0.0,0.0,0.0,0.0,0.0,0.0,0.0,0.0,0.0,0.147,-0.149,0.0,0.0,0.149,0.001,0.0,0.001,-0.023,0.01,0.0,0.0,0.034,0.035,-0.002,-0.0,-0.001,0.0
9072007,1906,0.0,1.0,1.0,1.0,100.0,0.0,0.0,0.0,0.0,0.0,0.0,33.968,35.139,0.012,0.02,0.0,80.0,55.0,1.4,18.281,2.248,67.121,2.256,63.651,73.013,73.863,71.674,64.429,0.0,0.04,0.087,20.0,20.0,92.303,46.77,0.0,74.722,77.272,75.064,79.611,39.295,54.242,46.849,-10.82,49.531,88.813,72.5,72.438,65.625,69.938,0.0,0.0,72.0,70.0,1000.0,200.0,0.0,18.328,69.375,69.063,-0.052,94.375,77.813,66.063,81.313,0.0,100.0,72.0,70.0,1000.0,200.0,-0.002,0.0,76.75,77.0,0.01,76.5,75.188,64.438,74.563,0.0,62.406,72.0,70.0,1000.0,200.0,-0.001,0.0,76.188,76.563,0.017,74.25,75.438,65.875,73.5,0.0,27.0,72.0,70.0,1000.0,200.0,0.0,0.0,74.563,74.75,-0.004,0.0,0.0,0.0,0.0,0.0,0.0,0.0,0.0,0.0,0.0,0.0,0.0,0.0,0.0,0.0,0.0,0.017,0.031,0.011,0.034,0.0,0.0,0.0,0.0,0.0,0.0,0.0,0.0,0.0,0.0,0.0,0.0,0.0,0.0,0.0,0.0,0.0,-0.149,-0.148,0.0,0.001,0.001,-0.148,0.149,-0.013,0.01,0.0,0.0,0.034,0.035,-0.002,-0.0,-0.001,0.0
9072007,1907,0.0,1.0,1.0,1.0,100.0,0.0,0.0,0.0,0.0,0.0,0.0,33.968,35.139,0.012,0.02,0.0,80.0,55.0,1.4,18.344,2.248,65.378,1.919,63.651,73.013,73.968,71.78,64.429,0.0,0.04,0.091,20.0,20.0,92.163,46.742,0.0,74.829,77.272,75.064,79.611,39.441,54.347,46.994,-10.82,49.5,88.563,72.625,72.75,65.688,69.938,0.0,0.0,72.0,70.0,1000.0,200.0,0.0,18.344,69.625,69.063,-0.052,94.563,77.813,66.188,81.438,0.0,100.0,72.0,70.0,1000.0,200.0,-0.002,0.0,76.875,77.125,0.01,76.5,75.063,64.438,74.563,0.0,62.406,72.0,70.0,1000.0,200.0,-0.001,0.0,76.188,76.625,0.017,74.25,75.625,65.875,73.5,0.0,27.0,72.0,70.0,1000.0,200.0,0.0,0.0,74.688,74.75,-0.004,0.0,0.0,0.0,0.0,0.0,0.0,0.0,0.0,0.0,0.0,0.0,0.0,0.0,0.0,0.0,0.0,0.017,0.031,0.011,0.034,0.0,0.0,0.0,0.0,0.0,0.0,0.0,0.0,0.0,0.0,0.0,0.0,0.0,0.0,0.0,0.0,0.147,-0.149,-0.148,0.0,0.149,0.149,-0.148,0.149,-0.013,0.01,0.0,0.0,0.034,0.035,-0.004,-0.0,-0.001,0.0
9072007,1908,0.0,1.0,1.0,1.0,100.0,0.0,0.0,0.0,0.0,0.0,0.0,33.968,35.139,0.012,0.02,0.0,80.0,55.0,1.4,18.266,2.248,56.656,3.774,63.651,73.013,73.968,71.674,64.429,0.0,0.04,0.087,20.0,20.0,91.855,46.658,0.0,74.722,77.198,74.958,79.537,39.514,54.347,47.067,-10.82,49.438,88.438,72.5,72.688,65.688,69.938,0.0,0.0,72.0,70.0,1000.0,200.0,0.0,18.344,69.625,69.125,-0.052,94.563,77.813,66.313,81.5,0.0,100.0,72.0,70.0,1000.0,200.0,-0.002,0.0,76.875,77.125,0.01,76.5,75.188,64.688,74.688,0.0,62.406,72.0,70.0,1000.0,200.0,-0.001,0.0,76.188,76.625,0.018,74.25,75.625,66.188,73.5,0.0,27.0,72.0,70.0,1000.0,200.0,0.0,0.0,74.563,74.75,-0.004,0.0,0.0,0.0,0.0,0.0,0.0,0.0,0.0,0.0,0.0,0.0,0.0,0.0,0.0,0.0,0.0,0.017,0.031,0.011,0.034,0.0,0.0,0.0,0.0,0.0,0.0,0.0,0.0,0.0,0.0,0.0,0.0,0.0,0.0,0.0,0.0,0.147,-0.149,0.0,0.0,0.001,0.001,-0.148,0.149,-0.013,0.01,0.0,0.0,0.034,0.035,-0.004,-0.0,-0.001,0.0
9072007,1909,0.0,1.0,1.0,1.0,100.0,0.0,0.0,0.0,0.0,0.0,0.0,33.968,35.139,0.012,0.02,0.0,80.0,55.0,1.4,18.281,2.248,63.635,2.665,63.758,73.119,74.179,71.885,64.429,0.0,0.04,0.091,20.0,20.0,91.574,46.574,0.0,74.614,77.198,74.958,79.537,39.661,54.451,47.067,-10.82,49.469,88.125,72.625,72.688,65.75,70.125,0.0,0.0,72.0,70.0,1000.0,200.0,0.0,18.266,69.625,69.063,-0.052,94.563,77.938,66.5,81.625,0.0,100.0,72.0,70.0,1000.0,200.0,-0.002,0.0,76.875,77.125,0.01,76.5,75.063,64.875,74.75,0.0,62.5,72.0,70.0,1000.0,200.0,-0.001,0.0,76.188,76.625,0.017,74.375,75.625,66.0,73.5,0.0,27.0,72.0,70.0,1000.0,200.0,-0.001,0.0,74.563,74.75,-0.004,0.0,0.0,0.0,0.0,0.0,0.0,0.0,0.0,0.0,0.0,0.0,0.0,0.0,0.0,0.0,0.0,0.017,0.031,0.011,0.034,0.0,0.0,0.0,0.0,0.0,0.0,0.0,0.0,0.0,0.0,0.0,0.0,0.0,0.0,0.0,0.0,0.147,-0.149,0.0,0.0,0.001,0.001,0.0,0.149,-0.013,0.01,0.0,0.0,0.034,0.035,-0.004,-0.0,-0.001,0.0
9072007,1910,0.0,1.0,1.0,1.0,100.0,0.0,0.0,0.0,0.0,0.0,0.0,33.968,35.139,0.012,0.02,0.0,80.0,55.0,1.4,18.266,2.248,70.604,3.389,63.974,72.907,73.968,71.568,64.643,0.0,0.04,0.087,20.0,20.0,91.238,46.546,0.0,74.936,77.198,74.958,79.537,39.661,54.451,47.14,-10.82,49.5,87.813,72.5,72.688,65.75,70.125,0.0,0.0,72.0,70.0,1000.0,200.0,0.0,18.234,69.625,69.125,-0.052,94.563,77.938,66.625,81.625,0.0,100.0,72.0,70.0,1000.0,200.0,-0.002,0.0,76.875,77.125,0.01,76.5,75.188,64.875,74.75,0.0,62.438,72.0,70.0,1000.0,200.0,-0.001,0.0,76.188,76.625,0.017,74.188,75.625,66.313,73.625,0.0,27.0,72.0,70.0,1000.0,200.0,0.0,0.0,74.563,74.75,-0.004,0.0,0.0,0.0,0.0,0.0,0.0,0.0,0.0,0.0,0.0,0.0,0.0,0.0,0.0,0.0,0.0,0.017,0.031,0.011,0.034,0.0,0.0,0.0,0.0,0.0,0.0,0.0,0.0,0.0,0.0,0.0,0.0,0.0,0.0,0.0,0.0,0.147,-0.149,0.0,0.0,0.001,0.149,-0.148,0.149,-0.013,0.01,0.0,0.0,0.034,0.035,-0.004,-0.0,-0.001,0.0
9072007,1911,0.0,1.0,1.0,1.0,100.0,0.0,0.0,0.0,0.0,0.0,0.0,33.968,35.139,0.012,0.02,0.0,80.0,55.0,1.4,18.266,2.248,70.604,2.141,63.974,72.907,73.968,71.674,64.429,0.0,0.04,0.091,20.0,20.0,91.013,46.518,0.0,74.614,77.124,75.064,79.537,39.734,54.451,47.213,-10.828,49.531,87.375,72.5,72.438,66.0,70.125,0.0,0.0,72.0,70.0,1000.0,200.0,0.0,18.328,69.625,69.125,-0.052,94.5,77.938,66.625,81.625,0.0,100.0,72.0,70.0,1000.0,200.0,-0.002,0.0,76.875,77.125,0.01,76.5,75.188,64.875,74.75,0.0,62.438,72.0,70.0,1000.0,200.0,-0.001,0.0,76.188,76.625,0.017,74.25,75.625,66.313,73.625,0.0,27.0,72.0,70.0,1000.0,200.0,0.0,0.0,74.563,74.813,-0.004,0.0,0.0,0.0,0.0,0.0,0.0,0.0,0.0,0.0,0.0,0.0,0.0,0.0,0.0,0.0,0.0,0.017,0.031,0.011,0.034,0.0,0.0,0.0,0.0,0.0,0.0,0.0,0.0,0.0,0.0,0.0,0.0,0.0,0.0,0.0,0.0,0.147,-0.149,0.0,0.0,0.149,0.001,0.0,0.001,-0.014,0.01,0.0,0.0,0.034,0.035,-0.004,-0.0,-0.001,0.0
9072007,1912,0.0,1.0,1.0,1.0,100.0,0.0,0.0,0.0,0.0,0.0,0.0,33.968,35.139,0.022,0.02,0.0,80.0,55.0,1.4,18.297,2.248,68.863,2.202,63.974,73.119,74.179,71.78,64.643,0.0,0.04,0.087,20.0,20.0,90.593,46.489,0.0,74.936,77.124,75.064,79.464,39.807,54.556,47.286,-10.82,49.531,87.0,72.438,72.688,66.0,70.125,0.0,0.0,72.0,70.0,1000.0,200.0,0.0,18.281,69.625,69.063,-0.052,94.5,77.938,66.625,81.5,0.0,100.0,72.0,70.0,1000.0,200.0,-0.002,0.0,76.875,77.125,0.01,76.5,75.063,64.938,74.688,0.0,62.438,72.0,70.0,1000.0,200.0,-0.001,0.0,76.188,76.688,0.017,74.25,75.75,66.375,73.625,0.0,27.0,72.0,70.0,1000.0,200.0,0.0,0.0,74.563,74.813,-0.004,0.0,0.0,0.0,0.0,0.0,0.0,0.0,0.0,0.0,0.0,0.0,0.0,0.0,0.0,0.0,0.0,0.017,0.031,0.011,0.035,0.0,0.0,0.0,0.0,0.0,0.0,0.0,0.0,0.0,0.0,0.0,0.0,0.0,0.0,0.0,0.0,0.147,-0.149,-0.148,-0.074,0.001,0.149,-0.148,0.149,-0.025,0.01,0.0,0.0,0.034,0.035,-0.004,-0.0,-0.001,0.0
9072007,1913,0.0,1.0,1.0,1.0,100.0,0.0,0.0,0.0,0.0,0.0,0.0,33.968,35.139,0.012,0.02,0.0,80.0,55.0,1.4,18.234,2.248,68.863,2.752,63.974,72.907,73.968,71.568,64.429,0.0,0.04,0.091,20.0,20.0,90.256,46.518,0.0,74.722,77.124,74.958,79.537,39.881,54.556,47.358,-10.82,49.531,86.75,72.625,72.688,66.063,70.125,0.0,0.0,72.0,70.0,1000.0,200.0,0.0,18.25,69.625,69.125,-0.052,94.375,78.125,66.625,81.5,0.0,100.0,72.0,70.0,1000.0,200.0,-0.002,0.0,76.875,77.125,0.01,76.5,75.188,64.938,74.688,0.0,62.438,72.0,70.0,1000.0,200.0,-0.001,0.0,76.188,76.563,0.019,74.25,75.75,66.5,73.75,0.0,27.0,72.0,70.0,1000.0,200.0,0.0,0.0,74.563,74.813,-0.004,0.0,0.0,0.0,0.0,0.0,0.0,0.0,0.0,0.0,0.0,0.0,0.0,0.0,0.0,0.0,0.0,0.017,0.031,0.011,0.035,0.0,0.0,0.0,0.0,0.0,0.0,0.0,0.0,0.0,0.0,0.0,0.0,0.0,0.0,0.0,0.0,0.0,-0.149,0.0,0.0,0.149,0.001,-0.148,0.001,-0.013,0.01,0.0,0.0,0.034,0.035,-0.004,-0.0,-0.001,0.0
9072007,1914,0.0,1.0,1.0,1.0,100.0,0.0,0.0,0.0,0.0,0.0,0.0,33.968,35.139,0.012,0.02,0.0,80.0,55.0,1.4,18.234,2.248,67.121,3.625,64.081,72.801,73.863,71.568,64.429,0.0,0.04,0.087,20.0,20.0,89.779,46.546,0.0,74.614,77.124,74.958,79.537,40.027,54.66,47.358,-10.82,49.563,86.5,72.5,72.688,66.188,70.125,0.0,0.0,72.0,70.0,1000.0,200.0,0.0,18.25,69.625,69.125,-0.052,94.25,78.125,66.75,81.5,0.0,100.0,72.0,70.0,1000.0,200.0,-0.002,0.0,76.938,77.313,0.01,76.5,75.188,65.063,74.75,0.0,62.438,72.0,70.0,1000.0,200.0,-0.001,0.0,76.188,76.625,0.019,74.25,75.625,66.5,73.625,0.0,27.0,72.0,70.0,1000.0,200.0,0.0,0.0,74.563,74.813,-0.004,0.0,0.0,0.0,0.0,0.0,0.0,0.0,0.0,0.0,0.0,0.0,0.0,0.0,0.0,0.0,0.0,0.017,0.029,0.011,0.034,0.0,0.0,0.0,0.0,0.0,0.0,0.0,0.0,0.0,0.0,0.0,0.0,0.0,0.0,0.0,0.0,0.147,-0.149,0.0,0.0,0.001,0.149,-0.148,0.149,-0.013,0.01,0.0,0.0,0.034,0.035,-0.004,-0.001,-0.001,0.0
9072007,1915,0.0,1.0,1.0,1.0,100.0,0.0,0.0,0.0,0.0,0.0,0.0,33.968,35.139,0.012,0.02,0.0,80.0,55.0,1.4,18.188,2.248,67.121,1.258,64.189,72.801,73.968,71.674,64.429,0.0,0.04,0.087,20.0,20.0,89.471,46.574,0.0,74.722,77.198,74.958,79.464,40.101,54.765,47.504,-10.82,49.563,86.313,72.5,72.688,66.188,70.125,0.0,0.0,72.0,70.0,1000.0,200.0,0.0,18.234,69.688,69.375,-0.052,93.938,78.125,66.75,81.625,0.0,100.0,72.0,70.0,1000.0,200.0,-0.002,0.0,76.938,77.313,0.01,76.5,75.188,65.063,74.75,0.0,62.438,72.0,70.0,1000.0,200.0,-0.001,0.0,76.188,76.625,0.017,74.25,75.625,66.625,73.75,0.0,27.0,72.0,70.0,1000.0,200.0,-0.001,0.0,74.563,74.813,-0.004,0.0,0.0,0.0,0.0,0.0,0.0,0.0,0.0,0.0,0.0,0.0,0.0,0.0,0.0,0.0,0.0,0.017,0.031,0.011,0.034,0.0,0.0,0.0,0.0,0.0,0.0,0.0,0.0,0.0,0.0,0.0,0.0,0.0,0.0,0.0,0.0,0.147,-0.149,0.0,0.147,0.001,0.149,-0.148,0.149,-0.012,0.01,0.0,0.0,0.034,0.035,-0.002,-0.001,-0.001,0.0
9072007,1916,0.0,1.0,1.0,1.0,100.0,0.0,0.0,0.0,0.0,0.0,0.0,33.968,35.139,0.012,0.02,0.0,80.0,55.0,1.4,18.203,2.248,65.378,2.086,64.189,72.801,73.968,71.568,64.429,0.0,0.04,0.087,20.0,20.0,89.05,46.602,0.0,74.507,77.198,74.958,79.537,40.174,54.765,47.504,-10.82,49.563,86.25,72.5,72.688,66.313,70.25,0.0,0.0,72.0,70.0,1000.0,200.0,0.0,18.219,69.688,69.125,-0.052,93.688,78.0,66.813,81.625,0.0,100.0,72.0,70.0,1000.0,200.0,-0.002,0.0,76.875,77.125,0.01,76.5,75.188,65.125,74.938,0.0,62.438,72.0,70.0,1000.0,200.0,-0.001,0.0,76.375,76.563,0.017,74.25,75.625,66.813,73.75,0.0,27.0,72.0,70.0,1000.0,200.0,0.0,0.0,74.563,74.813,-0.004,0.0,0.0,0.0,0.0,0.0,0.0,0.0,0.0,0.0,0.0,0.0,0.0,0.0,0.0,0.0,0.0,0.017,0.031,0.011,0.034,0.0,0.0,0.0,0.0,0.0,0.0,0.0,0.0,0.0,0.0,0.0,0.0,0.0,0.0,0.0,0.0,0.147,-0.149,0.0,0.0,0.001,0.001,-0.148,0.149,-0.013,0.01,0.0,0.0,0.034,0.035,-0.004,-0.0,-0.0,0.0
9072007,1917,0.0,1.0,1.0,1.0,100.0,0.0,0.0,0.0,0.0,0.0,0.0,35.139,35.139,0.012,0.02,0.0,80.0,55.0,1.4,18.203,2.248,65.378,1.608,64.296,72.801,73.863,71.568,64.429,0.0,0.04,0.091,20.0,20.0,88.77,46.658,0.0,74.614,77.124,74.852,79.537,40.247,54.765,47.577,-10.82,49.625,85.938,72.5,72.688,66.313,70.25,0.0,0.0,72.0,70.0,1000.0,200.0,0.0,18.313,69.688,69.125,-0.052,93.25,78.0,66.938,81.813,0.0,100.0,72.0,70.0,1000.0,200.0,-0.002,0.0,76.938,77.313,0.01,76.5,75.188,65.25,74.75,0.0,62.438,72.0,70.0,1000.0,200.0,-0.001,0.0,76.375,76.625,0.017,74.25,75.75,66.813,73.75,0.0,27.0,72.0,70.0,1000.0,200.0,0.0,0.0,74.563,74.813,-0.004,0.0,0.0,0.0,0.0,0.0,0.0,0.0,0.0,0.0,0.0,0.0,0.0,0.0,0.0,0.0,0.0,0.017,0.031,0.011,0.034,0.0,0.0,0.0,0.0,0.0,0.0,0.0,0.0,0.0,0.0,0.0,0.0,0.0,0.0,0.0,0.0,0.147,-0.149,0.0,0.0,0.001,0.149,-0.148,0.001,-0.013,0.01,0.0,0.0,0.035,0.035,-0.004,-0.001,-0.001,0.0
9072007,1918,0.0,1.0,1.0,1.0,100.0,0.0,0.0,0.0,0.0,0.0,0.0,33.968,35.139,0.012,0.02,0.0,80.0,55.0,1.4,18.297,2.248,65.378,3.55,64.296,72.695,73.863,71.568,64.429,0.0,0.04,0.087,20.0,20.0,88.601,46.686,0.0,74.614,77.124,74.852,79.464,40.247,54.869,47.65,-10.82,49.625,85.813,72.438,72.75,66.375,70.25,0.0,0.0,72.0,70.0,1000.0,200.0,0.0,18.266,69.813,69.125,-0.052,92.625,78.0,66.938,81.813,0.0,100.0,72.0,70.0,1000.0,200.0,-0.002,0.0,76.938,77.313,0.01,76.5,75.188,65.25,74.938,0.0,62.438,72.0,70.0,1000.0,200.0,-0.001,0.0,76.188,76.625,0.017,74.375,75.75,66.813,73.75,0.0,27.0,72.0,70.0,1000.0,200.0,0.0,0.0,74.563,74.813,-0.004,0.0,0.0,0.0,0.0,0.0,0.0,0.0,0.0,0.0,0.0,0.0,0.0,0.0,0.0,0.0,0.0,0.017,0.029,0.011,0.034,0.0,0.0,0.0,0.0,0.0,0.0,0.0,0.0,0.0,0.0,0.0,0.0,0.0,0.0,0.0,0.0,0.147,-0.149,0.074,0.0,0.149,0.001,-0.148,0.149,-0.012,0.01,0.0,0.0,0.034,0.035,-0.005,-0.001,-0.001,0.0
9072007,1919,0.0,1.0,1.0,1.0,100.0,0.0,0.0,0.0,0.0,0.0,0.0,33.968,35.139,0.012,0.02,0.0,80.0,55.0,1.4,18.141,2.248,67.121,1.779,64.404,72.695,73.863,71.568,64.429,0.0,0.04,0.087,20.0,20.0,88.209,46.714,0.0,74.614,77.124,75.064,79.464,40.394,54.869,47.65,-10.82,49.656,85.625,72.5,72.438,66.375,70.25,0.0,0.0,72.0,70.0,1000.0,200.0,0.0,18.141,69.688,69.125,-0.052,92.5,78.0,67.25,81.813,0.0,100.0,72.0,70.0,1000.0,200.0,-0.002,0.0,76.938,77.313,0.01,76.5,75.188,65.438,74.938,0.0,62.438,72.0,70.0,1000.0,200.0,-0.001,0.0,76.188,76.625,0.017,74.25,75.75,66.938,73.75,0.0,27.0,72.0,70.0,1000.0,200.0,0.0,0.0,74.563,74.813,-0.004,0.0,0.0,0.0,0.0,0.0,0.0,0.0,0.0,0.0,0.0,0.0,0.0,0.0,0.0,0.0,0.0,0.017,0.031,0.011,0.034,0.0,0.0,0.0,0.0,0.0,0.0,0.0,0.0,0.0,0.0,0.0,0.0,0.0,0.0,0.0,0.0,0.147,-0.149,-0.148,0.0,0.001,0.149,-0.148,0.149,-0.014,0.01,0.0,0.0,0.034,0.035,-0.004,-0.001,-0.001,0.0
9072007,1920,0.0,1.0,1.0,1.0,100.0,0.0,0.0,0.0,0.0,0.0,0.0,35.139,35.139,0.012,0.02,0.0,80.0,55.0,1.4,18.188,2.248,68.863,1.113,64.404,72.695,73.758,71.463,64.429,0.0,0.04,0.087,20.0,20.0,87.928,46.742,0.0,74.614,77.05,74.958,79.464,40.467,54.974,47.723,-10.82,49.688,85.438,72.5,72.688,66.625,70.375,0.0,0.0,72.0,70.0,1000.0,200.0,0.0,18.234,69.688,69.125,-0.052,92.063,77.938,67.25,81.813,0.0,100.0,72.0,70.0,1000.0,200.0,-0.002,0.0,76.938,77.313,0.01,76.563,75.188,65.563,74.938,0.0,62.438,72.0,70.0,1000.0,200.0,-0.001,0.0,76.375,76.625,0.017,74.25,75.75,67.0,73.813,0.0,27.0,72.0,70.0,1000.0,200.0,0.0,0.0,74.688,74.813,-0.004,0.0,0.0,0.0,0.0,0.0,0.0,0.0,0.0,0.0,0.0,0.0,0.0,0.0,0.0,0.0,0.0,0.017,0.031,0.011,0.034,0.0,0.0,0.0,0.0,0.0,0.0,0.0,0.0,0.0,0.0,0.0,0.0,0.0,0.0,0.0,0.0,0.147,-0.149,0.0,0.0,0.149,0.001,-0.148,0.001,-0.014,0.01,0.0,0.0,0.035,0.035,-0.004,-0.001,-0.001,0.0
9072007,1921,0.0,1.0,1.0,1.0,100.0,0.0,0.0,0.0,0.0,0.0,0.0,33.968,35.139,0.012,0.02,0.0,80.0,55.0,1.4,18.188,2.248,65.378,2.291,64.512,72.907,73.968,71.78,64.536,0.0,0.04,0.091,20.0,20.0,87.62,46.798,0.0,74.507,77.05,74.852,79.464,40.54,54.974,47.868,-10.82,49.719,85.188,72.5,72.438,66.625,70.25,0.0,0.0,72.0,70.0,1000.0,200.0,0.0,18.219,69.813,69.375,-0.052,91.563,77.938,67.25,81.625,0.0,100.0,72.0,70.0,1000.0,200.0,-0.002,0.0,76.938,77.313,0.01,76.5,75.188,65.563,75.188,0.0,62.438,72.0,70.0,1000.0,200.0,-0.001,0.0,76.188,76.625,0.017,74.375,75.625,67.0,73.813,0.0,27.0,72.0,70.0,1000.0,200.0,0.0,0.0,74.563,74.813,-0.004,0.0,0.0,0.0,0.0,0.0,0.0,0.0,0.0,0.0,0.0,0.0,0.0,0.0,0.0,0.0,0.0,0.017,0.029,0.011,0.035,0.0,0.0,0.0,0.0,0.0,0.0,0.0,0.0,0.0,0.0,0.0,0.0,0.0,0.0,0.0,0.0,0.147,-0.149,0.0,0.0,0.149,0.001,0.0,0.001,-0.013,0.01,0.0,0.0,0.034,0.035,-0.003,-0.001,-0.001,0.0
9072007,1922,0.0,1.0,1.0,1.0,100.0,0.0,0.0,0.0,0.0,0.0,0.0,33.968,35.139,0.012,0.02,0.0,80.0,55.0,1.4,18.234,2.248,65.378,2.138,64.619,72.695,73.758,71.568,64.536,0.0,0.04,0.087,20.0,20.0,87.339,46.77,0.0,74.507,76.976,74.958,79.39,40.54,55.078,47.868,-10.82,49.75,85.063,72.5,72.375,66.688,70.25,0.0,0.0,72.0,70.0,1000.0,200.0,0.0,18.25,69.688,69.375,-0.052,91.0,77.813,67.313,81.625,0.0,100.0,72.0,70.0,1000.0,200.0,-0.002,0.0,76.938,77.313,0.01,76.5,75.063,65.563,74.938,0.0,62.438,72.0,70.0,1000.0,200.0,-0.001,0.0,76.188,76.625,0.017,74.25,75.625,67.0,73.813,0.0,27.0,72.0,70.0,1000.0,200.0,0.0,0.0,74.563,74.813,-0.004,0.0,0.0,0.0,0.0,0.0,0.0,0.0,0.0,0.0,0.0,0.0,0.0,0.0,0.0,0.0,0.0,0.017,0.031,0.011,0.034,0.0,0.0,0.0,0.0,0.0,0.0,0.0,0.0,0.0,0.0,0.0,0.0,0.0,0.0,0.0,0.0,0.147,-0.149,0.0,0.0,0.001,0.001,-0.148,0.149,-0.014,0.01,0.0,0.0,0.034,0.035,-0.002,-0.001,-0.001,0.0
9072007,1923,0.0,1.0,1.0,1.0,100.0,0.0,0.0,0.0,0.0,0.0,0.0,33.968,35.139,0.022,0.02,0.0,80.0,55.0,1.4,18.078,2.248,61.892,3.593,64.835,72.695,73.758,71.568,64.75,0.0,0.04,0.091,20.0,20.0,86.918,46.854,0.0,74.829,76.976,74.852,79.39,40.687,55.078,47.941,-10.82,49.781,84.875,72.5,72.438,66.688,70.25,0.0,0.0,72.0,70.0,1000.0,200.0,0.0,18.125,69.813,69.375,-0.052,90.625,77.938,67.313,81.813,0.0,100.0,72.0,70.0,1000.0,200.0,-0.002,0.0,76.938,77.375,0.01,76.5,75.188,65.625,75.063,0.0,62.438,72.0,70.0,1000.0,200.0,-0.001,0.0,76.375,76.625,0.017,74.375,75.75,67.125,73.813,0.0,27.0,72.0,70.0,1000.0,200.0,0.0,0.0,74.563,74.813,-0.004,0.0,0.0,0.0,0.0,0.0,0.0,0.0,0.0,0.0,0.0,0.0,0.0,0.0,0.0,0.0,0.0,0.017,0.031,0.011,0.034,0.0,0.0,0.0,0.0,0.0,0.0,0.0,0.0,0.0,0.0,0.0,0.0,0.0,0.0,0.0,0.0,0.147,-0.149,0.0,0.0,0.149,0.001,0.0,0.149,-0.025,0.01,0.0,0.0,0.034,0.035,-0.003,-0.001,-0.001,0.0
9072007,1924,0.0,1.0,1.0,1.0,100.0,0.0,0.0,0.0,0.0,0.0,0.0,33.968,35.139,0.012,0.02,0.0,80.0,55.0,1.4,18.125,2.248,65.378,2.366,64.942,72.695,73.653,71.463,64.643,0.0,0.04,0.091,20.0,20.0,86.75,46.882,0.0,74.722,77.05,74.958,79.39,40.76,55.287,47.941,-10.82,49.844,84.625,72.5,72.375,66.688,70.375,0.0,0.0,72.0,70.0,1000.0,200.0,0.0,18.172,69.688,69.375,-0.052,90.25,77.813,67.313,81.625,0.0,100.0,72.0,70.0,1000.0,200.0,-0.002,0.0,77.125,77.313,0.01,76.5,75.188,65.75,75.063,0.0,62.438,72.0,70.0,1000.0,200.0,-0.001,0.0,76.188,76.688,0.017,74.25,75.75,67.125,74.0,0.0,27.0,72.0,70.0,1000.0,200.0,0.0,0.0,74.563,74.813,-0.004,0.0,0.0,0.0,0.0,0.0,0.0,0.0,0.0,0.0,0.0,0.0,0.0,0.0,0.0,0.0,0.0,0.017,0.031,0.011,0.034,0.0,0.0,0.0,0.0,0.0,0.0,0.0,0.0,0.0,0.0,0.0,0.0,0.0,0.0,0.0,0.0,0.147,-0.149,0.0,0.0,0.001,0.149,-0.148,0.001,-0.013,0.01,0.0,0.0,0.034,0.035,-0.002,-0.0,-0.001,0.0
9072007,1925,0.0,1.0,1.0,1.0,100.0,0.0,0.0,0.0,0.0,0.0,0.0,33.968,35.139,0.012,0.02,0.0,80.0,55.0,1.4,18.125,2.248,81.039,2.134,64.727,72.695,73.653,71.357,64.536,0.0,0.04,0.087,20.0,20.0,86.442,46.91,0.0,74.507,77.05,74.852,79.39,40.833,55.287,48.014,-10.82,49.875,84.375,72.5,72.438,66.813,70.375,0.0,0.0,72.0,70.0,1000.0,200.0,0.0,18.188,69.813,69.375,-0.052,90.063,77.688,67.438,81.5,0.0,100.0,72.0,70.0,1000.0,200.0,-0.002,0.0,77.125,77.313,0.01,76.5,75.188,65.75,74.938,0.0,62.438,72.0,70.0,1000.0,200.0,-0.001,0.0,76.375,76.625,0.017,74.25,75.75,67.25,74.0,0.0,27.0,72.0,70.0,1000.0,200.0,0.0,0.0,74.563,74.813,-0.004,0.0,0.0,0.0,0.0,0.0,0.0,0.0,0.0,0.0,0.0,0.0,0.0,0.0,0.0,0.0,0.0,0.017,0.029,0.011,0.034,0.0,0.0,0.0,0.0,0.0,0.0,0.0,0.0,0.0,0.0,0.0,0.0,0.0,0.0,0.0,0.0,0.0,-0.149,-0.148,0.0,0.149,0.001,-0.148,0.001,-0.013,0.01,0.0,0.0,0.034,0.035,-0.003,-0.0,-0.001,0.0
9072007,1926,0.0,1.0,1.0,1.0,100.0,0.0,0.0,0.0,0.0,0.0,0.0,33.968,35.139,0.022,0.02,0.0,80.0,55.0,1.4,18.078,2.248,79.302,2.353,64.942,72.695,73.653,71.568,64.429,0.0,0.04,0.087,20.0,20.0,85.937,46.966,0.0,74.507,76.976,74.958,79.39,40.906,55.183,48.087,-10.828,49.875,83.938,72.5,72.438,66.938,70.375,0.0,0.0,72.0,70.0,1000.0,200.0,0.0,18.156,69.813,69.375,-0.052,89.625,77.5,67.313,81.438,0.0,100.0,72.0,70.0,1000.0,200.0,-0.002,0.0,76.938,77.375,0.01,76.5,75.188,65.75,74.938,0.0,62.438,72.0,70.0,1000.0,200.0,-0.001,0.0,76.375,76.625,0.013,74.375,75.75,67.375,74.0,0.0,27.0,72.0,70.0,1000.0,200.0,0.0,0.0,74.688,74.813,-0.004,0.0,0.0,0.0,0.0,0.0,0.0,0.0,0.0,0.0,0.0,0.0,0.0,0.0,0.0,0.0,0.0,0.017,0.031,0.011,0.034,0.0,0.0,0.0,0.0,0.0,0.0,0.0,0.0,0.0,0.0,0.0,0.0,0.0,0.0,0.0,0.0,0.147,-0.149,0.0,0.0,0.149,0.001,0.0,0.001,-0.026,0.01,0.0,0.0,0.034,0.035,-0.003,-0.001,-0.0,0.0
9072007,1927,0.0,1.0,1.0,1.0,100.0,0.0,0.0,0.0,0.0,0.0,0.0,33.968,35.139,0.012,0.02,0.0,80.0,55.0,1.4,18.25,2.248,79.302,1.252,64.942,72.695,73.548,71.463,64.429,0.0,0.04,0.091,20.0,20.0,85.488,46.994,0.0,74.507,76.902,74.852,79.242,40.833,55.287,48.014,-10.82,49.813,83.688,72.5,72.438,66.938,70.375,0.0,0.0,72.0,70.0,1000.0,200.0,0.0,18.047,69.813,69.438,-0.052,89.563,77.313,67.313,81.25,0.0,100.0,72.0,70.0,1000.0,200.0,-0.002,0.0,77.125,77.375,0.01,76.5,75.188,65.875,74.938,0.0,62.438,72.0,70.0,1000.0,200.0,-0.001,0.0,76.188,76.625,0.017,74.25,75.75,67.375,74.0,0.0,27.0,72.0,70.0,1000.0,200.0,0.0,0.0,74.563,74.75,-0.004,0.0,0.0,0.0,0.0,0.0,0.0,0.0,0.0,0.0,0.0,0.0,0.0,0.0,0.0,0.0,0.0,0.017,0.031,0.011,0.034,0.0,0.0,0.0,0.0,0.0,0.0,0.0,0.0,0.0,0.0,0.0,0.0,0.0,0.0,0.0,0.0,0.147,-0.149,0.0,0.0,0.149,0.001,0.0,0.001,-0.014,0.01,0.0,0.0,0.034,0.035,-0.003,-0.0,-0.001,0.0
9072007,1928,0.0,1.0,1.0,1.0,100.0,0.0,0.0,0.0,0.0,0.0,0.0,33.968,35.139,0.012,0.02,0.0,80.0,55.0,1.4,18.063,2.248,74.085,2.193,64.942,72.589,73.653,71.463,64.215,0.0,0.04,0.091,20.0,20.0,85.011,47.022,0.0,74.399,77.05,74.852,79.316,40.98,55.287,48.16,-10.82,49.813,83.5,72.5,72.438,66.813,70.375,0.0,0.0,72.0,70.0,1000.0,200.0,0.0,18.141,69.813,69.375,-0.052,89.125,77.188,67.313,81.0,0.0,100.0,72.0,70.0,1000.0,200.0,-0.002,0.0,77.125,77.375,0.009,76.5,75.063,65.875,74.938,0.0,62.438,72.0,70.0,1000.0,200.0,-0.001,0.0,76.188,76.625,0.017,74.25,75.813,67.375,74.0,0.0,27.0,72.0,70.0,1000.0,200.0,0.0,0.0,74.563,74.813,-0.004,0.0,0.0,0.0,0.0,0.0,0.0,0.0,0.0,0.0,0.0,0.0,0.0,0.0,0.0,0.0,0.0,0.017,0.031,0.011,0.034,0.0,0.0,0.0,0.0,0.0,0.0,0.0,0.0,0.0,0.0,0.0,0.0,0.0,0.0,0.0,0.0,0.0,-0.149,-0.148,0.0,0.149,0.149,-0.148,0.149,-0.012,0.01,0.0,0.0,0.034,0.035,-0.003,-0.0,-0.001,0.0
9072007,1929,0.0,1.0,1.0,1.0,100.0,0.0,0.0,0.0,0.0,0.0,0.0,33.968,35.139,0.012,0.02,0.0,80.0,55.0,1.4,18.094,2.248,75.824,2.767,65.05,72.589,73.548,71.463,64.429,0.0,0.04,0.087,20.0,20.0,84.506,47.078,0.0,74.507,76.828,74.852,79.316,41.126,55.392,48.232,-10.82,49.781,83.313,72.5,72.438,67.0,70.375,0.0,0.0,72.0,70.0,1000.0,200.0,0.0,18.141,69.875,69.375,-0.052,89.0,77.125,67.438,80.875,0.0,100.0,72.0,70.0,1000.0,200.0,-0.002,0.0,77.125,77.375,0.009,76.5,75.188,66.063,74.938,0.0,62.438,72.0,70.0,1000.0,200.0,-0.001,0.0,76.375,76.625,0.017,74.25,75.75,67.5,74.0,0.0,27.0,72.0,70.0,1000.0,200.0,0.0,0.0,74.563,74.813,-0.004,0.0,0.0,0.0,0.0,0.0,0.0,0.0,0.0,0.0,0.0,0.0,0.0,0.0,0.0,0.0,0.0,0.017,0.031,0.011,0.034,0.0,0.0,0.0,0.0,0.0,0.0,0.0,0.0,0.0,0.0,0.0,0.0,0.0,0.0,0.0,0.0,0.147,-0.149,0.0,0.0,0.001,0.149,-0.148,0.149,-0.015,0.01,0.0,0.0,0.034,0.035,-0.004,-0.0,-0.001,0.0
9072007,1930,0.0,1.0,1.0,1.0,100.0,0.0,0.0,0.0,0.0,0.0,0.0,33.968,35.139,0.012,0.02,0.0,80.0,55.0,1.4,18.094,2.248,74.085,3.1,65.158,72.589,73.548,71.568,64.322,0.0,0.04,0.091,20.0,20.0,84.366,47.05,0.0,74.507,77.05,74.958,79.39,41.126,55.496,48.305,-10.82,49.813,83.188,72.5,72.438,67.0,70.375,0.0,0.0,72.0,70.0,1000.0,200.0,0.0,18.203,69.875,69.375,-0.052,88.938,77.125,67.438,80.813,0.0,100.0,72.0,70.0,1000.0,200.0,-0.002,0.0,77.25,77.375,0.01,76.5,75.188,66.063,74.75,0.0,62.438,72.0,70.0,1000.0,200.0,-0.001,0.0,76.375,76.625,0.017,74.25,75.75,67.5,74.0,0.0,27.0,72.0,70.0,1000.0,200.0,-0.001,0.0,74.563,74.813,-0.004,0.0,0.0,0.0,0.0,0.0,0.0,0.0,0.0,0.0,0.0,0.0,0.0,0.0,0.0,0.0,0.0,0.017,0.031,0.011,0.034,0.0,0.0,0.0,0.0,0.0,0.0,0.0,0.0,0.0,0.0,0.0,0.0,0.0,0.0,0.0,0.0,0.0,-0.149,-0.148,0.0,0.001,0.001,-0.148,0.001,-0.013,0.01,0.0,0.0,0.034,0.035,-0.004,-0.0,-0.001,0.0
9072007,1931,0.0,1.0,1.0,1.0,100.0,0.0,0.0,0.0,0.0,0.0,0.0,33.968,35.139,0.012,0.02,0.0,80.0,55.0,1.4,18.234,2.248,74.085,2.109,65.158,72.589,73.548,71.568,64.322,0.0,0.04,0.087,20.0,20.0,83.946,47.106,0.0,74.399,76.902,74.958,79.316,41.273,55.601,48.378,-10.828,49.813,83.125,72.5,72.375,67.0,70.375,0.0,0.0,72.0,70.0,1000.0,200.0,0.0,18.234,69.875,69.438,-0.052,88.625,76.875,67.438,80.813,0.0,100.0,72.0,70.0,1000.0,200.0,-0.002,0.0,77.125,77.375,0.01,76.5,75.188,66.125,74.938,0.0,62.438,72.0,70.0,1000.0,200.0,-0.001,0.0,76.188,76.563,0.017,74.25,75.75,67.625,74.0,0.0,27.0,72.0,70.0,1000.0,200.0,-0.001,0.0,74.563,74.813,-0.004,0.0,0.0,0.0,0.0,0.0,0.0,0.0,0.0,0.0,0.0,0.0,0.0,0.0,0.0,0.0,0.0,0.017,0.031,0.011,0.035,0.0,0.0,0.0,0.0,0.0,0.0,0.0,0.0,0.0,0.0,0.0,0.0,0.0,0.0,0.0,0.0,0.0,-0.001,0.0,0.147,0.224,0.001,0.0,0.149,-0.015,0.01,0.0,0.0,0.034,0.035,-0.003,-0.0,-0.001,0.0
9072007,1932,0.0,1.0,1.0,1.0,100.0,0.0,0.0,0.0,0.0,0.0,0.0,33.968,35.139,0.012,0.005,0.0,80.0,55.0,1.4,18.234,2.248,72.345,3.243,65.265,72.482,73.548,71.568,64.322,0.0,0.04,0.087,20.0,20.0,83.637,47.134,0.0,74.399,76.976,74.852,79.316,41.419,55.496,48.451,-10.82,49.813,83.0,72.5,72.375,67.188,70.5,0.0,0.0,72.0,70.0,1000.0,200.0,0.0,18.188,69.875,69.438,-0.052,88.375,77.125,67.563,80.688,0.0,100.0,72.0,70.0,1000.0,200.0,-0.002,0.0,77.25,77.375,0.01,76.5,75.063,66.25,74.75,0.0,62.438,72.0,70.0,1000.0,200.0,-0.001,0.0,76.375,76.625,0.013,74.25,75.75,67.625,74.0,0.0,27.0,72.0,70.0,1000.0,200.0,0.0,0.0,74.563,74.813,-0.004,0.0,0.0,0.0,0.0,0.0,0.0,0.0,0.0,0.0,0.0,0.0,0.0,0.0,0.0,0.0,0.0,0.017,0.031,0.011,0.035,0.0,0.0,0.0,0.0,0.0,0.0,0.0,0.0,0.0,0.0,0.0,0.0,0.0,0.0,0.0,0.0,0.0,-0.149,-0.148,0.0,0.001,0.001,-0.148,0.149,-0.013,0.002,0.0,0.0,0.034,0.035,-0.003,-0.0,-0.0,0.0
9072007,1933,0.0,1.0,1.0,1.0,100.0,0.0,0.0,0.0,0.0,0.0,0.0,33.968,35.139,0.012,0.02,0.0,80.0,55.0,1.4,18.172,2.248,72.345,1.518,65.265,72.482,73.548,71.568,64.322,0.0,0.04,0.087,20.0,20.0,83.357,47.162,0.0,74.399,76.902,74.852,79.316,41.419,55.705,48.451,-10.828,49.844,82.938,72.5,72.375,67.188,70.375,0.0,0.0,72.0,70.0,1000.0,200.0,0.0,18.188,69.875,69.438,-0.052,88.25,77.125,67.563,80.688,0.0,100.0,72.0,70.0,1000.0,200.0,-0.002,0.0,77.25,77.375,0.01,76.5,75.188,66.25,74.938,0.0,62.438,72.0,70.0,1000.0,200.0,-0.001,0.0,76.188,76.625,0.021,74.25,75.75,67.688,74.125,0.0,27.0,72.0,70.0,1000.0,200.0,0.0,0.0,74.563,74.813,-0.004,0.0,0.0,0.0,0.0,0.0,0.0,0.0,0.0,0.0,0.0,0.0,0.0,0.0,0.0,0.0,0.0,0.017,0.031,0.011,0.034,0.0,0.0,0.0,0.0,0.0,0.0,0.0,0.0,0.0,0.0,0.0,0.0,0.0,0.0,0.0,0.0,0.0,-0.149,-0.148,0.0,0.001,0.001,-0.148,0.149,-0.014,0.01,0.0,0.0,0.034,0.035,-0.003,-0.0,-0.001,0.0
9072007,1934,0.0,1.0,1.0,1.0,100.0,0.0,0.0,0.0,0.0,0.0,0.0,33.968,35.139,0.012,0.02,0.0,80.0,55.0,1.4,18.156,2.248,70.604,2.319,65.265,72.376,73.337,71.463,64.215,0.0,0.04,0.087,20.0,20.0,83.132,47.218,0.0,74.292,76.976,74.852,79.316,41.346,55.705,48.451,-10.82,49.875,82.813,72.438,72.375,67.188,70.5,0.0,0.0,72.0,70.0,1000.0,200.0,0.0,18.063,69.875,69.438,-0.052,87.938,77.125,67.563,80.688,0.0,100.0,72.0,70.0,1000.0,200.0,-0.002,0.0,77.25,77.375,0.01,76.5,75.188,66.313,74.75,0.0,62.438,72.0,70.0,1000.0,200.0,-0.001,0.0,76.375,76.625,0.017,74.25,75.813,67.688,74.125,0.0,27.0,72.0,70.0,1000.0,200.0,0.0,0.0,74.688,74.813,-0.004,0.0,0.0,0.0,0.0,0.0,0.0,0.0,0.0,0.0,0.0,0.0,0.0,0.0,0.0,0.0,0.0,0.017,0.031,0.011,0.034,0.0,0.0,0.0,0.0,0.0,0.0,0.0,0.0,0.0,0.0,0.0,0.0,0.0,0.0,0.0,0.0,0.147,-0.149,0.0,0.0,0.001,0.149,-0.148,0.149,-0.013,0.01,0.0,0.0,0.034,0.035,-0.003,-0.0,-0.001,0.0
9072007,1935,0.0,1.0,1.0,1.0,100.0,0.0,0.0,0.0,0.0,0.0,0.0,33.968,35.139,0.012,0.02,0.0,80.0,55.0,1.4,18.156,2.248,74.085,2.182,65.48,72.482,73.443,71.463,64.322,0.0,0.04,0.091,20.0,20.0,82.852,47.218,0.0,74.507,76.902,74.852,79.242,41.493,55.705,48.524,-10.82,49.906,82.75,72.438,72.375,67.313,70.375,0.0,0.0,72.0,70.0,1000.0,200.0,0.0,18.047,69.875,69.438,-0.052,87.875,77.125,67.688,80.563,0.0,100.0,72.0,70.0,1000.0,200.0,-0.002,0.0,77.25,77.375,0.01,76.5,75.063,66.375,74.75,0.0,62.438,72.0,70.0,1000.0,200.0,-0.001,0.0,76.375,76.688,0.017,74.25,75.813,67.75,74.125,0.0,27.0,72.0,70.0,1000.0,200.0,-0.001,0.0,74.563,74.813,-0.004,0.0,0.0,0.0,0.0,0.0,0.0,0.0,0.0,0.0,0.0,0.0,0.0,0.0,0.0,0.0,0.0,0.017,0.031,0.011,0.034,0.0,0.0,0.0,0.0,0.0,0.0,0.0,0.0,0.0,0.0,0.0,0.0,0.0,0.0,0.0,0.0,0.147,-0.223,0.0,0.0,0.149,0.149,-0.148,0.149,-0.014,0.01,0.0,0.0,0.034,0.035,-0.003,-0.0,-0.001,0.0
9072007,1936,0.0,1.0,1.0,1.0,100.0,0.0,0.0,0.0,0.0,0.0,0.0,33.968,35.139,0.012,0.02,0.0,80.0,55.0,1.4,18.109,2.248,72.345,2.23,65.48,72.482,73.443,71.463,64.429,0.0,0.04,0.087,20.0,20.0,82.74,47.246,0.0,74.399,76.902,74.852,79.316,41.639,55.705,48.597,-10.828,49.875,82.688,72.5,72.25,67.313,70.375,0.0,0.0,72.0,70.0,1000.0,200.0,0.0,18.031,70.0,69.438,-0.052,87.688,77.188,67.688,80.563,0.0,100.0,72.0,70.0,1000.0,200.0,-0.002,0.0,77.25,77.5,0.01,76.5,75.063,66.313,74.938,0.0,62.438,72.0,70.0,1000.0,200.0,-0.001,0.0,76.375,76.625,0.017,74.25,75.75,67.75,74.125,0.0,27.0,72.0,70.0,1000.0,200.0,0.0,0.0,74.563,74.813,-0.004,0.0,0.0,0.0,0.0,0.0,0.0,0.0,0.0,0.0,0.0,0.0,0.0,0.0,0.0,0.0,0.0,0.017,0.031,0.011,0.034,0.0,0.0,0.0,0.0,0.0,0.0,0.0,0.0,0.0,0.0,0.0,0.0,0.0,0.0,0.0,0.0,0.147,-0.149,0.0,0.0,0.149,0.001,-0.148,0.149,-0.014,0.01,0.0,0.0,0.034,0.035,-0.004,-0.0,-0.001,0.0
9072007,1937,0.0,1.0,1.0,1.0,100.0,0.0,0.0,0.0,0.0,0.0,0.0,33.968,35.139,0.022,0.02,0.0,80.0,55.0,1.4,18.109,2.248,68.863,1.046,65.48,72.695,73.653,71.463,64.322,0.0,0.04,0.087,20.0,20.0,82.515,47.302,0.0,74.292,76.902,74.746,79.316,41.639,55.81,48.597,-10.828,49.938,82.5,72.438,72.375,67.313,70.375,0.0,0.0,72.0,70.0,1000.0,200.0,0.0,18.063,69.875,69.438,-0.052,87.438,77.188,67.813,80.438,0.0,100.0,72.0,70.0,1000.0,200.0,-0.002,0.0,77.25,77.5,0.01,76.375,75.188,66.375,74.938,0.0,62.438,72.0,70.0,1000.0,200.0,-0.001,0.0,76.188,76.625,0.011,74.25,75.75,68.0,74.125,0.0,27.0,72.0,70.0,1000.0,200.0,0.0,0.0,74.688,74.813,-0.004,0.0,0.0,0.0,0.0,0.0,0.0,0.0,0.0,0.0,0.0,0.0,0.0,0.0,0.0,0.0,0.0,0.017,0.031,0.011,0.034,0.0,0.0,0.0,0.0,0.0,0.0,0.0,0.0,0.0,0.0,0.0,0.0,0.0,0.0,0.0,0.0,0.147,-0.149,-0.148,0.147,0.001,0.001,-0.148,0.001,-0.025,0.01,0.0,0.0,0.034,0.035,-0.003,-0.0,-0.001,0.0
9072007,1938,0.0,1.0,1.0,1.0,100.0,0.0,0.0,0.0,0.0,0.0,0.0,35.139,35.139,0.012,0.02,0.0,80.0,55.0,1.4,18.094,2.248,70.604,2.162,65.588,72.695,73.653,71.357,64.429,0.0,0.04,0.087,20.0,20.0,82.347,47.33,0.0,74.399,76.828,74.746,79.168,41.712,55.81,48.742,-10.82,49.938,82.5,72.438,72.375,67.438,70.5,0.0,0.0,72.0,70.0,1000.0,200.0,0.0,18.141,70.0,69.625,-0.052,87.188,77.188,67.938,80.313,0.0,100.0,72.0,70.0,1000.0,200.0,-0.002,0.0,77.313,77.5,0.01,76.563,75.188,66.375,74.938,0.0,62.438,72.0,70.0,1000.0,200.0,-0.001,0.0,76.375,76.625,0.021,74.25,75.75,68.0,74.125,0.0,27.0,72.0,70.0,1000.0,200.0,0.0,0.0,74.563,74.813,-0.004,0.0,0.0,0.0,0.0,0.0,0.0,0.0,0.0,0.0,0.0,0.0,0.0,0.0,0.0,0.0,0.0,0.017,0.031,0.011,0.034,0.0,0.0,0.0,0.0,0.0,0.0,0.0,0.0,0.0,0.0,0.0,0.0,0.0,0.0,0.0,0.0,0.0,-0.149,-0.148,0.0,0.149,0.001,-0.148,0.001,-0.013,0.01,0.0,0.0,0.035,0.035,-0.003,-0.0,-0.001,0.0
9072007,1939,0.0,1.0,1.0,1.0,100.0,0.0,0.0,0.0,0.0,0.0,0.0,33.968,35.139,0.012,0.02,0.0,80.0,55.0,1.4,18.125,2.248,70.604,1.143,65.588,72.376,73.337,71.463,64.322,0.0,0.036,0.091,20.0,20.0,82.066,47.33,0.0,74.399,76.902,74.746,79.242,41.786,56.018,48.742,-10.828,49.969,82.25,72.438,72.25,67.438,70.5,0.0,0.0,72.0,70.0,1000.0,200.0,0.0,18.0,70.0,69.438,-0.052,87.125,77.125,67.813,80.313,0.0,100.0,72.0,70.0,1000.0,200.0,-0.002,0.0,77.25,77.5,0.01,76.375,75.188,66.375,74.938,0.0,62.438,72.0,70.0,1000.0,200.0,-0.001,0.0,76.375,76.625,0.017,74.25,75.75,68.063,74.313,0.0,27.0,72.0,70.0,1000.0,200.0,-0.001,0.0,74.688,74.813,-0.004,0.0,0.0,0.0,0.0,0.0,0.0,0.0,0.0,0.0,0.0,0.0,0.0,0.0,0.0,0.0,0.0,0.017,0.031,0.01,0.034,0.0,0.0,0.0,0.0,0.0,0.0,0.0,0.0,0.0,0.0,0.0,0.0,0.0,0.0,0.0,0.0,0.147,-0.149,0.0,0.0,0.149,0.001,-0.148,0.001,-0.013,0.01,0.0,0.0,0.034,0.035,-0.004,-0.0,-0.001,0.0
9072007,1940,0.0,1.0,1.0,1.0,100.0,0.0,0.0,0.0,0.0,0.0,0.0,33.968,35.139,0.012,0.02,0.0,80.0,55.0,1.4,18.125,2.248,77.563,1.693,65.696,72.482,73.443,71.463,64.322,0.0,0.04,0.091,20.0,20.0,81.842,47.386,0.0,74.292,76.754,74.852,79.168,41.859,55.914,48.742,-10.828,50.0,82.063,72.438,72.25,67.563,70.375,0.0,0.0,72.0,70.0,1000.0,200.0,0.0,18.094,70.0,69.438,-0.052,87.063,77.188,67.938,80.188,0.0,100.0,72.0,70.0,1000.0,200.0,-0.002,0.0,77.313,77.5,0.01,76.375,75.063,66.375,74.75,0.0,62.438,72.0,70.0,1000.0,200.0,-0.001,0.0,76.375,76.688,0.017,74.25,75.75,68.188,74.313,0.0,27.0,72.0,70.0,1000.0,200.0,0.0,0.0,74.563,74.813,-0.004,0.0,0.0,0.0,0.0,0.0,0.0,0.0,0.0,0.0,0.0,0.0,0.0,0.0,0.0,0.0,0.0,0.017,0.031,0.011,0.034,0.0,0.0,0.0,0.0,0.0,0.0,0.0,0.0,0.0,0.0,0.0,0.0,0.0,0.0,0.0,0.0,0.147,-0.149,0.0,0.0,0.149,0.001,0.074,0.149,-0.015,0.01,0.0,0.0,0.034,0.035,-0.004,-0.0,-0.001,0.0
9072007,1941,0.0,1.0,1.0,1.0,100.0,0.0,0.0,0.0,0.0,0.0,0.0,33.968,35.139,0.022,0.034,0.0,80.0,55.0,1.4,18.078,2.248,77.563,2.111,65.696,72.376,73.337,71.463,64.322,0.0,0.036,0.091,20.0,20.0,81.618,47.414,0.0,74.399,76.754,74.852,79.168,41.932,56.018,48.888,-10.82,50.0,81.75,72.5,72.375,67.563,70.5,0.0,0.0,72.0,70.0,1000.0,200.0,0.0,18.063,70.0,69.625,-0.052,86.813,77.313,67.938,80.125,0.0,100.0,72.0,70.0,1000.0,200.0,-0.002,0.0,77.25,77.5,0.01,76.375,75.188,66.375,74.938,0.0,62.438,72.0,70.0,1000.0,200.0,-0.001,0.0,76.375,76.625,0.017,74.188,75.813,68.188,74.313,0.0,27.0,72.0,70.0,1000.0,200.0,0.0,0.0,74.688,74.813,-0.004,0.0,0.0,0.0,0.0,0.0,0.0,0.0,0.0,0.0,0.0,0.0,0.0,0.0,0.0,0.0,0.0,0.017,0.031,0.011,0.034,0.0,0.0,0.0,0.0,0.0,0.0,0.0,0.0,0.0,0.0,0.0,0.0,0.0,0.0,0.0,0.0,0.147,-0.149,-0.148,0.0,0.149,0.149,0.0,0.001,-0.028,0.017,0.0,0.0,0.034,0.035,-0.003,-0.0,-0.001,0.0
9072007,1942,0.0,1.0,1.0,1.0,100.0,0.0,0.0,0.0,0.0,0.0,0.0,33.968,35.139,0.012,0.02,0.0,80.0,55.0,1.4,18.156,2.248,77.563,2.249,65.696,72.376,73.337,71.463,64.215,0.0,0.04,0.091,20.0,20.0,81.365,47.498,0.0,74.292,76.828,74.746,79.242,42.005,56.018,48.888,-10.82,50.031,81.688,72.438,72.375,67.625,70.375,0.0,0.0,72.0,70.0,1000.0,200.0,0.0,17.875,70.0,69.438,-0.052,86.75,77.313,67.938,79.938,0.0,100.0,72.0,70.0,1000.0,200.0,-0.002,0.0,77.313,77.5,0.01,76.375,75.063,66.625,74.75,0.0,62.438,72.0,70.0,1000.0,200.0,-0.001,0.0,76.375,76.688,0.017,74.188,75.813,68.188,74.313,0.0,27.0,72.0,70.0,1000.0,200.0,0.0,0.0,74.688,74.813,-0.004,0.0,0.0,0.0,0.0,0.0,0.0,0.0,0.0,0.0,0.0,0.0,0.0,0.0,0.0,0.0,0.0,0.017,0.031,0.011,0.034,0.0,0.0,0.0,0.0,0.0,0.0,0.0,0.0,0.0,0.0,0.0,0.0,0.0,0.0,0.0,0.0,0.147,-0.149,0.0,0.0,0.149,0.001,0.0,0.001,-0.014,0.01,0.0,0.0,0.034,0.035,-0.004,-0.0,-0.001,0.0
9072007,1943,0.0,1.0,1.0,1.0,100.0,0.0,0.0,0.0,0.0,0.0,0.0,33.968,35.139,0.012,0.02,0.0,80.0,55.0,1.4,17.984,2.248,75.824,2.919,65.803,72.376,73.337,71.357,64.215,0.0,0.04,0.091,20.0,20.0,81.001,47.498,0.0,74.292,76.754,74.746,79.242,42.079,56.018,48.961,-10.82,50.031,81.5,72.438,72.25,67.625,70.5,0.0,0.0,72.0,70.0,1000.0,200.0,0.0,17.938,70.188,69.438,-0.052,86.563,77.313,67.938,79.938,0.0,100.0,72.0,70.0,1000.0,200.0,-0.002,0.0,77.313,77.5,0.01,76.5,75.188,66.688,74.75,0.0,62.438,72.0,70.0,1000.0,200.0,-0.001,0.0,76.375,76.625,0.017,74.25,75.75,68.188,74.313,0.0,27.0,72.0,70.0,1000.0,200.0,0.0,0.0,74.563,74.813,-0.004,0.0,0.0,0.0,0.0,0.0,0.0,0.0,0.0,0.0,0.0,0.0,0.0,0.0,0.0,0.0,0.0,0.017,0.031,0.011,0.034,0.0,0.0,0.0,0.0,0.0,0.0,0.0,0.0,0.0,0.0,0.0,0.0,0.0,0.0,0.0,0.0,0.147,-0.149,-0.148,0.0,0.001,0.149,-0.148,0.149,-0.015,0.01,0.0,0.0,0.034,0.035,-0.006,-0.0,-0.001,0.0
9072007,1944,0.0,1.0,1.0,1.0,100.0,0.0,0.0,0.0,0.0,0.0,0.0,33.968,35.139,0.012,0.02,0.0,80.0,55.0,1.4,18.063,3.37,96.651,1.805,65.803,72.695,73.548,71.568,64.215,0.0,0.04,0.091,20.0,20.0,80.636,47.47,0.0,74.184,76.828,74.746,79.168,42.152,56.123,49.034,-10.82,50.094,80.938,72.438,72.375,67.625,70.563,0.0,0.0,72.0,70.0,1000.0,200.0,0.0,17.969,70.188,69.625,-0.052,86.25,77.313,67.938,79.75,0.0,100.0,72.0,70.0,1000.0,200.0,-0.002,0.0,77.438,77.5,0.01,76.375,75.063,66.688,74.75,0.0,62.438,72.0,70.0,1000.0,200.0,-0.001,0.0,76.375,76.625,0.017,74.188,75.75,68.313,74.313,0.0,27.0,72.0,70.0,1000.0,200.0,0.0,0.0,74.688,74.813,-0.004,0.0,0.0,0.0,0.0,0.0,0.0,0.0,0.0,0.0,0.0,0.0,0.0,0.0,0.0,0.0,0.0,0.017,0.031,0.011,0.035,0.0,0.0,0.0,0.0,0.0,0.0,0.0,0.0,0.0,0.0,0.0,0.0,0.0,0.0,0.0,0.0,0.0,-0.149,-0.148,0.0,0.001,0.149,-0.148,0.149,-0.013,0.01,0.0,0.0,0.034,0.035,-0.004,-0.0,-0.001,0.0
9072007,1945,0.0,1.0,1.0,1.0,100.0,0.0,0.0,0.0,0.0,0.0,0.0,33.968,35.139,0.022,0.02,0.0,80.0,55.0,1.4,17.969,2.248,77.563,1.23,65.911,72.482,73.337,71.463,64.215,0.0,0.04,0.087,20.0,20.0,80.468,47.47,0.0,74.292,76.754,74.746,79.168,42.225,56.123,49.106,-10.82,50.0,80.875,72.438,72.375,67.625,70.5,0.0,0.0,72.0,70.0,1000.0,200.0,0.0,18.094,70.188,69.438,-0.052,86.063,77.375,67.938,79.563,0.0,100.0,72.0,70.0,1000.0,200.0,-0.002,0.0,77.313,77.563,0.009,76.375,75.063,66.813,74.688,0.0,62.438,72.0,70.0,1000.0,200.0,-0.001,0.0,76.375,76.625,0.017,74.188,75.813,68.313,74.313,0.0,27.0,72.0,70.0,1000.0,200.0,0.0,0.0,74.688,74.813,-0.004,0.0,0.0,0.0,0.0,0.0,0.0,0.0,0.0,0.0,0.0,0.0,0.0,0.0,0.0,0.0,0.0,0.017,0.031,0.011,0.034,0.0,0.0,0.0,0.0,0.0,0.0,0.0,0.0,0.0,0.0,0.0,0.0,0.0,0.0,0.0,0.0,0.147,-0.149,0.0,0.0,0.149,0.149,-0.148,0.149,-0.026,0.01,0.0,0.0,0.034,0.035,-0.006,-0.0,-0.001,0.0
9072007,1946,0.0,1.0,1.0,1.0,100.0,0.0,0.0,0.0,0.0,0.0,0.0,33.968,35.139,0.012,0.02,0.0,80.0,55.0,1.4,17.969,2.248,61.892,2.272,66.234,72.482,73.443,71.463,64.322,0.0,0.036,0.087,20.0,20.0,80.047,47.47,0.0,74.399,76.828,74.746,79.168,42.298,56.227,49.106,-10.828,50.031,81.125,72.438,72.375,67.813,70.563,0.0,0.0,72.0,70.0,1000.0,200.0,0.0,17.984,70.188,69.625,-0.052,85.938,77.313,68.063,79.688,0.0,100.0,72.0,70.0,1000.0,200.0,-0.002,0.0,77.438,77.5,0.009,76.375,75.063,66.813,74.563,0.0,62.438,72.0,70.0,1000.0,200.0,-0.001,0.0,76.375,76.563,0.017,74.188,75.813,68.375,74.313,0.0,27.0,72.0,70.0,1000.0,200.0,0.0,0.0,74.688,74.75,-0.004,0.0,0.0,0.0,0.0,0.0,0.0,0.0,0.0,0.0,0.0,0.0,0.0,0.0,0.0,0.0,0.0,0.017,0.031,0.011,0.034,0.0,0.0,0.0,0.0,0.0,0.0,0.0,0.0,0.0,0.0,0.0,0.0,0.0,0.0,0.0,0.0,0.147,-0.149,0.0,0.0,0.001,0.149,-0.148,0.149,-0.013,0.01,0.0,0.0,0.034,0.035,-0.004,-0.0,-0.0,0.0
9072007,1947,0.0,1.0,1.0,1.0,100.0,0.0,0.0,0.0,0.0,0.0,0.0,33.968,35.139,0.012,0.02,0.0,80.0,55.0,1.4,17.984,2.248,58.402,2.88,66.019,72.482,73.443,71.674,64.108,0.0,0.04,0.087,20.0,20.0,79.935,47.414,0.0,74.292,76.828,74.746,79.168,42.372,56.541,49.179,-10.82,50.031,81.375,72.438,72.438,67.813,70.563,0.0,0.0,72.0,70.0,1000.0,200.0,0.0,18.031,70.313,69.625,-0.052,85.813,77.375,68.063,79.688,0.0,100.0,72.0,70.0,1000.0,200.0,-0.002,0.0,77.438,77.563,0.009,76.375,75.063,66.938,74.688,0.0,62.438,72.0,70.0,1000.0,200.0,-0.001,0.0,76.375,76.625,0.017,74.188,75.813,68.375,74.313,0.0,27.0,72.0,70.0,1000.0,200.0,0.0,0.0,74.688,74.813,-0.004,0.0,0.0,0.0,0.0,0.0,0.0,0.0,0.0,0.0,0.0,0.0,0.0,0.0,0.0,0.0,0.0,0.017,0.031,0.011,0.034,0.0,0.0,0.0,0.0,0.0,0.0,0.0,0.0,0.0,0.0,0.0,0.0,0.0,0.0,0.0,0.0,0.147,-0.149,0.0,0.0,0.001,0.001,-0.148,0.149,-0.013,0.01,0.0,0.0,0.034,0.035,-0.005,-0.0,-0.001,0.0
9072007,1948,0.0,1.0,1.0,1.0,100.0,0.0,0.0,0.0,0.0,0.0,0.0,33.968,35.139,0.012,0.02,0.0,80.0,55.0,1.4,17.984,2.248,54.91,0.859,66.126,72.482,73.548,71.463,64.322,0.0,0.04,0.087,20.0,20.0,79.739,47.358,0.0,74.184,76.754,74.746,79.168,42.445,56.541,49.252,-10.828,50.063,81.75,72.438,72.375,67.813,70.563,0.0,0.0,72.0,70.0,1000.0,200.0,0.0,18.125,70.188,69.625,-0.052,85.813,77.313,68.125,79.688,0.0,100.0,72.0,70.0,1000.0,200.0,-0.002,0.0,77.313,77.563,0.009,76.375,75.188,66.938,74.688,0.0,62.438,72.0,70.0,1000.0,200.0,-0.001,0.0,76.375,76.625,0.017,74.188,75.75,68.375,74.313,0.0,27.0,72.0,70.0,1000.0,200.0,-0.001,0.0,74.688,74.813,-0.004,0.0,0.0,0.0,0.0,0.0,0.0,0.0,0.0,0.0,0.0,0.0,0.0,0.0,0.0,0.0,0.0,0.017,0.031,0.011,0.034,0.0,0.0,0.0,0.0,0.0,0.0,0.0,0.0,0.0,0.0,0.0,0.0,0.0,0.0,0.0,0.0,0.147,-0.223,0.0,-0.074,0.149,0.001,-0.148,0.001,-0.014,0.01,0.0,0.0,0.034,0.035,-0.004,-0.0,-0.001,0.0
9072007,1949,0.0,1.0,1.0,1.0,100.0,0.0,0.0,0.0,0.0,0.0,0.0,33.968,35.139,0.012,0.02,0.0,80.0,55.0,1.4,18.031,2.248,65.378,1.99,66.019,72.589,73.758,71.357,64.322,0.0,0.04,0.087,20.0,20.0,79.514,47.246,0.0,74.292,76.754,74.64,79.168,42.445,56.332,49.252,-10.82,50.094,81.563,72.438,72.375,67.813,70.563,0.0,0.0,72.0,70.0,1000.0,200.0,0.0,18.016,70.188,69.625,-0.052,85.625,77.313,68.313,79.75,0.0,100.0,72.0,70.0,1000.0,200.0,-0.002,0.0,77.313,77.563,0.009,76.375,75.063,67.063,74.688,0.0,62.438,72.0,70.0,1000.0,200.0,-0.001,0.0,76.375,76.625,0.017,74.188,75.75,68.625,74.375,0.0,27.0,72.0,70.0,1000.0,200.0,0.0,0.0,74.688,74.813,-0.004,0.0,0.0,0.0,0.0,0.0,0.0,0.0,0.0,0.0,0.0,0.0,0.0,0.0,0.0,0.0,0.0,0.017,0.031,0.011,0.035,0.0,0.0,0.0,0.0,0.0,0.0,0.0,0.0,0.0,0.0,0.0,0.0,0.0,0.0,0.0,0.0,0.147,-0.223,0.0,0.0,0.149,0.001,-0.148,0.001,-0.014,0.01,0.0,0.0,0.034,0.035,-0.004,-0.0,-0.001,0.0
9072007,1950,0.0,1.0,1.0,1.0,100.0,0.0,0.0,0.0,0.0,0.0,0.0,33.968,35.139,0.022,0.02,0.0,80.0,55.0,1.4,18.047,2.248,65.378,1.678,66.126,72.482,73.548,71.357,64.322,0.0,0.04,0.091,20.0,20.0,79.654,47.218,0.0,74.184,76.68,74.852,79.168,42.592,56.645,49.325,-10.82,50.094,81.375,72.438,72.438,67.938,70.563,0.0,0.0,72.0,70.0,1000.0,200.0,0.0,17.859,70.313,69.688,-0.052,85.438,77.375,68.313,79.75,0.0,100.0,72.0,70.0,1000.0,200.0,-0.002,0.0,77.313,77.5,0.009,76.375,75.188,67.063,74.75,0.0,62.438,72.0,70.0,1000.0,200.0,-0.001,0.0,76.375,76.625,0.017,74.188,75.813,68.625,74.375,0.0,27.0,72.0,70.0,1000.0,200.0,0.0,0.0,74.688,74.813,-0.004,0.0,0.0,0.0,0.0,0.0,0.0,0.0,0.0,0.0,0.0,0.0,0.0,0.0,0.0,0.0,0.0,0.017,0.031,0.011,0.034,0.0,0.0,0.0,0.0,0.0,0.0,0.0,0.0,0.0,0.0,0.0,0.0,0.0,0.0,0.0,0.0,0.0,-0.149,-0.148,0.0,0.149,0.149,-0.148,0.149,-0.03,0.01,0.0,0.0,0.034,0.035,-0.005,-0.0,-0.001,0.0
9072007,1951,0.0,1.0,1.0,1.0,100.0,0.0,0.0,0.0,0.0,0.0,0.0,33.968,35.139,0.012,0.02,0.0,80.0,55.0,1.4,17.703,2.248,68.863,2.139,66.126,72.482,73.548,71.357,64.429,0.0,0.036,0.091,20.0,20.0,79.795,47.19,0.0,74.184,76.68,74.746,79.094,42.592,56.436,49.398,-10.82,50.094,81.188,72.438,72.438,67.938,70.563,0.0,0.0,72.0,70.0,1000.0,200.0,0.0,17.953,70.313,69.688,-0.052,85.313,77.375,68.438,79.688,0.0,100.0,72.0,70.0,1000.0,200.0,-0.002,0.0,77.313,77.563,0.009,76.375,75.188,67.25,74.75,0.0,62.438,72.0,70.0,1000.0,200.0,-0.001,0.0,76.375,76.625,0.017,74.188,75.813,68.625,74.375,0.0,27.0,72.0,70.0,1000.0,200.0,-0.001,0.0,74.688,74.813,-0.004,0.0,0.0,0.0,0.0,0.0,0.0,0.0,0.0,0.0,0.0,0.0,0.0,0.0,0.0,0.0,0.0,0.017,0.031,0.011,0.034,0.0,0.0,0.0,0.0,0.0,0.0,0.0,0.0,0.0,0.0,0.0,0.0,0.0,0.0,0.0,0.0,0.147,-0.149,0.0,0.0,0.001,0.149,-0.148,0.149,-0.015,0.01,0.0,0.0,0.034,0.035,-0.005,-0.0,-0.001,0.0
9072007,1952,0.0,1.0,1.0,1.0,100.0,0.0,0.0,0.0,0.0,0.0,0.0,33.968,35.139,0.012,0.02,0.0,80.0,55.0,1.4,17.875,2.248,70.604,2.363,66.234,72.376,73.548,71.357,64.322,0.0,0.04,0.087,20.0,20.0,79.683,47.19,0.0,74.184,76.828,74.852,79.094,42.738,56.541,49.398,-10.82,50.094,81.0,72.438,72.438,68.0,70.563,0.0,0.0,72.0,70.0,1000.0,200.0,0.0,17.906,70.313,69.688,-0.052,85.25,77.375,68.313,79.563,0.0,100.0,72.0,70.0,1000.0,200.0,-0.002,0.0,77.438,77.563,0.009,76.375,75.188,67.25,74.75,0.0,62.438,72.0,70.0,1000.0,200.0,-0.001,0.0,76.375,76.625,0.017,74.188,75.813,68.688,74.375,0.0,27.0,72.0,70.0,1000.0,200.0,-0.001,0.0,74.688,74.813,-0.004,0.0,0.0,0.0,0.0,0.0,0.0,0.0,0.0,0.0,0.0,0.0,0.0,0.0,0.0,0.0,0.0,0.017,0.031,0.011,0.034,0.0,0.0,0.0,0.0,0.0,0.0,0.0,0.0,0.0,0.0,0.0,0.0,0.0,0.0,0.0,0.0,0.147,-0.149,0.0,0.0,0.001,0.149,-0.148,0.149,-0.014,0.01,0.0,0.0,0.034,0.035,-0.005,-0.0,-0.001,0.0
9072007,1953,0.0,1.0,1.0,1.0,100.0,0.0,0.0,0.0,0.0,0.0,0.0,33.968,35.139,0.012,0.02,0.0,80.0,55.0,1.4,17.875,2.248,70.604,1.919,66.234,72.376,73.548,71.357,64.322,0.0,0.04,0.091,20.0,20.0,79.458,47.19,0.0,74.184,76.754,74.64,79.094,42.811,56.541,49.471,-10.82,50.094,80.813,72.438,72.438,68.0,70.563,0.0,0.0,72.0,70.0,1000.0,200.0,0.0,17.891,70.313,69.688,-0.052,85.0,77.313,68.438,79.563,0.0,100.0,72.0,70.0,1000.0,200.0,-0.002,0.0,77.438,77.563,0.009,76.375,75.188,67.25,74.688,0.0,62.438,72.0,70.0,1000.0,200.0,-0.001,0.0,76.375,76.563,0.017,74.188,75.813,68.813,74.375,0.0,27.0,72.0,70.0,1000.0,200.0,0.0,0.0,74.688,74.813,-0.004,0.0,0.0,0.0,0.0,0.0,0.0,0.0,0.0,0.0,0.0,0.0,0.0,0.0,0.0,0.0,0.0,0.017,0.031,0.011,0.034,0.0,0.0,0.0,0.0,0.0,0.0,0.0,0.0,0.0,0.0,0.0,0.0,0.0,0.0,0.0,0.0,0.147,-0.149,0.0,0.0,0.149,0.001,0.0,0.001,-0.013,0.01,0.0,0.0,0.034,0.035,-0.005,-0.0,-0.0,0.0
9072007,1954,0.0,1.0,1.0,1.0,100.0,0.0,0.0,0.0,0.0,0.0,0.0,33.968,35.139,0.012,0.02,0.0,80.0,55.0,1.4,17.703,2.248,63.635,1.856,66.234,72.376,73.548,71.357,64.322,0.0,0.036,0.091,20.0,20.0,79.374,47.134,0.0,74.184,76.68,74.64,79.094,42.811,56.75,49.543,-10.82,50.094,80.938,72.438,72.375,68.0,70.563,0.0,0.0,72.0,70.0,1000.0,200.0,0.0,17.828,70.313,69.688,-0.052,84.813,77.313,68.438,79.563,0.0,100.0,72.0,70.0,1000.0,200.0,-0.002,0.0,77.438,77.563,0.009,76.375,75.188,67.313,74.688,0.0,62.438,72.0,70.0,1000.0,200.0,-0.001,0.0,76.375,76.625,0.017,74.063,75.75,68.813,74.375,0.0,27.0,72.0,70.0,1000.0,200.0,0.0,0.0,74.688,74.813,-0.004,0.0,0.0,0.0,0.0,0.0,0.0,0.0,0.0,0.0,0.0,0.0,0.0,0.0,0.0,0.0,0.0,0.017,0.031,0.011,0.034,0.0,0.0,0.0,0.0,0.0,0.0,0.0,0.0,0.0,0.0,0.0,0.0,0.0,0.0,0.0,0.0,0.147,-0.149,0.0,0.0,0.149,0.001,0.0,0.149,-0.014,0.01,0.0,0.0,0.034,0.035,-0.005,-0.0,-0.001,0.0
9072007,1955,0.0,1.0,1.0,1.0,100.0,0.0,0.0,0.0,0.0,0.0,0.0,33.968,35.139,0.012,0.02,0.0,80.0,55.0,1.4,18.0,2.248,67.121,0.832,66.341,72.376,73.548,71.357,64.429,0.0,0.036,0.087,20.0,20.0,79.009,47.19,0.0,74.077,76.606,74.64,79.094,42.885,56.854,49.543,-10.828,50.156,80.75,72.438,72.375,68.0,70.563,0.0,0.0,72.0,70.0,1000.0,200.0,0.0,17.656,70.313,69.625,-0.052,84.75,77.313,68.438,79.438,0.0,100.0,72.0,70.0,1000.0,200.0,-0.002,0.0,77.438,77.563,0.009,76.313,75.188,67.313,74.688,0.0,62.438,72.0,70.0,1000.0,200.0,-0.001,0.0,76.375,76.625,0.017,74.188,75.813,68.813,74.375,0.0,27.0,72.0,70.0,1000.0,200.0,0.0,0.0,74.688,74.813,-0.004,0.0,0.0,0.0,0.0,0.0,0.0,0.0,0.0,0.0,0.0,0.0,0.0,0.0,0.0,0.0,0.0,0.017,0.031,0.011,0.034,0.0,0.0,0.0,0.0,0.0,0.0,0.0,0.0,0.0,0.0,0.0,0.0,0.0,0.0,0.0,0.0,0.147,-0.149,0.0,0.0,0.149,0.001,0.0,0.001,-0.015,0.01,0.0,0.0,0.034,0.035,-0.005,-0.0,-0.001,0.0
9072007,1956,0.0,1.0,1.0,1.0,100.0,0.0,0.0,0.0,0.0,0.0,0.0,33.968,35.139,0.012,0.02,0.0,80.0,55.0,1.4,17.859,2.248,65.378,1.026,66.557,72.376,73.548,71.357,64.536,0.0,0.036,0.087,20.0,20.0,79.037,47.218,0.0,74.399,76.754,74.64,79.02,42.958,56.854,49.616,-10.82,50.156,80.625,72.438,72.375,68.063,70.563,0.0,0.0,72.0,70.0,1000.0,200.0,0.0,17.766,70.313,69.688,-0.052,84.75,77.375,68.563,79.375,0.0,100.0,72.0,70.0,1000.0,200.0,-0.002,0.0,77.438,77.563,0.009,76.313,75.188,67.438,74.75,0.0,62.438,72.0,70.0,1000.0,200.0,-0.001,0.0,76.375,76.625,0.017,74.063,75.813,68.875,74.375,0.0,27.0,72.0,70.0,1000.0,200.0,0.0,0.0,74.688,74.813,-0.004,0.0,0.0,0.0,0.0,0.0,0.0,0.0,0.0,0.0,0.0,0.0,0.0,0.0,0.0,0.0,0.0,0.017,0.031,0.011,0.034,0.0,0.0,0.0,0.0,0.0,0.0,0.0,0.0,0.0,0.0,0.0,0.0,0.0,0.0,0.0,0.0,0.147,-0.149,0.0,0.0,0.149,0.001,0.0,0.001,-0.013,0.01,0.0,0.0,0.034,0.035,-0.005,-0.0,-0.001,0.0
9072007,1957,0.0,1.0,1.0,1.0,100.0,0.0,0.0,0.0,0.0,0.0,0.0,33.968,35.139,0.022,0.02,0.0,80.0,55.0,1.4,17.859,2.248,65.378,3.481,66.449,72.376,73.548,71.357,64.322,0.0,0.036,0.091,20.0,20.0,78.729,47.246,0.0,74.077,76.68,74.64,79.168,43.031,56.645,49.689,-10.82,50.156,80.5,72.313,72.375,68.063,70.563,0.0,0.0,72.0,70.0,1000.0,200.0,0.0,17.859,70.313,69.688,-0.052,84.625,77.313,68.563,79.375,0.0,100.0,72.0,70.0,1000.0,200.0,-0.002,0.0,77.438,77.563,0.009,76.313,75.188,67.438,74.75,0.0,62.438,72.0,70.0,1000.0,200.0,-0.001,0.0,76.5,76.625,0.017,74.063,75.75,68.875,74.375,0.0,27.0,72.0,70.0,1000.0,200.0,-0.001,0.0,74.688,74.813,-0.004,0.0,0.0,0.0,0.0,0.0,0.0,0.0,0.0,0.0,0.0,0.0,0.0,0.0,0.0,0.0,0.0,0.017,0.031,0.011,0.034,0.0,0.0,0.0,0.0,0.0,0.0,0.0,0.0,0.0,0.0,0.0,0.0,0.0,0.0,0.0,0.0,0.147,-0.149,0.0,0.0,0.149,0.001,-0.148,0.149,-0.027,0.01,0.0,0.0,0.034,0.035,-0.005,-0.0,-0.0,0.0
9072007,1958,0.0,1.0,1.0,1.0,100.0,0.0,0.0,0.0,0.0,0.0,0.0,33.968,35.139,0.012,0.02,0.0,80.0,55.0,1.4,17.859,2.248,72.345,1.725,66.449,72.376,73.548,71.357,64.429,0.0,0.04,0.087,20.0,20.0,78.645,47.302,0.0,74.184,76.754,74.64,79.094,43.104,56.75,49.689,-10.82,50.156,80.313,72.313,72.375,68.063,70.563,0.0,0.0,72.0,70.0,1000.0,200.0,0.0,17.828,70.313,69.688,-0.052,84.438,77.313,68.563,79.375,0.0,100.0,72.0,70.0,1000.0,200.0,-0.002,0.0,77.563,77.563,0.009,76.313,75.188,67.438,74.75,0.0,62.438,72.0,70.0,1000.0,200.0,-0.001,0.0,76.375,76.625,0.017,74.063,75.938,68.875,74.375,0.0,27.0,72.0,70.0,1000.0,200.0,0.0,0.0,74.688,74.813,-0.004,0.0,0.0,0.0,0.0,0.0,0.0,0.0,0.0,0.0,0.0,0.0,0.0,0.0,0.0,0.0,0.0,0.017,0.031,0.011,0.034,0.0,0.0,0.0,0.0,0.0,0.0,0.0,0.0,0.0,0.0,0.0,0.0,0.0,0.0,0.0,0.0,0.0,-0.149,-0.148,0.0,0.149,0.001,-0.148,0.149,-0.013,0.01,0.0,0.0,0.034,0.035,-0.005,0.0,-0.001,0.0
9072007,1959,0.0,1.0,1.0,1.0,100.0,0.0,0.0,0.0,0.0,0.0,0.0,33.968,35.139,0.012,0.02,0.0,80.0,55.0,1.4,17.734,2.248,74.085,1.16,66.449,72.376,73.548,71.357,64.322,0.0,0.04,0.087,20.0,20.0,78.364,47.302,0.0,74.184,76.532,74.64,78.946,43.178,57.063,49.762,-10.82,50.156,80.063,72.313,72.375,68.188,70.563,0.0,0.0,72.0,70.0,1000.0,200.0,0.0,17.672,70.313,69.688,-0.052,84.313,77.313,68.563,79.125,0.0,100.0,72.0,70.0,1000.0,200.0,-0.002,0.0,77.438,77.688,0.009,76.313,75.188,67.438,74.688,0.0,62.438,72.0,70.0,1000.0,200.0,-0.001,0.0,76.375,76.625,0.013,74.063,75.813,69.0,74.375,0.0,27.0,72.0,70.0,1000.0,200.0,0.0,0.0,74.688,74.813,-0.004,0.0,0.0,0.0,0.0,0.0,0.0,0.0,0.0,0.0,0.0,0.0,0.0,0.0,0.0,0.0,0.0,0.017,0.031,0.011,0.034,0.0,0.0,0.0,0.0,0.0,0.0,0.0,0.0,0.0,0.0,0.0,0.0,0.0,0.0,0.0,0.0,0.147,-0.149,-0.148,0.147,0.149,0.001,-0.148,0.001,-0.015,0.009,0.0,0.0,0.034,0.035,-0.005,-0.0,-0.0,0.0
9072007,2000,0.0,1.0,1.0,1.0,100.0,0.0,0.0,0.0,0.0,0.0,0.0,33.968,35.139,0.022,0.02,0.0,80.0,55.0,1.4,17.75,2.248,72.345,1.244,66.557,72.376,73.443,71.357,64.215,0.0,0.04,0.087,20.0,20.0,78.28,47.386,0.0,73.97,76.606,74.746,79.02,43.251,56.854,49.835,-10.82,50.156,80.063,72.438,72.438,68.188,70.75,0.0,0.0,72.0,70.0,1000.0,200.0,0.0,17.797,70.375,69.688,-0.052,84.25,77.313,68.563,79.125,0.0,100.0,72.0,70.0,1000.0,200.0,-0.002,0.0,77.438,77.688,0.009,76.313,75.188,67.438,74.688,0.0,62.438,72.0,70.0,1000.0,200.0,-0.001,0.0,76.375,76.625,0.017,74.063,75.813,69.0,74.5,0.0,27.0,72.0,70.0,1000.0,200.0,0.0,0.0,74.688,74.813,-0.004,0.0,0.0,0.0,0.0,0.0,0.0,0.0,0.0,0.0,0.0,0.0,0.0,0.0,0.0,0.0,0.0,0.017,0.031,0.011,0.034,0.0,0.0,0.0,0.0,0.0,0.0,0.0,0.0,0.0,0.0,0.0,0.0,0.0,0.0,0.0,0.0,0.147,-0.149,0.0,0.0,0.149,0.149,-0.148,0.149,-0.029,0.01,0.0,0.0,0.034,0.035,-0.005,-0.0,-0.001,0.0
9072007,2001,0.0,1.0,1.0,1.0,100.0,0.0,0.0,0.0,0.0,0.0,0.0,33.968,35.139,0.012,0.02,0.0,80.0,55.0,1.4,17.75,2.248,72.345,2.121,66.664,72.376,73.443,71.357,64.322,0.0,0.036,0.087,20.0,20.0,77.916,47.386,0.0,73.97,76.606,74.746,79.02,43.324,57.168,49.908,-10.828,50.156,80.0,72.438,72.375,68.188,70.75,0.0,0.0,72.0,70.0,1000.0,200.0,0.0,17.609,70.375,69.75,-0.052,84.125,77.125,68.563,79.063,0.0,100.0,72.0,70.0,1000.0,200.0,-0.002,0.0,77.438,77.688,0.01,76.313,75.188,67.5,74.688,0.0,62.438,72.0,70.0,1000.0,200.0,-0.001,0.0,76.5,76.625,0.017,74.063,75.813,69.0,74.5,0.0,27.0,72.0,70.0,1000.0,200.0,0.0,0.0,74.688,74.813,-0.004,0.0,0.0,0.0,0.0,0.0,0.0,0.0,0.0,0.0,0.0,0.0,0.0,0.0,0.0,0.0,0.0,0.015,0.031,0.011,0.034,0.0,0.0,0.0,0.0,0.0,0.0,0.0,0.0,0.0,0.0,0.0,0.0,0.0,0.0,0.0,0.0,0.147,-0.149,0.0,0.0,0.001,0.149,-0.148,0.149,-0.016,0.01,0.0,0.0,0.034,0.035,-0.005,-0.0,-0.0,0.0
9072007,2002,0.0,1.0,1.0,1.0,100.0,0.0,0.0,0.0,0.0,0.0,0.0,33.968,35.139,0.012,0.02,0.0,80.0,55.0,1.4,17.578,2.248,70.604,1.468,66.557,72.376,73.443,71.357,64.215,0.0,0.04,0.091,20.0,20.0,77.691,47.414,0.0,73.97,76.68,74.746,79.02,43.324,56.959,49.908,-10.82,50.156,79.938,72.438,72.375,68.438,70.563,0.0,0.0,72.0,70.0,1000.0,200.0,0.0,17.75,70.313,69.688,-0.052,84.0,77.125,68.625,79.063,0.0,100.0,72.0,70.0,1000.0,200.0,-0.002,0.0,77.563,77.563,0.01,76.313,75.188,67.625,74.688,0.0,62.438,72.0,70.0,1000.0,200.0,-0.001,0.0,76.375,76.625,0.017,74.063,75.813,69.0,74.375,0.0,27.0,72.0,70.0,1000.0,200.0,0.0,0.0,74.688,74.813,-0.004,0.0,0.0,0.0,0.0,0.0,0.0,0.0,0.0,0.0,0.0,0.0,0.0,0.0,0.0,0.0,0.0,0.015,0.031,0.011,0.034,0.0,0.0,0.0,0.0,0.0,0.0,0.0,0.0,0.0,0.0,0.0,0.0,0.0,0.0,0.0,0.0,0.147,-0.149,0.0,0.0,0.149,0.001,-0.148,0.001,-0.015,0.01,0.0,0.0,0.034,0.035,-0.005,0.0,-0.001,0.0
9072007,2003,0.0,1.0,1.0,1.0,100.0,0.0,0.0,0.0,0.0,0.0,0.0,33.968,35.139,0.012,0.02,0.0,80.0,55.0,1.4,17.766,2.248,67.121,1.101,66.664,72.376,73.443,71.357,64.322,0.0,0.04,0.087,20.0,20.0,77.607,47.442,0.0,74.184,76.606,74.64,79.02,43.397,57.168,50.053,-10.82,50.156,79.875,72.438,72.375,68.438,70.563,0.0,0.0,72.0,70.0,1000.0,200.0,0.0,17.781,70.375,69.688,-0.052,83.813,77.125,68.625,79.063,0.0,100.0,72.0,70.0,1000.0,200.0,-0.002,0.0,77.563,77.688,0.01,76.313,75.063,67.625,74.688,0.0,62.438,72.0,70.0,1000.0,200.0,-0.001,0.0,76.5,76.625,0.017,74.063,75.813,69.188,74.5,0.0,27.0,72.0,70.0,1000.0,200.0,0.0,0.0,74.688,74.813,-0.004,0.0,0.0,0.0,0.0,0.0,0.0,0.0,0.0,0.0,0.0,0.0,0.0,0.0,0.0,0.0,0.0,0.017,0.031,0.011,0.034,0.0,0.0,0.0,0.0,0.0,0.0,0.0,0.0,0.0,0.0,0.0,0.0,0.0,0.0,0.0,0.0,0.147,-0.149,0.0,0.0,0.149,0.001,-0.148,0.001,-0.015,0.01,0.0,0.0,0.034,0.035,-0.005,-0.0,-0.0,0.0
9072007,2004,0.0,1.0,1.0,1.0,100.0,0.0,0.0,0.0,0.0,0.0,0.0,33.968,35.139,0.012,0.02,0.0,80.0,55.0,1.4,17.672,2.248,70.604,2.089,66.772,72.376,73.443,71.357,64.215,0.0,0.04,0.091,20.0,20.0,77.355,47.498,0.0,74.077,76.606,74.746,79.02,43.544,57.063,50.126,-10.82,50.156,79.688,72.438,72.375,68.438,70.75,0.0,0.0,72.0,70.0,1000.0,200.0,0.0,17.781,70.375,69.75,-0.052,83.688,76.875,68.75,78.938,0.0,100.0,72.0,70.0,1000.0,200.0,-0.002,0.0,77.563,77.688,0.01,76.313,75.188,67.625,74.563,0.0,62.438,72.0,70.0,1000.0,200.0,-0.001,0.0,76.5,76.688,0.017,74.063,75.813,69.313,74.5,0.0,27.0,72.0,70.0,1000.0,200.0,0.0,0.0,74.688,74.813,-0.004,0.0,0.0,0.0,0.0,0.0,0.0,0.0,0.0,0.0,0.0,0.0,0.0,0.0,0.0,0.0,0.0,0.017,0.031,0.011,0.032,0.0,0.0,0.0,0.0,0.0,0.0,0.0,0.0,0.0,0.0,0.0,0.0,0.0,0.0,0.0,0.0,0.0,-0.149,-0.148,0.0,0.149,0.149,-0.148,0.149,-0.016,0.01,0.0,0.0,0.034,0.035,-0.005,-0.0,-0.0,0.0
9072007,2005,0.0,1.0,1.0,1.0,100.0,0.0,0.0,0.0,0.0,0.0,0.0,33.968,35.139,0.012,0.02,0.0,80.0,55.0,1.4,17.672,2.248,70.604,2.559,66.772,72.376,73.443,71.357,64.322,0.0,0.04,0.087,20.0,20.0,77.271,47.527,0.0,73.97,76.606,74.64,79.02,43.617,57.063,50.126,-10.82,50.188,79.625,72.438,72.375,68.438,70.563,0.0,0.0,72.0,70.0,1000.0,200.0,0.0,17.688,70.5,69.688,-0.052,83.688,76.75,68.75,78.875,0.0,100.0,72.0,70.0,1000.0,200.0,-0.002,0.0,77.563,77.688,0.01,76.313,75.188,67.813,74.688,0.0,62.438,72.0,70.0,1000.0,200.0,-0.001,0.0,76.375,76.625,0.013,74.063,75.813,69.188,74.5,0.0,27.0,72.0,70.0,1000.0,200.0,0.0,0.0,74.688,74.813,-0.004,0.0,0.0,0.0,0.0,0.0,0.0,0.0,0.0,0.0,0.0,0.0,0.0,0.0,0.0,0.0,0.0,0.017,0.031,0.011,0.032,0.0,0.0,0.0,0.0,0.0,0.0,0.0,0.0,0.0,0.0,0.0,0.0,0.0,0.0,0.0,0.0,0.147,-0.149,0.0,0.0,0.149,0.001,0.0,0.001,-0.015,0.01,0.0,0.0,0.034,0.035,-0.006,-0.0,-0.0,0.0
9072007,2006,0.0,1.0,1.0,1.0,100.0,0.0,0.0,0.0,0.0,0.0,0.0,33.968,35.139,0.012,0.02,0.0,80.0,55.0,1.4,17.703,2.248,74.085,2.136,66.88,72.376,73.337,71.357,64.322,0.0,0.04,0.087,20.0,20.0,77.158,47.555,0.0,73.97,76.606,74.64,79.02,43.617,57.377,50.126,-10.82,50.188,79.438,72.313,72.438,68.438,70.75,0.0,0.0,72.0,70.0,1000.0,200.0,0.0,18.063,70.5,69.75,-0.052,83.5,76.875,68.75,78.875,0.0,100.0,72.0,70.0,1000.0,200.0,-0.002,0.0,77.563,77.688,0.01,76.313,75.063,67.813,74.563,0.0,62.438,72.0,70.0,1000.0,200.0,-0.001,0.0,76.375,76.625,0.017,74.063,75.813,69.313,74.5,0.0,27.0,72.0,70.0,1000.0,200.0,0.0,0.0,74.688,74.813,-0.004,0.0,0.0,0.0,0.0,0.0,0.0,0.0,0.0,0.0,0.0,0.0,0.0,0.0,0.0,0.0,0.0,0.017,0.031,0.011,0.034,0.0,0.0,0.0,0.0,0.0,0.0,0.0,0.0,0.0,0.0,0.0,0.0,0.0,0.0,0.0,0.0,0.0,-0.001,0.0,0.147,0.149,0.001,-0.148,0.001,-0.015,0.009,0.0,0.0,0.034,0.035,-0.006,-0.0,-0.001,0.0
9072007,2007,0.0,1.0,1.0,1.0,100.0,0.0,0.0,0.0,0.0,0.0,0.0,33.968,35.139,0.012,0.02,0.0,80.0,55.0,1.4,17.984,2.248,68.863,2.562,66.772,72.376,73.337,71.357,64.322,0.0,0.036,0.087,20.0,20.0,77.102,47.555,0.0,74.077,76.532,74.64,78.946,43.69,57.168,50.199,-10.82,50.156,79.438,72.438,72.375,68.5,70.75,0.0,0.0,72.0,70.0,1000.0,200.0,0.0,17.859,70.375,69.75,-0.052,83.438,76.75,68.75,78.938,0.0,100.0,72.0,70.0,1000.0,200.0,-0.002,0.0,77.563,77.688,0.009,76.125,75.063,67.813,74.563,0.0,62.438,72.0,70.0,1000.0,200.0,-0.001,0.0,76.5,76.688,0.017,74.063,75.813,69.313,74.5,0.0,27.0,72.0,70.0,1000.0,200.0,0.0,0.0,74.688,74.813,-0.004,0.0,0.0,0.0,0.0,0.0,0.0,0.0,0.0,0.0,0.0,0.0,0.0,0.0,0.0,0.0,0.0,0.017,0.031,0.011,0.032,0.0,0.0,0.0,0.0,0.0,0.0,0.0,0.0,0.0,0.0,0.0,0.0,0.0,0.0,0.0,0.0,0.147,-0.149,0.0,0.0,0.001,0.149,-0.148,0.149,-0.015,0.01,0.0,0.0,0.034,0.035,-0.005,-0.0,-0.0,0.0
9072007,2008,0.0,1.0,1.0,1.0,100.0,0.0,0.0,0.0,0.0,0.0,0.0,33.968,35.139,0.012,0.02,0.0,80.0,55.0,1.4,17.891,2.248,72.345,1.245,66.88,72.27,73.337,71.357,64.429,0.0,0.036,0.087,20.0,20.0,76.85,47.611,0.0,74.077,76.606,74.533,78.946,43.764,57.272,50.272,-10.828,50.188,79.5,72.313,72.25,68.5,70.563,0.0,0.0,72.0,70.0,1000.0,200.0,0.0,17.953,70.375,69.75,-0.052,83.438,76.75,68.75,78.875,0.0,100.0,72.0,70.0,1000.0,200.0,-0.002,0.0,77.438,77.688,0.009,76.313,75.188,67.938,74.563,0.0,62.438,72.0,70.0,1000.0,200.0,-0.001,0.0,76.375,76.625,0.017,74.063,75.813,69.313,74.5,0.0,27.0,72.0,70.0,1000.0,200.0,0.0,0.0,74.688,74.813,-0.004,0.0,0.0,0.0,0.0,0.0,0.0,0.0,0.0,0.0,0.0,0.0,0.0,0.0,0.0,0.0,0.0,0.017,0.031,0.011,0.034,0.0,0.0,0.0,0.0,0.0,0.0,0.0,0.0,0.0,0.0,0.0,0.0,0.0,0.0,0.0,0.0,0.0,-0.001,-0.148,0.0,0.001,0.001,-0.148,0.149,-0.014,0.01,0.0,0.0,0.034,0.035,-0.005,-0.0,-0.001,0.0
9072007,2009,0.0,1.0,1.0,1.0,100.0,0.0,0.0,0.0,0.0,0.0,0.0,35.139,35.139,0.012,0.02,0.0,80.0,55.0,1.4,17.672,1.126,74.085,1.69,66.88,72.376,73.337,71.357,64.322,0.0,0.04,0.087,20.0,20.0,76.625,47.639,0.0,74.077,76.532,74.533,78.946,43.764,57.481,50.272,-10.82,50.219,79.375,72.313,72.25,68.5,70.75,0.0,0.0,72.0,70.0,1000.0,200.0,0.0,17.625,70.5,69.688,-0.052,83.188,76.688,68.938,78.875,0.0,100.0,72.0,70.0,1000.0,200.0,-0.002,0.0,77.563,77.688,0.01,76.313,75.063,67.938,74.563,0.0,62.438,72.0,70.0,1000.0,200.0,-0.001,0.0,76.5,76.625,0.017,73.875,75.813,69.375,74.5,0.0,27.0,72.0,70.0,1000.0,200.0,0.0,0.0,74.688,74.813,-0.004,0.0,0.0,0.0,0.0,0.0,0.0,0.0,0.0,0.0,0.0,0.0,0.0,0.0,0.0,0.0,0.0,0.017,0.031,0.011,0.034,0.0,0.0,0.0,0.0,0.0,0.0,0.0,0.0,0.0,0.0,0.0,0.0,0.0,0.0,0.0,0.0,0.147,-0.149,-0.148,0.0,0.149,0.001,0.0,0.001,-0.014,0.009,0.0,0.0,0.035,0.035,-0.006,-0.0,-0.0,0.0
9072007,2010,0.0,1.0,1.0,1.0,100.0,0.0,0.0,0.0,0.0,0.0,0.0,33.968,35.139,0.012,0.02,0.0,80.0,55.0,1.4,17.672,2.248,70.604,2.139,66.987,72.27,73.337,71.357,64.429,0.0,0.036,0.087,20.0,20.0,76.513,47.695,0.0,74.077,76.532,74.533,78.946,43.837,57.377,50.272,-10.82,50.188,79.313,72.313,72.375,68.5,70.563,0.0,0.0,72.0,70.0,1000.0,200.0,0.0,17.859,70.5,69.75,-0.052,83.188,76.688,68.938,78.75,0.0,100.0,72.0,70.0,1000.0,200.0,-0.002,0.0,77.563,77.688,0.01,76.125,75.188,67.938,74.563,0.0,62.438,72.0,70.0,1000.0,200.0,-0.001,0.0,76.5,76.625,0.017,74.063,75.813,69.375,74.5,0.0,27.0,72.0,70.0,1000.0,200.0,0.0,0.0,74.688,74.813,-0.004,0.0,0.0,0.0,0.0,0.0,0.0,0.0,0.0,0.0,0.0,0.0,0.0,0.0,0.0,0.0,0.0,0.017,0.031,0.011,0.032,0.0,0.0,0.0,0.0,0.0,0.0,0.0,0.0,0.0,0.0,0.0,0.0,0.0,0.0,0.0,0.0,0.147,-0.149,0.0,0.0,0.001,0.149,-0.148,0.149,-0.014,0.01,0.0,0.0,0.034,0.035,-0.006,-0.0,-0.0,0.0
9072007,2011,0.0,1.0,1.0,1.0,100.0,0.0,0.0,0.0,0.0,0.0,0.0,33.968,35.139,0.012,0.02,0.0,80.0,55.0,1.4,17.859,2.248,68.863,0.361,66.88,72.164,73.127,71.251,64.322,0.0,0.04,0.087,20.0,20.0,76.485,47.667,0.0,73.862,76.606,74.64,78.946,43.984,57.377,50.417,-10.82,50.25,79.188,72.313,72.25,68.5,70.75,0.0,0.0,72.0,70.0,1000.0,200.0,0.0,17.828,70.5,69.75,-0.052,83.125,76.688,68.938,78.75,0.0,100.0,72.0,70.0,1000.0,200.0,-0.002,0.0,77.563,77.688,0.01,76.313,75.063,68.0,74.563,0.0,62.438,72.0,70.0,1000.0,200.0,-0.001,0.0,76.5,76.625,0.02,74.063,75.75,69.5,74.5,0.0,27.0,72.0,70.0,1000.0,200.0,0.0,0.0,74.688,74.813,-0.004,0.0,0.0,0.0,0.0,0.0,0.0,0.0,0.0,0.0,0.0,0.0,0.0,0.0,0.0,0.0,0.0,0.017,0.031,0.011,0.034,0.0,0.0,0.0,0.0,0.0,0.0,0.0,0.0,0.0,0.0,0.0,0.0,0.0,0.0,0.0,0.0,0.147,-0.149,-0.148,0.0,0.001,0.149,-0.148,0.149,-0.014,0.01,0.0,0.0,0.034,0.035,-0.006,-0.0,-0.0,0.0
9072007,2012,0.0,1.0,1.0,1.0,100.0,0.0,0.0,0.0,0.0,0.0,0.0,33.968,35.139,0.012,0.02,0.0,80.0,55.0,1.4,17.656,2.248,72.345,1.409,66.987,72.27,73.232,71.357,64.429,0.0,0.036,0.087,20.0,20.0,76.345,47.723,0.0,73.97,76.532,74.533,78.946,44.057,57.377,50.49,-10.82,50.219,79.125,72.438,72.25,68.625,70.563,0.0,0.0,72.0,70.0,1000.0,200.0,0.0,17.781,70.5,69.75,-0.052,83.063,76.688,69.063,78.75,0.0,100.0,72.0,70.0,1000.0,200.0,-0.002,0.0,77.688,77.688,0.01,76.313,75.063,67.938,74.563,0.0,62.438,72.0,70.0,1000.0,200.0,-0.001,0.0,76.5,76.625,0.017,73.875,75.813,69.375,74.5,0.0,27.0,72.0,70.0,1000.0,200.0,0.0,0.0,74.688,74.875,-0.004,0.0,0.0,0.0,0.0,0.0,0.0,0.0,0.0,0.0,0.0,0.0,0.0,0.0,0.0,0.0,0.0,0.017,0.031,0.011,0.034,0.0,0.0,0.0,0.0,0.0,0.0,0.0,0.0,0.0,0.0,0.0,0.0,0.0,0.0,0.0,0.0,0.0,-0.149,-0.148,0.0,0.149,0.001,0.0,0.001,-0.014,0.01,0.0,0.0,0.034,0.035,-0.006,0.0,-0.0,0.0
9072007,2013,0.0,1.0,1.0,1.0,100.0,0.0,0.0,0.0,0.0,0.0,0.0,33.968,35.139,0.012,0.02,0.0,80.0,55.0,1.4,17.828,2.248,77.563,0.874,66.987,72.27,73.232,71.357,64.322,0.0,0.036,0.087,20.0,20.0,76.177,47.751,0.0,73.862,76.532,74.64,78.946,44.057,57.481,50.49,-10.82,50.281,78.813,72.438,72.25,68.75,70.563,0.0,0.0,72.0,70.0,1000.0,200.0,0.0,17.844,70.5,69.75,-0.052,82.938,76.75,68.938,78.75,0.0,100.0,72.0,70.0,1000.0,200.0,-0.002,0.0,77.688,77.688,0.01,76.313,75.188,68.0,74.563,0.0,62.438,72.0,70.0,1000.0,200.0,-0.001,0.0,76.375,76.625,0.017,74.063,75.813,69.375,74.5,0.0,27.0,72.0,70.0,1000.0,200.0,0.0,0.0,74.688,74.875,-0.004,0.0,0.0,0.0,0.0,0.0,0.0,0.0,0.0,0.0,0.0,0.0,0.0,0.0,0.0,0.0,0.0,0.017,0.031,0.011,0.034,0.0,0.0,0.0,0.0,0.0,0.0,0.0,0.0,0.0,0.0,0.0,0.0,0.0,0.0,0.0,0.0,0.0,-0.149,-0.148,0.0,0.001,0.001,-0.148,0.001,-0.015,0.01,0.0,0.0,0.034,0.035,-0.006,0.0,-0.001,0.0
9072007,2014,0.0,1.0,1.0,1.0,100.0,0.0,0.0,0.0,0.0,0.0,0.0,33.968,35.139,0.012,0.02,0.0,80.0,55.0,1.4,17.797,2.248,79.302,2.161,67.095,72.27,73.232,71.251,64.322,0.0,0.036,0.087,20.0,20.0,75.98,47.751,0.0,73.97,76.458,74.64,78.946,44.13,57.69,50.563,-10.82,50.25,78.563,72.438,72.25,68.75,70.75,0.0,0.0,72.0,70.0,1000.0,200.0,0.0,17.781,70.563,69.75,-0.052,82.813,76.75,69.063,78.5,0.0,100.0,72.0,70.0,1000.0,200.0,-0.002,0.0,77.688,77.688,0.01,76.125,75.188,68.0,74.563,0.0,62.438,72.0,70.0,1000.0,200.0,-0.001,0.0,76.5,76.625,0.017,73.875,75.813,69.563,74.5,0.0,27.0,72.0,70.0,1000.0,200.0,0.0,0.0,74.813,74.813,-0.004,0.0,0.0,0.0,0.0,0.0,0.0,0.0,0.0,0.0,0.0,0.0,0.0,0.0,0.0,0.0,0.0,0.017,0.031,0.011,0.032,0.0,0.0,0.0,0.0,0.0,0.0,0.0,0.0,0.0,0.0,0.0,0.0,0.0,0.0,0.0,0.0,0.147,-0.149,-0.148,0.0,0.149,0.001,-0.148,0.149,-0.016,0.009,0.0,0.0,0.034,0.035,-0.006,0.0,-0.0,0.0
9072007,2015,0.0,1.0,1.0,1.0,100.0,0.0,0.0,0.0,0.0,0.0,0.0,33.968,35.139,0.012,0.02,0.0,80.0,55.0,1.4,17.797,2.248,75.824,2.024,67.095,72.164,73.127,71.357,64.215,0.0,0.036,0.091,20.0,20.0,75.784,47.807,0.0,73.862,76.532,74.533,78.873,44.203,57.795,50.563,-10.828,50.219,78.5,72.438,72.25,68.75,70.75,0.0,0.0,72.0,70.0,1000.0,200.0,0.0,17.891,70.563,70.0,-0.052,82.813,76.75,69.063,78.5,0.0,100.0,72.0,70.0,1000.0,200.0,-0.002,0.0,77.688,77.875,0.01,76.125,75.188,68.125,74.563,0.0,62.438,72.0,70.0,1000.0,200.0,-0.001,0.0,76.5,76.625,0.017,74.063,75.813,69.563,74.5,0.0,27.0,72.0,70.0,1000.0,200.0,0.0,0.0,74.813,74.813,-0.004,0.0,0.0,0.0,0.0,0.0,0.0,0.0,0.0,0.0,0.0,0.0,0.0,0.0,0.0,0.0,0.0,0.015,0.031,0.011,0.032,0.0,0.0,0.0,0.0,0.0,0.0,0.0,0.0,0.0,0.0,0.0,0.0,0.0,0.0,0.0,0.0,0.147,-0.149,0.0,0.0,0.149,0.001,-0.148,0.001,-0.014,0.009,0.0,0.0,0.034,0.035,-0.004,-0.0,-0.0,0.0
9072007,2016,0.0,1.0,1.0,1.0,100.0,0.0,0.0,0.0,0.0,0.0,0.0,33.968,35.139,0.012,0.02,0.0,80.0,55.0,1.4,17.859,2.248,81.039,1.248,67.203,72.27,73.127,71.251,64.322,0.0,0.04,0.087,20.0,20.0,75.476,47.835,0.0,74.077,76.384,74.533,78.799,44.13,57.795,50.563,-10.82,50.219,78.375,72.313,72.375,68.75,70.75,0.0,0.0,72.0,70.0,1000.0,200.0,0.0,17.719,70.563,69.75,-0.052,82.625,76.75,69.063,78.438,0.0,100.0,72.0,70.0,1000.0,200.0,-0.002,0.0,77.688,77.875,0.01,76.125,75.063,68.125,74.438,0.0,62.438,72.0,70.0,1000.0,200.0,-0.001,0.0,76.5,76.625,0.017,73.875,75.813,69.563,74.5,0.0,27.0,72.0,70.0,1000.0,200.0,0.0,0.0,74.688,74.813,-0.004,0.0,0.0,0.0,0.0,0.0,0.0,0.0,0.0,0.0,0.0,0.0,0.0,0.0,0.0,0.0,0.0,0.014,0.031,0.01,0.029,0.0,0.0,0.0,0.0,0.0,0.0,0.0,0.0,0.0,0.0,0.0,0.0,0.0,0.0,0.0,0.0,0.147,-0.149,0.0,0.0,0.001,0.149,-0.148,0.149,-0.016,0.009,0.0,0.0,0.034,0.035,-0.006,-0.0,-0.0,0.0
9072007,2017,0.0,1.0,1.0,1.0,100.0,0.0,0.0,0.0,0.0,0.0,0.0,33.968,35.139,0.012,0.02,0.0,80.0,55.0,1.4,17.531,2.248,77.563,0.686,67.203,72.164,73.127,71.251,64.215,0.0,0.036,0.091,20.0,20.0,75.195,47.891,0.0,73.97,76.458,74.427,78.873,44.277,57.69,50.636,-10.82,50.219,78.25,72.438,72.25,68.75,70.75,0.0,0.0,72.0,70.0,1000.0,200.0,0.0,17.75,70.563,70.0,-0.052,82.5,76.75,69.063,78.438,0.0,100.0,72.0,70.0,1000.0,200.0,-0.002,0.0,77.688,77.688,0.01,76.125,75.188,68.0,74.375,0.0,62.438,72.0,70.0,1000.0,200.0,-0.001,0.0,76.5,76.625,0.017,73.875,75.813,69.563,74.5,0.0,27.0,72.0,70.0,1000.0,200.0,0.0,0.0,74.688,74.813,-0.004,0.0,0.0,0.0,0.0,0.0,0.0,0.0,0.0,0.0,0.0,0.0,0.0,0.0,0.0,0.0,0.0,0.014,0.031,0.01,0.031,0.0,0.0,0.0,0.0,0.0,0.0,0.0,0.0,0.0,0.0,0.0,0.0,0.0,0.0,0.0,0.0,0.147,-0.149,0.0,0.0,0.149,0.149,0.0,0.149,-0.014,0.009,0.0,0.0,0.034,0.035,-0.004,0.0,-0.0,0.0
9072007,2018,0.0,1.0,1.0,1.0,100.0,0.0,0.0,0.0,0.0,0.0,0.0,33.968,35.139,0.012,0.02,0.0,80.0,55.0,1.4,17.922,2.248,75.824,0.457,67.203,72.27,73.127,71.251,64.215,0.0,0.04,0.091,20.0,20.0,75.139,47.891,0.0,73.97,76.384,74.64,78.799,44.277,57.69,50.636,-10.82,50.25,78.188,72.313,72.25,68.75,70.75,0.0,0.0,72.0,70.0,1000.0,200.0,0.0,17.703,70.813,70.0,-0.052,82.5,76.875,69.063,78.375,0.0,100.0,72.0,70.0,1000.0,200.0,-0.002,0.0,77.688,77.875,0.01,76.125,75.063,68.125,74.375,0.0,62.438,72.0,70.0,1000.0,200.0,-0.001,0.0,76.375,76.625,0.017,73.875,75.813,69.563,74.5,0.0,27.0,72.0,70.0,1000.0,200.0,0.0,0.0,74.688,74.875,-0.004,0.0,0.0,0.0,0.0,0.0,0.0,0.0,0.0,0.0,0.0,0.0,0.0,0.0,0.0,0.0,0.0,0.015,0.031,0.01,0.029,0.0,0.0,0.0,0.0,0.0,0.0,0.0,0.0,0.0,0.0,0.0,0.0,0.0,0.0,0.0,0.0,0.147,-0.149,0.0,0.0,0.001,0.149,-0.148,0.149,-0.017,0.009,0.0,0.0,0.034,0.035,-0.006,-0.0,-0.001,0.0
9072007,2019,0.0,1.0,1.0,1.0,100.0,0.0,0.0,0.0,0.0,0.0,0.0,35.139,35.139,0.012,0.02,0.0,80.0,55.0,1.4,17.672,2.248,77.563,2.188,67.203,72.058,73.022,71.146,64.215,0.0,0.036,0.087,20.0,20.0,74.915,47.919,0.0,73.97,76.458,74.533,78.873,44.496,57.795,50.854,-10.828,50.281,78.063,72.313,72.25,68.75,70.563,0.0,0.0,72.0,70.0,1000.0,200.0,0.0,17.656,70.5,69.75,-0.052,82.375,76.75,69.188,78.375,0.0,100.0,72.0,70.0,1000.0,200.0,-0.002,0.0,77.688,77.875,0.009,76.125,75.188,68.25,74.375,0.0,62.438,72.0,70.0,1000.0,200.0,-0.001,0.0,76.5,76.625,0.017,73.875,75.813,69.75,74.5,0.0,27.0,72.0,70.0,1000.0,200.0,0.0,0.0,74.688,74.813,-0.004,0.0,0.0,0.0,0.0,0.0,0.0,0.0,0.0,0.0,0.0,0.0,0.0,0.0,0.0,0.0,0.0,0.014,0.031,0.01,0.029,0.0,0.0,0.0,0.0,0.0,0.0,0.0,0.0,0.0,0.0,0.0,0.0,0.0,0.0,0.0,0.0,-0.074,-0.149,-0.148,0.0,0.149,0.001,-0.148,0.001,-0.015,0.01,0.0,0.0,0.035,0.035,-0.006,-0.0,-0.0,0.0
9072007,2020,0.0,1.0,1.0,1.0,100.0,0.0,0.0,0.0,0.0,0.0,0.0,35.139,35.139,0.022,0.005,0.0,80.0,55.0,1.4,17.531,2.248,72.345,1.219,67.203,72.27,73.127,71.251,64.215,0.0,0.04,0.091,20.0,20.0,74.746,47.947,0.0,73.97,76.458,74.64,78.799,44.496,57.795,50.782,-10.82,50.281,78.0,72.313,72.25,68.75,70.75,0.0,0.0,72.0,70.0,1000.0,200.0,0.0,17.438,70.563,69.75,-0.052,82.375,76.875,69.188,78.375,0.0,100.0,72.0,70.0,1000.0,200.0,-0.002,0.0,77.688,77.875,0.009,76.125,75.063,68.438,74.375,0.0,62.438,72.0,70.0,1000.0,200.0,-0.001,0.0,76.5,76.625,0.017,73.875,75.813,69.75,74.5,0.0,27.0,72.0,70.0,1000.0,200.0,0.0,0.0,74.813,74.813,-0.004,0.0,0.0,0.0,0.0,0.0,0.0,0.0,0.0,0.0,0.0,0.0,0.0,0.0,0.0,0.0,0.0,0.015,0.031,0.011,0.029,0.0,0.0,0.0,0.0,0.0,0.0,0.0,0.0,0.0,0.0,0.0,0.0,0.0,0.0,0.0,0.0,0.147,-0.149,0.0,0.0,0.149,0.001,-0.148,0.001,-0.028,0.002,0.0,0.0,0.035,0.035,-0.006,-0.0,-0.0,0.0
9072007,2021,0.0,1.0,1.0,1.0,100.0,0.0,0.0,0.0,0.0,0.0,0.0,35.139,35.139,0.022,0.02,0.0,80.0,55.0,1.4,17.531,2.248,87.984,0.379,67.418,72.164,73.127,71.251,64.215,0.0,0.036,0.091,20.0,20.0,74.55,47.919,0.0,73.862,76.384,74.533,78.799,44.57,58.003,50.854,-10.82,50.313,77.5,72.313,72.25,68.813,70.75,0.0,0.0,72.0,70.0,1000.0,200.0,0.0,17.594,70.563,70.0,-0.052,82.375,77.125,69.188,78.188,0.0,100.0,72.0,70.0,1000.0,200.0,-0.002,0.0,77.688,77.875,0.009,76.125,75.188,68.438,74.375,0.0,62.438,72.0,70.0,1000.0,200.0,-0.001,0.0,76.5,76.688,0.017,73.875,75.75,69.75,74.5,0.0,27.0,72.0,70.0,1000.0,200.0,0.0,0.0,74.688,74.875,-0.004,0.0,0.0,0.0,0.0,0.0,0.0,0.0,0.0,0.0,0.0,0.0,0.0,0.0,0.0,0.0,0.0,0.014,0.031,0.01,0.029,0.0,0.0,0.0,0.0,0.0,0.0,0.0,0.0,0.0,0.0,0.0,0.0,0.0,0.0,0.0,0.0,0.147,-0.149,-0.148,0.0,0.001,0.149,-0.148,0.149,-0.029,0.009,0.0,0.0,0.035,0.035,-0.004,-0.0,-0.0,0.0
9072007,2022,0.0,1.0,1.0,1.0,100.0,0.0,0.0,0.0,0.0,0.0,0.0,35.139,35.139,0.012,0.02,0.0,80.0,55.0,1.4,17.719,2.248,65.378,1.189,67.31,72.27,73.127,71.357,64.215,0.0,0.036,0.087,20.0,20.0,74.522,47.919,0.0,73.862,76.458,74.533,78.873,44.57,57.795,50.927,-10.82,50.313,77.5,72.313,72.25,68.813,70.75,0.0,0.0,72.0,70.0,1000.0,200.0,0.0,17.656,70.563,70.0,-0.052,82.25,77.188,69.188,78.125,0.0,100.0,72.0,70.0,1000.0,200.0,-0.002,0.0,77.875,77.875,0.009,76.125,75.063,68.438,74.125,0.0,62.438,72.0,70.0,1000.0,200.0,-0.001,0.0,76.5,76.625,0.011,73.875,75.813,69.875,74.563,0.0,27.0,72.0,70.0,1000.0,200.0,0.0,0.0,74.813,74.875,-0.004,0.0,0.0,0.0,0.0,0.0,0.0,0.0,0.0,0.0,0.0,0.0,0.0,0.0,0.0,0.0,0.0,0.015,0.031,0.01,0.029,0.0,0.0,0.0,0.0,0.0,0.0,0.0,0.0,0.0,0.0,0.0,0.0,0.0,0.0,0.0,0.0,0.147,-0.149,0.0,0.0,0.149,0.001,0.0,0.001,-0.015,0.01,0.0,0.0,0.035,0.035,-0.004,0.0,-0.0,0.0
9072007,2023,0.0,1.0,1.0,1.0,100.0,0.0,0.0,0.0,0.0,0.0,0.0,33.968,35.139,0.012,0.02,0.0,80.0,55.0,1.4,17.609,2.248,63.635,0.353,67.31,72.482,73.443,71.463,64.215,0.0,0.04,0.087,20.0,20.0,74.382,47.891,0.0,73.862,76.384,74.533,78.873,44.716,58.108,51.0,-10.82,50.406,77.75,72.313,72.25,68.813,70.813,0.0,0.0,72.0,70.0,1000.0,200.0,0.0,17.516,70.563,70.0,-0.052,82.0,77.188,69.25,78.188,0.0,100.0,72.0,70.0,1000.0,200.0,-0.002,0.0,77.875,77.875,0.01,76.125,75.063,68.438,74.375,0.0,62.438,72.0,70.0,1000.0,200.0,-0.001,0.0,76.5,76.625,0.015,73.875,75.813,69.875,74.5,0.0,27.0,72.0,70.0,1000.0,200.0,0.0,0.0,74.688,74.875,-0.004,0.0,0.0,0.0,0.0,0.0,0.0,0.0,0.0,0.0,0.0,0.0,0.0,0.0,0.0,0.0,0.0,0.014,0.031,0.01,0.029,0.0,0.0,0.0,0.0,0.0,0.0,0.0,0.0,0.0,0.0,0.0,0.0,0.0,0.0,0.0,0.0,0.0,-0.149,-0.148,0.0,0.001,0.001,-0.148,0.001,-0.016,0.009,0.0,0.0,0.034,0.035,-0.004,0.0,-0.0,0.0
9072007,2024,0.0,1.0,1.0,1.0,100.0,0.0,0.0,0.0,0.0,0.0,0.0,33.968,35.139,0.012,0.02,0.0,80.0,55.0,1.4,17.609,2.248,72.345,1.238,67.31,72.27,73.232,71.251,64.215,0.0,0.036,0.091,20.0,20.0,74.045,47.835,0.0,73.97,76.458,74.427,78.799,44.716,58.003,51.0,-10.82,50.313,77.75,72.313,72.375,69.0,70.75,0.0,0.0,72.0,70.0,1000.0,200.0,0.0,17.578,70.563,69.75,-0.052,82.0,77.125,69.25,78.188,0.0,100.0,72.0,70.0,1000.0,200.0,-0.002,0.0,77.875,77.875,0.01,76.125,75.063,68.5,74.125,0.0,62.438,72.0,70.0,1000.0,200.0,-0.001,0.0,76.5,76.625,0.017,73.875,75.813,69.875,74.5,0.0,27.0,72.0,70.0,1000.0,200.0,0.0,0.0,74.688,74.875,-0.004,0.0,0.0,0.0,0.0,0.0,0.0,0.0,0.0,0.0,0.0,0.0,0.0,0.0,0.0,0.0,0.0,0.015,0.031,0.01,0.029,0.0,0.0,0.0,0.0,0.0,0.0,0.0,0.0,0.0,0.0,0.0,0.0,0.0,0.0,0.0,0.0,0.0,-0.149,-0.148,0.0,0.149,0.149,0.0,0.001,-0.014,0.009,0.0,0.0,0.034,0.035,-0.006,0.0,-0.0,0.0
9072007,2025,0.0,1.0,1.0,1.0,100.0,0.0,0.0,0.0,0.0,0.0,0.0,33.968,35.139,0.012,0.02,0.0,80.0,55.0,1.4,17.531,2.248,65.378,1.915,67.31,72.27,73.337,71.251,64.215,0.0,0.036,0.087,20.0,20.0,74.045,47.779,0.0,73.755,76.384,74.533,78.799,44.863,57.899,51.073,-10.828,50.313,77.5,72.438,72.375,68.813,70.75,0.0,0.0,72.0,70.0,1000.0,200.0,0.0,17.625,70.563,70.0,-0.052,81.938,76.875,69.25,78.188,0.0,100.0,72.0,70.0,1000.0,200.0,-0.002,0.0,77.875,77.875,0.01,76.125,75.063,68.5,74.125,0.0,62.438,72.0,70.0,1000.0,200.0,-0.001,0.0,76.5,76.625,0.017,73.875,75.813,69.875,74.563,0.0,27.0,72.0,70.0,1000.0,200.0,0.0,0.0,74.688,74.875,-0.004,0.0,0.0,0.0,0.0,0.0,0.0,0.0,0.0,0.0,0.0,0.0,0.0,0.0,0.0,0.0,0.0,0.014,0.031,0.01,0.029,0.0,0.0,0.0,0.0,0.0,0.0,0.0,0.0,0.0,0.0,0.0,0.0,0.0,0.0,0.0,0.0,0.147,-0.223,0.0,0.0,0.149,0.149,-0.148,0.001,-0.016,0.01,0.0,0.0,0.034,0.035,-0.004,0.0,-0.0,0.0
9072007,2026,0.0,1.0,1.0,1.0,100.0,0.0,0.0,0.0,0.0,0.0,0.0,33.968,35.139,0.012,0.02,0.0,80.0,55.0,1.4,17.719,2.248,84.513,0.13,67.418,72.27,73.443,71.357,64.215,0.0,0.036,0.087,20.0,20.0,73.821,47.667,0.0,73.755,76.384,74.427,78.725,44.789,58.003,51.0,-10.82,50.25,77.188,72.313,72.375,69.0,70.813,0.0,0.0,72.0,70.0,1000.0,200.0,0.0,17.656,70.563,70.0,-0.052,81.938,76.875,69.25,78.125,0.0,100.0,72.0,70.0,1000.0,200.0,-0.002,0.0,77.688,77.875,0.01,76.125,75.063,68.5,74.375,0.0,62.438,72.0,70.0,1000.0,200.0,-0.001,0.0,76.5,76.688,0.017,73.813,75.813,70.0,74.563,0.0,27.0,72.0,70.0,1000.0,200.0,0.0,0.0,74.688,74.813,-0.004,0.0,0.0,0.0,0.0,0.0,0.0,0.0,0.0,0.0,0.0,0.0,0.0,0.0,0.0,0.0,0.0,0.014,0.031,0.01,0.029,0.0,0.0,0.0,0.0,0.0,0.0,0.0,0.0,0.0,0.0,0.0,0.0,0.0,0.0,0.0,0.0,0.147,-0.149,0.0,0.0,0.001,0.149,-0.148,0.149,-0.014,0.009,0.0,0.0,0.034,0.035,-0.004,-0.0,-0.0,0.0
9072007,2027,0.0,1.0,1.0,1.0,100.0,0.0,0.0,0.0,0.0,0.0,0.0,33.968,35.139,0.012,0.02,0.0,80.0,55.0,1.4,17.766,2.248,79.302,-1.216,67.525,72.27,73.443,71.357,64.322,0.0,0.036,0.091,20.0,20.0,73.737,47.667,0.0,73.97,76.236,74.533,78.651,44.863,58.108,51.073,-10.82,50.25,76.813,72.313,72.375,69.0,70.813,0.0,0.0,72.0,70.0,1000.0,200.0,0.0,17.5,70.813,70.0,-0.052,81.875,76.875,69.25,78.125,0.0,100.0,72.0,70.0,1000.0,200.0,-0.002,0.0,77.875,77.875,0.01,76.0,75.188,68.5,74.125,0.0,62.438,72.0,70.0,1000.0,200.0,-0.001,0.0,76.5,76.625,0.017,73.875,75.813,70.0,74.5,0.0,27.0,72.0,70.0,1000.0,200.0,0.0,0.0,74.813,74.813,-0.004,0.0,0.0,0.0,0.0,0.0,0.0,0.0,0.0,0.0,0.0,0.0,0.0,0.0,0.0,0.0,0.0,0.015,0.031,0.01,0.029,0.0,0.0,0.0,0.0,0.0,0.0,0.0,0.0,0.0,0.0,0.0,0.0,0.0,0.0,0.0,0.0,0.0,-0.149,-0.222,0.147,0.149,0.001,-0.148,-0.072,-0.017,0.009,0.0,0.0,0.034,0.035,-0.006,0.0,-0.0,0.0
9072007,2028,0.0,1.0,1.0,1.0,100.0,0.0,0.0,0.0,0.0,0.0,0.0,33.968,35.139,0.012,0.02,0.0,80.0,55.0,1.4,17.578,2.248,79.302,0.347,67.525,72.164,73.443,71.251,64.322,0.0,0.036,0.094,20.0,20.0,73.456,47.611,0.0,73.97,76.384,74.533,78.725,45.009,58.212,51.219,-10.82,50.219,76.75,72.313,72.375,69.0,70.813,0.0,0.0,72.0,70.0,1000.0,200.0,0.0,17.781,70.813,70.0,-0.052,81.75,76.875,69.313,77.875,0.0,100.0,72.0,70.0,1000.0,200.0,-0.002,0.0,77.875,77.875,0.01,76.0,75.063,68.5,74.125,0.0,62.438,72.0,70.0,1000.0,200.0,-0.001,0.0,76.5,76.625,0.017,73.875,75.813,70.0,74.563,0.0,27.0,72.0,70.0,1000.0,200.0,0.0,0.0,74.688,74.875,-0.004,0.0,0.0,0.0,0.0,0.0,0.0,0.0,0.0,0.0,0.0,0.0,0.0,0.0,0.0,0.0,0.0,0.015,0.031,0.011,0.029,0.0,0.0,0.0,0.0,0.0,0.0,0.0,0.0,0.0,0.0,0.0,0.0,0.0,0.0,0.0,0.0,0.147,-0.149,0.0,0.0,0.149,0.001,-0.148,0.001,-0.015,0.009,0.0,0.0,0.034,0.035,-0.006,0.0,-0.0,0.0
9072007,2029,0.0,1.0,1.0,1.0,100.0,0.0,0.0,0.0,0.0,0.0,0.0,33.968,35.139,0.012,0.02,0.0,80.0,55.0,1.4,17.641,2.248,84.513,0.35,67.525,72.27,73.443,71.251,64.215,0.0,0.036,0.091,20.0,20.0,73.064,47.611,0.0,73.862,76.31,74.533,78.725,45.009,58.421,51.146,-10.82,50.219,76.25,72.313,72.375,69.125,70.75,0.0,0.0,72.0,70.0,1000.0,200.0,0.0,17.438,70.813,70.0,-0.052,81.75,77.125,69.313,77.875,0.0,100.0,72.0,70.0,1000.0,200.0,-0.002,0.0,77.875,77.875,0.01,76.0,75.063,68.625,74.0,0.0,62.438,72.0,70.0,1000.0,200.0,-0.001,0.0,76.5,76.625,0.017,73.875,75.813,70.0,74.563,0.0,27.0,72.0,70.0,1000.0,200.0,0.0,0.0,74.813,74.875,-0.004,0.0,0.0,0.0,0.0,0.0,0.0,0.0,0.0,0.0,0.0,0.0,0.0,0.0,0.0,0.0,0.0,0.015,0.031,0.01,0.029,0.0,0.0,0.0,0.0,0.0,0.0,0.0,0.0,0.0,0.0,0.0,0.0,0.0,0.0,0.0,0.0,0.147,-0.149,-0.148,0.147,0.149,0.001,-0.148,0.149,-0.016,0.009,0.0,0.0,0.034,0.035,-0.006,0.0,-0.0,0.0
9072007,2030,0.0,1.0,1.0,1.0,100.0,0.0,0.0,0.0,0.0,0.0,0.0,35.139,35.139,0.022,0.02,0.0,80.0,55.0,1.4,17.641,2.248,81.039,0.343,67.525,72.27,73.443,71.251,64.108,0.0,0.04,0.091,20.0,20.0,72.755,47.583,0.0,73.862,76.458,74.427,78.799,45.083,58.421,51.291,-10.82,50.188,76.188,72.313,72.375,69.125,70.813,0.0,0.0,72.0,70.0,1000.0,200.0,0.0,17.5,70.938,70.0,-0.052,81.625,77.188,69.25,77.813,0.0,100.0,72.0,70.0,1000.0,200.0,-0.002,0.0,77.875,77.875,0.01,76.0,75.188,68.625,74.125,0.0,62.438,72.0,70.0,1000.0,200.0,-0.001,0.0,76.5,76.625,0.017,73.813,75.813,70.125,74.563,0.0,27.0,72.0,70.0,1000.0,200.0,0.0,0.0,74.813,74.875,-0.004,0.0,0.0,0.0,0.0,0.0,0.0,0.0,0.0,0.0,0.0,0.0,0.0,0.0,0.0,0.0,0.0,0.015,0.031,0.01,0.031,0.0,0.0,0.0,0.0,0.0,0.0,0.0,0.0,0.0,0.0,0.0,0.0,0.0,0.0,0.0,0.0,0.147,-0.149,-0.148,0.0,0.001,0.001,-0.148,0.149,-0.025,0.009,0.0,0.0,0.035,0.035,-0.007,0.0,-0.0,0.0
9072007,2031,0.0,1.0,1.0,1.0,100.0,0.0,0.0,0.0,0.0,0.0,0.0,35.139,35.139,0.012,0.02,0.0,80.0,55.0,1.4,17.641,2.248,77.563,0.902,67.633,72.27,73.337,71.357,64.108,0.0,0.036,0.091,20.0,20.0,72.418,47.583,0.0,73.862,76.384,74.533,78.725,45.156,58.317,51.364,-10.82,50.188,76.188,72.313,72.375,69.0,70.75,0.0,0.0,72.0,70.0,1000.0,200.0,0.0,17.344,70.813,70.0,-0.052,81.625,77.188,69.313,77.688,0.0,100.0,72.0,70.0,1000.0,200.0,-0.002,0.0,77.875,77.875,0.01,76.125,75.063,68.625,74.0,0.0,62.438,72.0,70.0,1000.0,200.0,-0.001,0.0,76.5,76.625,0.017,73.813,75.813,70.125,74.5,0.0,27.0,72.0,70.0,1000.0,200.0,0.0,0.0,74.813,74.813,-0.004,0.0,0.0,0.0,0.0,0.0,0.0,0.0,0.0,0.0,0.0,0.0,0.0,0.0,0.0,0.0,0.0,0.014,0.031,0.01,0.029,0.0,0.0,0.0,0.0,0.0,0.0,0.0,0.0,0.0,0.0,0.0,0.0,0.0,0.0,0.0,0.0,0.0,-0.001,-0.148,0.0,0.149,0.149,-0.148,0.149,-0.015,0.009,0.0,0.0,0.035,0.035,-0.006,0.0,-0.0,0.0
9072007,2032,0.0,1.0,1.0,1.0,100.0,0.0,0.0,0.0,0.0,0.0,0.0,33.968,35.139,0.012,0.034,0.0,80.0,55.0,1.4,17.609,2.248,79.302,0.742,67.633,72.164,73.443,71.251,64.108,0.0,0.036,0.087,20.0,20.0,72.278,47.639,0.0,73.862,76.31,74.427,78.725,45.229,58.212,51.364,-10.82,50.156,76.125,72.313,72.438,69.0,70.813,0.0,0.0,72.0,70.0,1000.0,200.0,0.0,17.656,70.938,70.063,-0.052,81.438,77.188,69.563,77.625,0.0,100.0,72.0,70.0,1000.0,200.0,-0.002,0.0,77.938,77.875,0.01,76.0,75.063,68.75,74.0,0.0,62.438,72.0,70.0,1000.0,200.0,-0.001,0.0,76.5,76.625,0.017,73.813,75.813,70.125,74.5,0.0,27.0,72.0,70.0,1000.0,200.0,0.0,0.0,74.813,74.813,-0.004,0.0,0.0,0.0,0.0,0.0,0.0,0.0,0.0,0.0,0.0,0.0,0.0,0.0,0.0,0.0,0.0,0.015,0.031,0.011,0.029,0.0,0.0,0.0,0.0,0.0,0.0,0.0,0.0,0.0,0.0,0.0,0.0,0.0,0.0,0.0,0.0,0.0,-0.149,0.0,0.0,0.149,0.001,0.0,0.001,-0.015,0.016,0.0,0.0,0.034,0.035,-0.007,0.0,-0.0,0.0
9072007,2033,0.0,1.0,1.0,1.0,100.0,0.0,0.0,0.0,0.0,0.0,0.0,33.968,35.139,0.012,0.02,0.0,80.0,55.0,1.4,17.531,2.248,77.563,0.574,67.633,72.164,73.443,71.251,64.108,0.0,0.036,0.091,20.0,20.0,72.11,47.667,0.0,73.97,76.31,74.533,78.725,45.302,58.526,51.437,-10.82,50.156,76.0,72.313,72.375,69.125,70.75,0.0,0.0,72.0,70.0,1000.0,200.0,0.0,17.578,70.938,70.063,-0.052,81.438,77.125,69.313,77.625,0.0,100.0,72.0,70.0,1000.0,200.0,-0.002,0.0,77.875,77.875,0.01,76.0,75.063,68.75,74.0,0.0,62.438,72.0,70.0,1000.0,200.0,-0.001,0.0,76.5,76.625,0.017,73.813,75.813,70.125,74.5,0.0,27.0,72.0,70.0,1000.0,200.0,0.0,0.0,74.813,74.875,-0.004,0.0,0.0,0.0,0.0,0.0,0.0,0.0,0.0,0.0,0.0,0.0,0.0,0.0,0.0,0.0,0.0,0.015,0.031,0.01,0.029,0.0,0.0,0.0,0.0,0.0,0.0,0.0,0.0,0.0,0.0,0.0,0.0,0.0,0.0,0.0,0.0,0.147,-0.149,0.0,0.0,0.001,0.149,-0.148,0.149,-0.016,0.009,0.0,0.0,0.034,0.035,-0.007,0.0,-0.0,0.0
9072007,2034,0.0,1.0,1.0,1.0,100.0,0.0,0.0,0.0,0.0,0.0,0.0,33.968,35.139,0.012,0.02,0.0,80.0,55.0,1.4,17.484,2.248,75.824,0.35,67.741,72.164,73.232,71.251,64.215,0.0,0.04,0.087,20.0,20.0,72.138,47.667,0.0,73.97,76.31,74.427,78.651,45.302,58.317,51.51,-10.82,50.188,76.0,72.313,72.375,69.125,70.813,0.0,0.0,72.0,70.0,1000.0,200.0,0.0,17.484,70.938,70.063,-0.052,81.313,77.125,69.313,77.625,0.0,100.0,72.0,70.0,1000.0,200.0,-0.002,0.0,77.875,77.938,0.01,76.0,75.063,68.75,74.0,0.0,62.438,72.0,70.0,1000.0,200.0,-0.001,0.0,76.5,76.688,0.017,73.813,75.813,70.188,74.563,0.0,27.0,72.0,70.0,1000.0,200.0,0.0,0.0,74.813,74.875,-0.004,0.0,0.0,0.0,0.0,0.0,0.0,0.0,0.0,0.0,0.0,0.0,0.0,0.0,0.0,0.0,0.0,0.014,0.031,0.011,0.029,0.0,0.0,0.0,0.0,0.0,0.0,0.0,0.0,0.0,0.0,0.0,0.0,0.0,0.0,0.0,0.0,0.147,-0.223,0.0,0.0,0.001,0.149,-0.148,0.149,-0.015,0.01,0.0,0.0,0.034,0.035,-0.007,-0.0,-0.0,0.0
9072007,2035,0.0,1.0,1.0,1.0,100.0,0.0,0.0,0.0,0.0,0.0,0.0,33.968,35.139,0.012,0.02,0.0,80.0,55.0,1.4,17.484,2.248,77.563,0.238,67.741,72.27,73.337,71.357,64.322,0.0,0.036,0.087,20.0,20.0,71.998,47.667,0.0,73.97,76.236,74.427,78.651,45.449,58.421,51.583,-10.82,50.156,75.875,72.125,72.375,69.125,70.813,0.0,0.0,72.0,70.0,1000.0,200.0,0.0,17.609,70.813,70.0,-0.052,81.25,77.125,69.563,77.688,0.0,100.0,72.0,70.0,1000.0,200.0,-0.002,0.0,77.875,77.938,0.01,76.125,75.063,68.813,74.0,0.0,62.438,72.0,70.0,1000.0,200.0,-0.001,0.0,76.5,76.625,0.017,73.813,75.813,70.188,74.5,0.0,27.0,72.0,70.0,1000.0,200.0,0.0,0.0,74.813,74.813,-0.004,0.0,0.0,0.0,0.0,0.0,0.0,0.0,0.0,0.0,0.0,0.0,0.0,0.0,0.0,0.0,0.0,0.015,0.031,0.01,0.029,0.0,0.0,0.0,0.0,0.0,0.0,0.0,0.0,0.0,0.0,0.0,0.0,0.0,0.0,0.0,0.0,0.0,-0.149,-0.148,0.147,0.001,0.001,0.0,0.149,-0.016,0.009,0.0,0.0,0.034,0.035,-0.006,-0.0,-0.0,0.0
9072007,2036,0.0,1.0,1.0,1.0,100.0,0.0,0.0,0.0,0.0,0.0,0.0,35.139,35.139,0.012,0.02,0.0,80.0,55.0,1.4,17.563,2.248,75.824,0.217,67.741,72.27,73.337,71.357,64.322,0.0,0.036,0.087,20.0,20.0,71.914,47.751,0.0,73.862,76.384,74.533,78.725,45.522,58.526,51.583,-10.82,50.219,75.688,72.125,72.25,69.125,70.75,0.0,0.0,72.0,70.0,1000.0,200.0,0.0,17.531,70.938,70.063,-0.052,81.25,76.875,69.563,77.625,0.0,100.0,72.0,70.0,1000.0,200.0,-0.002,0.0,77.875,77.938,0.01,76.0,75.063,68.813,74.0,0.0,62.438,72.0,70.0,1000.0,200.0,-0.001,0.0,76.5,76.625,0.017,73.813,75.813,70.188,74.563,0.0,27.0,72.0,70.0,1000.0,200.0,0.0,0.0,74.688,74.875,-0.004,0.0,0.0,0.0,0.0,0.0,0.0,0.0,0.0,0.0,0.0,0.0,0.0,0.0,0.0,0.0,0.0,0.014,0.031,0.01,0.031,0.0,0.0,0.0,0.0,0.0,0.0,0.0,0.0,0.0,0.0,0.0,0.0,0.0,0.0,0.0,0.0,0.0,-0.149,-0.148,0.0,-0.072,0.001,-0.148,0.149,-0.015,0.009,0.0,0.0,0.035,0.035,-0.007,-0.0,-0.0,0.0
9072007,2037,0.0,1.0,1.0,1.0,100.0,0.0,0.0,0.0,0.0,0.0,0.0,33.968,35.139,0.012,0.02,0.0,80.0,55.0,1.4,17.641,2.248,79.302,0.35,67.633,72.27,73.337,71.357,64.215,0.0,0.036,0.087,20.0,20.0,71.689,47.723,0.0,73.755,76.236,74.427,78.725,45.522,58.63,51.583,-10.82,50.156,75.5,72.125,72.375,69.25,70.813,0.0,0.0,72.0,70.0,1000.0,200.0,0.0,17.281,70.938,70.063,-0.052,81.125,76.75,69.563,77.625,0.0,100.0,72.0,70.0,1000.0,200.0,-0.002,0.0,77.938,77.938,0.01,76.0,75.063,68.75,74.0,0.0,62.438,72.0,70.0,1000.0,200.0,-0.001,0.0,76.5,76.625,0.017,73.813,75.813,70.188,74.563,0.0,27.0,72.0,70.0,1000.0,200.0,0.0,0.0,74.813,74.813,-0.004,0.0,0.0,0.0,0.0,0.0,0.0,0.0,0.0,0.0,0.0,0.0,0.0,0.0,0.0,0.0,0.0,0.014,0.031,0.01,0.029,0.0,0.0,0.0,0.0,0.0,0.0,0.0,0.0,0.0,0.0,0.0,0.0,0.0,0.0,0.0,0.0,0.147,-0.149,0.0,0.0,0.149,0.001,-0.148,0.001,-0.017,0.009,0.0,0.0,0.034,0.035,-0.007,0.0,-0.0,0.0
9072007,2038,0.0,1.0,1.0,1.0,100.0,0.0,0.0,0.0,0.0,0.0,0.0,33.968,35.139,0.012,0.034,0.0,80.0,55.0,1.4,17.406,2.248,77.563,0.574,67.741,72.164,73.337,71.357,64.322,0.0,0.036,0.091,20.0,20.0,71.661,47.779,0.0,73.862,76.31,74.427,78.651,45.595,58.526,51.728,-10.82,50.188,75.25,72.125,72.25,69.25,70.75,0.0,0.0,72.0,70.0,1000.0,200.0,0.0,17.563,70.938,70.063,-0.052,81.125,76.688,69.563,77.5,0.0,100.0,72.0,70.0,1000.0,200.0,-0.002,0.0,77.938,77.938,0.01,76.0,75.063,69.0,74.0,0.0,62.438,72.0,70.0,1000.0,200.0,-0.001,0.0,76.625,76.563,0.017,73.813,75.938,70.375,74.563,0.0,27.0,72.0,70.0,1000.0,200.0,0.0,0.0,74.813,74.875,-0.004,0.0,0.0,0.0,0.0,0.0,0.0,0.0,0.0,0.0,0.0,0.0,0.0,0.0,0.0,0.0,0.0,0.015,0.031,0.01,0.029,0.0,0.0,0.0,0.0,0.0,0.0,0.0,0.0,0.0,0.0,0.0,0.0,0.0,0.0,0.0,0.0,0.147,-0.149,-0.148,0.0,0.001,0.149,0.0,0.149,-0.015,0.016,0.0,0.0,0.034,0.035,-0.007,0.0,0.0,0.0
9072007,2039,0.0,1.0,1.0,1.0,100.0,0.0,0.0,0.0,0.0,0.0,0.0,33.968,35.139,0.012,0.02,0.0,80.0,55.0,1.4,17.453,2.248,77.563,2.699,67.848,72.164,73.232,71.251,64.322,0.0,0.036,0.091,20.0,20.0,71.409,47.807,0.0,73.862,76.31,74.427,78.651,45.669,58.63,51.728,-10.82,50.188,75.125,72.313,72.375,69.25,70.75,0.0,0.0,72.0,70.0,1000.0,200.0,0.0,17.375,71.0,70.063,-0.052,81.063,76.688,69.688,77.625,0.0,100.0,72.0,70.0,1000.0,200.0,-0.002,0.0,77.938,77.938,0.01,75.875,75.063,69.0,73.938,0.0,62.438,72.0,70.0,1000.0,200.0,-0.001,0.0,76.625,76.625,0.017,73.813,75.813,70.375,74.5,0.0,27.0,72.0,70.0,1000.0,200.0,0.0,0.0,74.813,74.875,-0.004,0.0,0.0,0.0,0.0,0.0,0.0,0.0,0.0,0.0,0.0,0.0,0.0,0.0,0.0,0.0,0.0,0.015,0.031,0.01,0.029,0.0,0.0,0.0,0.0,0.0,0.0,0.0,0.0,0.0,0.0,0.0,0.0,0.0,0.0,0.0,0.0,0.147,-0.149,-0.148,0.0,0.149,0.001,0.0,0.001,-0.015,0.009,0.0,0.0,0.034,0.035,-0.007,0.0,0.0,0.0
9072007,2040,0.0,1.0,1.0,1.0,100.0,0.0,0.0,0.0,0.0,0.0,0.0,33.968,35.139,0.012,0.02,0.0,80.0,55.0,1.4,17.453,2.248,79.302,0.465,67.848,72.27,73.232,71.251,64.322,0.0,0.036,0.087,20.0,20.0,71.325,47.835,0.0,73.862,76.236,74.533,78.577,45.669,58.63,51.728,-10.828,50.219,74.938,72.125,72.375,69.25,70.813,0.0,0.0,72.0,70.0,1000.0,200.0,0.0,17.5,71.0,70.063,-0.052,81.063,76.625,69.688,77.5,0.0,100.0,72.0,70.0,1000.0,200.0,-0.002,0.0,77.938,77.875,0.01,76.0,75.063,69.0,74.0,0.0,62.438,72.0,70.0,1000.0,200.0,-0.001,0.0,76.5,76.625,0.017,73.813,75.813,70.375,74.563,0.0,27.0,72.0,70.0,1000.0,200.0,0.0,0.0,74.813,74.813,-0.004,0.0,0.0,0.0,0.0,0.0,0.0,0.0,0.0,0.0,0.0,0.0,0.0,0.0,0.0,0.0,0.0,0.014,0.031,0.01,0.029,0.0,0.0,0.0,0.0,0.0,0.0,0.0,0.0,0.0,0.0,0.0,0.0,0.0,0.0,0.0,0.0,0.147,-0.149,0.0,0.0,0.149,0.001,-0.148,0.149,-0.016,0.009,0.0,0.0,0.034,0.035,-0.007,0.0,-0.0,0.0
9072007,2041,0.0,1.0,1.0,1.0,100.0,0.0,0.0,0.0,0.0,0.0,0.0,33.968,35.139,0.012,0.02,0.0,80.0,55.0,1.4,17.625,2.248,81.039,0.738,67.848,72.27,73.127,71.251,64.429,0.0,0.036,0.091,20.0,20.0,71.072,47.863,0.0,73.862,76.236,74.321,78.651,45.815,58.839,51.801,-10.82,50.188,74.688,72.313,72.375,69.25,70.813,0.0,0.0,72.0,70.0,1000.0,200.0,0.0,17.547,71.0,70.063,-0.052,80.813,76.625,69.563,77.5,0.0,100.0,72.0,70.0,1000.0,200.0,-0.002,0.0,77.875,77.938,0.01,75.875,75.063,68.813,74.0,0.0,62.438,72.0,70.0,1000.0,200.0,-0.001,0.0,76.5,76.625,0.017,73.688,75.813,70.375,74.563,0.0,27.0,72.0,70.0,1000.0,200.0,0.0,0.0,74.813,74.813,-0.004,0.0,0.0,0.0,0.0,0.0,0.0,0.0,0.0,0.0,0.0,0.0,0.0,0.0,0.0,0.0,0.0,0.015,0.031,0.01,0.029,0.0,0.0,0.0,0.0,0.0,0.0,0.0,0.0,0.0,0.0,0.0,0.0,0.0,0.0,0.0,0.0,0.147,-0.149,-0.148,0.0,0.001,0.149,-0.148,0.149,-0.015,0.009,0.0,0.0,0.034,0.035,-0.007,-0.0,-0.0,0.0
9072007,2042,0.0,1.0,1.0,1.0,100.0,0.0,0.0,0.0,0.0,0.0,0.0,33.968,35.139,0.012,0.02,0.0,80.0,55.0,1.4,17.422,2.248,77.563,2.0,67.848,72.164,73.232,71.251,64.322,0.0,0.036,0.091,20.0,20.0,70.848,47.891,0.0,73.755,76.236,74.427,78.651,45.815,58.735,51.874,-10.82,50.219,74.625,72.313,72.375,69.25,70.813,0.0,0.0,72.0,70.0,1000.0,200.0,0.0,17.656,70.938,70.188,-0.052,80.813,76.625,69.688,77.313,0.0,100.0,72.0,70.0,1000.0,200.0,-0.002,0.0,77.938,77.938,0.01,75.875,75.063,69.125,74.0,0.0,62.438,72.0,70.0,1000.0,200.0,-0.001,0.0,76.5,76.625,0.011,73.813,75.813,70.375,74.563,0.0,27.0,72.0,70.0,1000.0,200.0,0.0,0.0,74.813,74.875,-0.004,0.0,0.0,0.0,0.0,0.0,0.0,0.0,0.0,0.0,0.0,0.0,0.0,0.0,0.0,0.0,0.0,0.015,0.031,0.01,0.029,0.0,0.0,0.0,0.0,0.0,0.0,0.0,0.0,0.0,0.0,0.0,0.0,0.0,0.0,0.0,0.0,0.147,-0.149,0.0,0.0,0.001,0.001,-0.148,0.001,-0.016,0.009,0.0,0.0,0.034,0.035,-0.006,0.0,-0.0,0.0
9072007,2043,0.0,1.0,1.0,1.0,100.0,0.0,0.0,0.0,0.0,0.0,0.0,33.968,35.139,0.012,0.02,0.0,80.0,55.0,1.4,17.641,2.248,79.302,0.617,67.848,72.376,73.443,71.463,64.429,0.0,0.036,0.091,20.0,20.0,70.792,47.919,0.0,73.862,76.236,74.427,78.651,45.962,58.944,51.947,-10.82,50.219,74.438,72.313,72.375,69.313,70.813,0.0,0.0,72.0,70.0,1000.0,200.0,0.0,17.563,71.0,70.188,-0.052,80.75,76.625,69.688,77.313,0.0,100.0,72.0,70.0,1000.0,200.0,-0.002,0.0,77.875,77.938,0.01,75.75,75.063,69.125,74.0,0.0,62.438,72.0,70.0,1000.0,200.0,-0.001,0.0,76.5,76.625,0.017,73.813,75.813,70.5,74.563,0.0,27.0,72.0,70.0,1000.0,200.0,0.0,0.0,74.813,74.875,-0.004,0.0,0.0,0.0,0.0,0.0,0.0,0.0,0.0,0.0,0.0,0.0,0.0,0.0,0.0,0.0,0.0,0.014,0.031,0.01,0.031,0.0,0.0,0.0,0.0,0.0,0.0,0.0,0.0,0.0,0.0,0.0,0.0,0.0,0.0,0.0,0.0,0.147,-0.149,0.0,0.0,0.001,0.149,-0.148,0.149,-0.016,0.009,0.0,0.0,0.034,0.035,-0.006,-0.0,-0.0,0.0
9072007,2044,0.0,1.0,1.0,1.0,100.0,0.0,0.0,0.0,0.0,0.0,0.0,33.968,35.139,0.022,0.02,0.0,80.0,55.0,1.4,17.438,2.248,74.085,0.35,67.956,72.164,73.127,71.357,64.429,0.0,0.036,0.087,20.0,20.0,70.708,47.947,0.0,73.862,76.236,74.427,78.651,46.035,58.944,51.947,-10.82,50.219,74.313,72.125,72.25,69.313,70.813,0.0,0.0,72.0,70.0,1000.0,200.0,0.0,17.563,71.0,70.063,-0.052,80.75,76.5,69.75,77.5,0.0,100.0,72.0,70.0,1000.0,200.0,-0.002,0.0,77.938,77.938,0.01,75.875,75.063,69.125,74.0,0.0,62.438,72.0,70.0,1000.0,200.0,-0.001,0.0,76.625,76.688,0.017,73.813,75.813,70.5,74.563,0.0,27.0,72.0,70.0,1000.0,200.0,0.0,0.0,74.813,74.875,-0.004,0.0,0.0,0.0,0.0,0.0,0.0,0.0,0.0,0.0,0.0,0.0,0.0,0.0,0.0,0.0,0.0,0.015,0.031,0.01,0.029,0.0,0.0,0.0,0.0,0.0,0.0,0.0,0.0,0.0,0.0,0.0,0.0,0.0,0.0,0.0,0.0,0.147,-0.149,-0.148,0.147,0.149,0.001,0.0,0.001,-0.029,0.009,0.0,0.0,0.034,0.035,-0.007,0.0,-0.0,0.0
9072007,2045,0.0,1.0,1.0,1.0,100.0,0.0,0.0,0.0,0.0,0.0,0.0,33.968,35.139,0.012,0.034,0.0,80.0,55.0,1.4,17.438,2.248,77.563,1.245,67.848,72.164,73.127,71.251,64.429,0.0,0.036,0.091,20.0,20.0,70.567,47.947,0.0,73.862,76.236,74.427,78.577,45.962,59.048,51.947,-10.82,50.219,74.313,72.125,72.25,69.25,70.813,0.0,0.0,72.0,70.0,1000.0,200.0,0.0,17.672,71.0,70.188,-0.052,80.625,76.5,69.75,77.5,0.0,100.0,72.0,70.0,1000.0,200.0,-0.002,0.0,78.063,77.938,0.01,75.875,75.063,69.25,74.125,0.0,62.438,72.0,70.0,1000.0,200.0,-0.001,0.0,76.625,76.625,0.02,73.813,75.813,70.5,74.5,0.0,27.0,72.0,70.0,1000.0,200.0,0.0,0.0,74.938,75.0,-0.004,0.0,0.0,0.0,0.0,0.0,0.0,0.0,0.0,0.0,0.0,0.0,0.0,0.0,0.0,0.0,0.0,0.014,0.031,0.01,0.031,0.0,0.0,0.0,0.0,0.0,0.0,0.0,0.0,0.0,0.0,0.0,0.0,0.0,0.0,0.0,0.0,0.147,-0.149,0.0,0.0,0.149,0.001,0.0,0.001,-0.016,0.016,0.0,0.0,0.034,0.035,-0.006,0.0,0.0,0.0
9072007,2046,0.0,1.0,1.0,1.0,100.0,0.0,0.0,0.0,0.0,0.0,0.0,33.968,35.139,0.022,0.02,0.0,80.0,55.0,1.4,17.578,2.248,75.824,2.112,67.956,72.164,73.127,71.251,64.536,0.0,0.04,0.087,20.0,20.0,70.455,47.975,0.0,73.755,76.236,74.427,78.651,46.108,58.839,52.093,-10.828,50.219,74.125,72.125,72.25,69.313,70.813,0.0,0.0,72.0,70.0,1000.0,200.0,0.0,17.531,71.0,70.063,-0.052,80.625,76.5,69.75,77.5,0.0,100.0,72.0,70.0,1000.0,200.0,-0.002,0.0,77.938,77.938,0.01,75.875,75.063,69.25,74.125,0.0,62.438,72.0,70.0,1000.0,200.0,-0.001,0.0,76.5,76.625,0.021,73.813,75.813,70.5,74.563,0.0,27.0,72.0,70.0,1000.0,200.0,0.0,0.0,74.813,74.875,-0.004,0.0,0.0,0.0,0.0,0.0,0.0,0.0,0.0,0.0,0.0,0.0,0.0,0.0,0.0,0.0,0.0,0.017,0.031,0.011,0.032,0.0,0.0,0.0,0.0,0.0,0.0,0.0,0.0,0.0,0.0,0.0,0.0,0.0,0.0,0.0,0.0,0.0,-0.149,0.0,0.0,0.001,0.149,-0.148,0.149,-0.029,0.009,0.0,0.0,0.034,0.035,-0.007,0.0,-0.0,0.0
9072007,2047,0.0,1.0,1.0,1.0,100.0,0.0,0.0,0.0,0.0,0.0,0.0,33.968,35.139,0.012,0.02,0.0,80.0,55.0,1.4,17.328,2.248,77.563,0.572,67.956,72.164,73.127,71.251,64.536,0.0,0.04,0.091,20.0,20.0,70.343,48.003,0.0,73.862,76.162,74.321,78.577,46.181,59.153,52.093,-10.82,50.281,73.938,72.313,72.25,69.313,70.813,0.0,0.0,72.0,70.0,1000.0,200.0,0.0,17.391,71.0,70.188,-0.052,80.625,76.5,69.75,77.5,0.0,100.0,72.0,70.0,1000.0,200.0,-0.002,0.0,77.938,77.938,0.01,75.875,75.063,69.25,74.0,0.0,62.438,72.0,70.0,1000.0,200.0,-0.001,0.0,76.625,76.625,0.017,73.813,75.813,70.563,74.563,0.0,27.0,72.0,70.0,1000.0,200.0,0.0,0.0,74.813,74.813,-0.004,0.0,0.0,0.0,0.0,0.0,0.0,0.0,0.0,0.0,0.0,0.0,0.0,0.0,0.0,0.0,0.0,0.017,0.031,0.011,0.034,0.0,0.0,0.0,0.0,0.0,0.0,0.0,0.0,0.0,0.0,0.0,0.0,0.0,0.0,0.0,0.0,0.147,-0.149,-0.148,0.0,-0.072,0.149,-0.148,0.149,-0.016,0.009,0.0,0.0,0.034,0.035,-0.006,0.0,0.0,0.0
9072007,2048,0.0,1.0,1.0,1.0,100.0,0.0,0.0,0.0,0.0,0.0,0.0,33.968,35.139,0.022,0.02,0.0,80.0,55.0,1.4,17.75,2.248,84.513,0.35,68.064,72.164,73.127,71.357,64.536,0.0,0.036,0.087,20.0,20.0,70.147,48.031,0.0,73.862,76.162,74.321,78.577,46.255,58.944,52.165,-10.82,50.219,73.438,72.125,72.25,69.313,70.813,0.0,0.0,72.0,70.0,1000.0,200.0,0.0,17.531,71.063,70.188,-0.052,80.5,76.25,69.875,77.5,0.0,100.0,72.0,70.0,1000.0,200.0,-0.002,0.0,77.938,77.938,0.01,75.875,75.063,69.25,74.0,0.0,62.438,72.0,70.0,1000.0,200.0,-0.001,0.0,76.625,76.625,0.017,73.813,75.813,70.563,74.563,0.0,27.0,72.0,70.0,1000.0,200.0,0.0,0.0,74.813,74.875,-0.004,0.0,0.0,0.0,0.0,0.0,0.0,0.0,0.0,0.0,0.0,0.0,0.0,0.0,0.0,0.0,0.0,0.017,0.031,0.011,0.034,0.0,0.0,0.0,0.0,0.0,0.0,0.0,0.0,0.0,0.0,0.0,0.0,0.0,0.0,0.0,0.0,0.147,-0.149,0.0,0.0,0.149,0.001,-0.148,0.001,-0.029,0.009,0.0,0.0,0.034,0.035,-0.007,0.0,0.0,0.0
9072007,2049,0.0,1.0,1.0,1.0,100.0,0.0,0.0,0.0,0.0,0.0,0.0,33.968,35.139,0.022,0.02,0.0,80.0,55.0,1.4,17.656,2.248,82.776,0.35,68.064,72.164,73.127,71.251,64.643,0.0,0.036,0.091,20.0,20.0,70.035,48.059,0.0,73.755,76.162,74.533,78.577,46.255,59.153,52.238,-10.82,50.219,73.188,72.313,72.25,69.313,70.813,0.0,0.0,72.0,70.0,1000.0,200.0,0.0,17.672,71.063,70.188,-0.052,80.438,76.5,69.75,77.313,0.0,100.0,72.0,70.0,1000.0,200.0,-0.002,0.0,77.938,78.063,0.01,75.875,75.063,69.25,74.0,0.0,62.438,72.0,70.0,1000.0,200.0,-0.001,0.0,76.5,76.625,0.017,73.813,75.813,70.563,74.563,0.0,27.0,72.0,70.0,1000.0,200.0,0.0,0.0,74.813,74.875,-0.004,0.0,0.0,0.0,0.0,0.0,0.0,0.0,0.0,0.0,0.0,0.0,0.0,0.0,0.0,0.0,0.0,0.017,0.031,0.011,0.034,0.0,0.0,0.0,0.0,0.0,0.0,0.0,0.0,0.0,0.0,0.0,0.0,0.0,0.0,0.0,0.0,0.0,-0.149,-0.148,0.0,0.149,0.149,-0.148,0.149,-0.033,0.009,0.0,0.0,0.034,0.035,-0.007,-0.0,-0.0,0.0
9072007,2050,0.0,1.0,1.0,1.0,100.0,0.0,0.0,0.0,0.0,0.0,0.0,33.968,36.31,0.012,0.02,0.0,80.0,55.0,1.4,17.656,2.248,82.776,0.336,68.064,72.058,73.022,71.251,64.536,0.0,0.036,0.087,20.0,20.0,69.614,48.115,0.0,73.755,76.162,74.427,78.651,46.401,58.944,52.165,-10.828,50.281,72.875,72.313,72.25,69.313,70.813,0.0,0.0,72.0,70.0,1000.0,200.0,0.0,17.641,71.0,70.188,-0.052,80.438,76.5,69.75,77.313,0.0,100.0,72.0,70.0,1000.0,200.0,-0.002,0.0,77.938,77.938,0.01,75.875,75.063,69.313,74.0,0.0,62.438,72.0,70.0,1000.0,200.0,-0.001,0.0,76.625,76.625,0.017,73.688,75.813,70.563,74.563,0.0,27.0,72.0,70.0,1000.0,200.0,0.0,0.0,74.813,74.875,-0.004,0.0,0.0,0.0,0.0,0.0,0.0,0.0,0.0,0.0,0.0,0.0,0.0,0.0,0.0,0.0,0.0,0.017,0.031,0.011,0.034,0.0,0.0,0.0,0.0,0.0,0.0,0.0,0.0,0.0,0.0,0.0,0.0,0.0,0.0,0.0,0.0,0.147,-0.149,0.0,0.0,0.149,0.001,0.0,0.001,-0.017,0.009,0.0,0.0,0.034,0.036,-0.006,0.0,0.0,0.0
9072007,2051,0.0,1.0,1.0,1.0,100.0,0.0,0.0,0.0,0.0,0.0,0.0,33.968,35.139,0.012,0.02,0.0,80.0,55.0,1.4,17.563,2.248,77.563,0.542,68.064,72.164,73.022,71.251,64.643,0.0,0.036,0.087,20.0,20.0,69.53,48.143,0.0,73.755,76.162,74.427,78.577,46.475,59.048,52.311,-10.828,50.313,72.813,72.125,72.25,69.438,70.813,0.0,0.0,72.0,70.0,1000.0,200.0,0.0,17.547,71.063,70.188,-0.052,80.438,76.625,69.875,77.25,0.0,100.0,72.0,70.0,1000.0,200.0,-0.002,0.0,78.063,77.875,0.01,75.875,75.063,69.313,74.125,0.0,62.438,72.0,70.0,1000.0,200.0,-0.001,0.0,76.625,76.625,0.017,73.688,75.813,70.563,74.563,0.0,27.0,72.0,70.0,1000.0,200.0,0.0,0.0,74.813,74.875,-0.004,0.0,0.0,0.0,0.0,0.0,0.0,0.0,0.0,0.0,0.0,0.0,0.0,0.0,0.0,0.0,0.0,0.017,0.029,0.011,0.034,0.0,0.0,0.0,0.0,0.0,0.0,0.0,0.0,0.0,0.0,0.0,0.0,0.0,0.0,0.0,0.0,0.222,-0.149,0.0,0.0,0.149,0.001,-0.148,0.001,-0.017,0.009,0.0,0.0,0.034,0.035,-0.007,0.0,0.0,0.0
9072007,2052,0.0,1.0,1.0,1.0,100.0,0.0,0.0,0.0,0.0,0.0,0.0,33.968,35.139,0.012,0.02,0.0,80.0,55.0,1.4,17.531,2.248,74.085,0.35,68.279,72.164,73.022,71.251,64.643,0.0,0.036,0.087,20.0,20.0,69.221,48.143,0.0,73.97,76.162,74.427,78.577,46.475,59.362,52.311,-10.82,50.25,72.625,72.125,72.25,69.313,70.813,0.0,0.0,72.0,70.0,1000.0,200.0,0.0,17.516,71.0,70.063,-0.052,80.188,76.625,69.875,77.25,0.0,100.0,72.0,70.0,1000.0,200.0,-0.002,0.0,77.938,77.938,0.01,75.875,75.063,69.313,74.0,0.0,62.438,72.0,70.0,1000.0,200.0,-0.001,0.0,76.625,76.625,0.017,73.688,75.813,70.688,74.5,0.0,27.0,72.0,70.0,1000.0,200.0,0.0,0.0,74.813,74.875,-0.004,0.0,0.0,0.0,0.0,0.0,0.0,0.0,0.0,0.0,0.0,0.0,0.0,0.0,0.0,0.0,0.0,0.017,0.031,0.011,0.034,0.0,0.0,0.0,0.0,0.0,0.0,0.0,0.0,0.0,0.0,0.0,0.0,0.0,0.0,0.0,0.0,0.0,-0.149,-0.148,0.0,0.149,0.001,0.0,0.001,-0.017,0.009,0.0,0.0,0.034,0.035,-0.007,0.0,0.0,0.0
9072007,2053,0.0,1.0,1.0,1.0,100.0,0.0,0.0,0.0,0.0,0.0,0.0,35.139,35.139,0.012,0.02,0.0,80.0,55.0,1.4,17.609,2.248,74.085,0.319,68.064,72.058,73.022,71.251,64.643,0.0,0.036,0.087,20.0,20.0,69.053,48.199,0.0,73.755,76.088,74.427,78.577,46.548,59.153,52.384,-10.82,50.313,72.625,72.125,72.25,69.313,70.813,0.0,0.0,72.0,70.0,1000.0,200.0,0.0,17.641,71.0,70.188,-0.052,80.188,76.625,69.875,77.25,0.0,100.0,72.0,70.0,1000.0,200.0,-0.002,0.0,77.938,78.063,0.01,75.75,75.063,69.438,73.938,0.0,62.438,72.0,70.0,1000.0,200.0,-0.001,0.0,76.625,76.625,0.017,73.688,75.813,70.688,74.563,0.0,27.0,72.0,70.0,1000.0,200.0,0.0,0.0,74.938,74.875,-0.004,0.0,0.0,0.0,0.0,0.0,0.0,0.0,0.0,0.0,0.0,0.0,0.0,0.0,0.0,0.0,0.0,0.017,0.031,0.011,0.034,0.0,0.0,0.0,0.0,0.0,0.0,0.0,0.0,0.0,0.0,0.0,0.0,0.0,0.0,0.0,0.0,0.147,-0.149,0.0,-0.074,0.149,0.149,-0.148,0.001,-0.018,0.009,0.0,0.0,0.035,0.035,-0.006,-0.0,0.0,-0.0
9072007,2054,0.0,1.0,1.0,1.0,100.0,0.0,0.0,0.0,0.0,0.0,0.0,33.968,35.139,0.022,0.02,0.0,80.0,55.0,1.4,17.578,2.248,74.085,-0.655,68.171,72.058,73.022,71.251,64.643,0.0,0.036,0.087,20.0,20.0,68.969,48.199,0.0,73.755,76.162,74.321,78.577,46.548,59.362,52.457,-10.82,50.375,72.438,72.125,72.25,69.438,70.938,0.0,0.0,72.0,70.0,1000.0,200.0,0.0,17.656,71.0,70.188,-0.052,80.188,76.688,69.875,77.25,0.0,100.0,72.0,70.0,1000.0,200.0,-0.002,0.0,77.938,78.063,0.01,75.875,75.063,69.313,74.0,0.0,62.438,72.0,70.0,1000.0,200.0,-0.001,0.0,76.5,76.625,0.017,73.688,75.813,70.688,74.563,0.0,27.0,72.0,70.0,1000.0,200.0,0.0,0.0,74.813,74.875,-0.004,0.0,0.0,0.0,0.0,0.0,0.0,0.0,0.0,0.0,0.0,0.0,0.0,0.0,0.0,0.0,0.0,0.017,0.031,0.01,0.032,0.0,0.0,0.0,0.0,0.0,0.0,0.0,0.0,0.0,0.0,0.0,0.0,0.0,0.0,0.0,0.0,0.147,-0.223,0.0,0.0,0.001,0.001,-0.148,0.149,-0.029,0.009,0.0,0.0,0.034,0.035,-0.006,-0.0,-0.0,0.0
9072007,2055,0.0,1.0,1.0,1.0,100.0,0.0,0.0,0.0,0.0,0.0,0.0,33.968,35.139,0.012,0.02,0.0,80.0,55.0,1.4,17.578,3.37,93.186,-0.113,68.171,72.058,73.022,71.251,64.643,0.0,0.036,0.091,20.0,20.0,68.772,48.171,0.0,73.862,76.162,74.321,78.503,46.621,59.257,52.457,-10.82,50.344,71.75,72.313,72.25,69.438,70.813,0.0,0.0,72.0,70.0,1000.0,200.0,0.0,17.375,71.063,70.188,-0.052,80.063,76.688,69.875,77.25,0.0,100.0,72.0,70.0,1000.0,200.0,-0.002,0.0,78.063,77.938,0.01,75.75,75.063,69.438,74.0,0.0,62.438,72.0,70.0,1000.0,200.0,-0.001,0.0,76.5,76.625,0.019,73.813,75.813,70.813,74.563,0.0,27.0,72.0,70.0,1000.0,200.0,0.0,0.0,74.813,74.875,-0.004,0.0,0.0,0.0,0.0,0.0,0.0,0.0,0.0,0.0,0.0,0.0,0.0,0.0,0.0,0.0,0.0,0.017,0.031,0.011,0.034,0.0,0.0,0.0,0.0,0.0,0.0,0.0,0.0,0.0,0.0,0.0,0.0,0.0,0.0,0.0,0.0,0.147,-0.223,-0.148,0.0,0.149,0.001,0.0,0.001,-0.015,0.009,0.0,0.0,0.034,0.035,-0.007,0.0,-0.0,0.0
9072007,2056,0.0,1.0,1.0,1.0,100.0,0.0,0.0,0.0,0.0,0.0,0.0,35.139,35.139,0.012,0.02,0.0,80.0,55.0,1.4,17.453,2.248,67.121,0.322,68.171,72.164,73.022,71.251,64.75,0.0,0.036,0.087,20.0,20.0,68.857,48.171,0.0,73.755,76.162,74.321,78.503,46.768,59.257,52.53,-10.82,50.344,72.063,72.125,72.25,69.438,70.813,0.0,0.0,72.0,70.0,1000.0,200.0,0.0,17.375,71.063,70.188,-0.052,80.063,76.688,69.875,77.125,0.0,100.0,72.0,70.0,1000.0,200.0,-0.002,0.0,78.063,77.938,0.01,75.75,75.063,69.438,74.125,0.0,62.438,72.0,70.0,1000.0,200.0,-0.001,0.0,76.625,76.625,0.017,73.688,75.813,70.813,74.563,0.0,27.0,72.0,70.0,1000.0,200.0,0.0,0.0,74.813,74.813,-0.004,0.0,0.0,0.0,0.0,0.0,0.0,0.0,0.0,0.0,0.0,0.0,0.0,0.0,0.0,0.0,0.0,0.017,0.031,0.011,0.034,0.0,0.0,0.0,0.0,0.0,0.0,0.0,0.0,0.0,0.0,0.0,0.0,0.0,0.0,0.0,0.0,0.0,-0.149,-0.148,0.0,0.149,0.001,-0.148,0.001,-0.015,0.009,0.0,0.0,0.035,0.035,-0.007,0.0,0.0,0.0
9072007,2057,0.0,1.0,1.0,1.0,100.0,0.0,0.0,0.0,0.0,0.0,0.0,35.139,35.139,0.012,0.02,0.0,80.0,55.0,1.4,17.531,2.248,63.635,0.354,68.171,72.164,73.127,71.251,64.75,0.0,0.036,0.087,20.0,20.0,68.604,48.115,0.0,73.647,76.088,74.321,78.429,46.694,59.257,52.53,-10.82,50.406,72.188,72.125,72.25,69.438,70.813,0.0,0.0,72.0,70.0,1000.0,200.0,0.0,17.516,71.063,70.188,-0.052,80.063,76.75,69.875,77.25,0.0,100.0,72.0,70.0,1000.0,200.0,-0.002,0.0,78.063,77.938,0.01,75.875,75.063,69.438,74.0,0.0,62.438,72.0,70.0,1000.0,200.0,-0.001,0.0,76.625,76.625,0.017,73.688,75.813,70.813,74.563,0.0,27.0,72.0,70.0,1000.0,200.0,0.0,0.0,74.938,74.813,-0.004,0.0,0.0,0.0,0.0,0.0,0.0,0.0,0.0,0.0,0.0,0.0,0.0,0.0,0.0,0.0,0.0,0.017,0.031,0.011,0.034,0.0,0.0,0.0,0.0,0.0,0.0,0.0,0.0,0.0,0.0,0.0,0.0,0.0,0.0,0.0,0.0,0.147,-0.149,0.0,0.0,0.149,0.001,-0.148,0.001,-0.016,0.009,0.0,0.0,0.035,0.035,-0.007,0.0,0.0,-0.0
9072007,2058,0.0,1.0,1.0,1.0,100.0,0.0,0.0,0.0,0.0,0.0,0.0,35.139,35.139,0.012,0.005,0.0,80.0,55.0,1.4,17.563,2.248,65.378,0.518,68.279,72.164,73.232,71.251,64.857,0.0,0.036,0.091,20.0,20.0,68.464,48.059,0.0,73.647,76.014,74.321,78.429,46.768,59.362,52.53,-10.828,50.406,72.0,72.125,72.375,69.688,70.938,0.0,0.0,72.0,70.0,1000.0,200.0,0.0,17.406,71.188,70.188,-0.052,80.0,76.75,70.0,77.25,0.0,100.0,72.0,70.0,1000.0,200.0,-0.002,0.0,78.063,77.938,0.01,75.875,75.0,69.563,74.125,0.0,62.438,72.0,70.0,1000.0,200.0,-0.001,0.0,76.625,76.625,0.017,73.688,75.813,70.813,74.563,0.0,27.0,72.0,70.0,1000.0,200.0,0.0,0.0,74.938,74.875,-0.004,0.0,0.0,0.0,0.0,0.0,0.0,0.0,0.0,0.0,0.0,0.0,0.0,0.0,0.0,0.0,0.0,0.017,0.031,0.011,0.034,0.0,0.0,0.0,0.0,0.0,0.0,0.0,0.0,0.0,0.0,0.0,0.0,0.0,0.0,0.0,0.0,0.147,-0.149,-0.148,0.0,0.001,0.001,-0.148,0.149,-0.017,0.002,0.0,0.0,0.035,0.035,-0.008,0.0,0.0,-0.0
9072007,2059,0.0,1.0,1.0,1.0,100.0,0.0,0.0,0.0,0.0,0.0,0.0,35.139,35.139,0.012,0.02,0.0,80.0,55.0,1.4,17.844,2.248,47.919,1.692,68.171,72.164,73.337,71.251,64.75,0.0,0.036,0.087,20.0,20.0,68.38,47.975,0.0,73.647,76.162,74.321,78.503,46.841,59.571,52.675,-10.82,50.406,72.375,72.125,72.375,69.688,70.813,0.0,0.0,72.0,70.0,1000.0,200.0,0.0,17.609,71.063,70.188,-0.052,80.0,76.688,70.0,77.25,0.0,100.0,72.0,70.0,1000.0,200.0,-0.002,0.0,78.063,78.063,0.01,75.75,75.063,69.563,74.125,0.0,62.438,72.0,70.0,1000.0,200.0,-0.001,0.0,76.625,76.688,0.015,73.688,75.813,70.813,74.563,0.0,27.0,72.0,70.0,1000.0,200.0,0.0,0.0,74.813,74.875,-0.004,0.0,0.0,0.0,0.0,0.0,0.0,0.0,0.0,0.0,0.0,0.0,0.0,0.0,0.0,0.0,0.0,0.017,0.031,0.011,0.034,0.0,0.0,0.0,0.0,0.0,0.0,0.0,0.0,0.0,0.0,0.0,0.0,0.0,0.0,0.0,0.0,0.147,-0.149,0.0,0.0,0.001,0.001,-0.148,0.149,-0.015,0.009,0.0,0.0,0.035,0.035,-0.007,0.0,-0.0,0.0
9072007,2100,0.0,1.0,1.0,1.0,100.0,0.0,0.0,0.0,0.0,0.0,0.0,33.968,35.139,0.012,0.02,0.0,80.0,55.0,1.4,17.422,2.248,67.121,0.351,68.171,72.164,73.337,71.251,64.964,0.0,0.036,0.087,20.0,20.0,68.38,47.919,0.0,73.755,76.088,74.321,78.503,46.914,59.362,52.602,-10.828,50.406,72.063,72.125,72.375,69.688,70.813,0.0,0.0,72.0,70.0,1000.0,200.0,0.0,17.328,71.063,70.188,-0.052,79.875,76.688,70.0,77.313,0.0,100.0,72.0,70.0,1000.0,200.0,-0.002,0.0,78.063,78.063,0.01,75.75,75.063,69.563,74.375,0.0,62.438,72.0,70.0,1000.0,200.0,-0.001,0.0,76.625,76.625,0.02,73.688,75.75,70.813,74.563,0.0,27.0,72.0,70.0,1000.0,200.0,0.0,0.0,74.938,74.813,-0.004,0.0,0.0,0.0,0.0,0.0,0.0,0.0,0.0,0.0,0.0,0.0,0.0,0.0,0.0,0.0,0.0,0.017,0.031,0.011,0.034,0.0,0.0,0.0,0.0,0.0,0.0,0.0,0.0,0.0,0.0,0.0,0.0,0.0,0.0,0.0,0.0,0.0,-0.149,-0.148,0.0,0.001,0.149,-0.148,0.149,-0.016,0.009,0.0,0.0,0.034,0.035,-0.007,0.0,0.0,-0.0
9072007,2101,0.0,1.0,1.0,1.0,100.0,0.0,0.0,0.0,0.0,0.0,0.0,35.139,35.139,0.012,0.02,0.0,80.0,55.0,1.4,17.422,2.248,68.863,0.35,68.279,72.27,73.337,71.251,65.071,0.0,0.036,0.087,20.0,20.0,68.604,47.863,0.0,73.755,76.014,74.427,78.503,46.987,59.466,52.748,-10.82,50.406,71.375,72.125,72.25,69.438,70.938,0.0,0.0,72.0,70.0,1000.0,200.0,0.0,17.5,71.063,70.25,-0.052,79.875,76.688,70.0,77.313,0.0,100.0,72.0,70.0,1000.0,200.0,-0.002,0.0,77.938,78.063,0.01,75.75,75.063,69.688,74.375,0.0,62.438,72.0,70.0,1000.0,200.0,-0.001,0.0,76.625,76.625,0.017,73.688,75.813,71.0,74.563,0.0,27.0,72.0,70.0,1000.0,200.0,0.0,0.0,74.813,74.875,-0.004,0.0,0.0,0.0,0.0,0.0,0.0,0.0,0.0,0.0,0.0,0.0,0.0,0.0,0.0,0.0,0.0,0.017,0.031,0.011,0.034,0.0,0.0,0.0,0.0,0.0,0.0,0.0,0.0,0.0,0.0,0.0,0.0,0.0,0.0,0.0,0.0,0.147,-0.149,0.0,-0.074,0.149,0.001,0.0,0.001,-0.019,0.009,0.0,0.0,0.035,0.035,-0.006,-0.0,0.0,0.0
9072007,2102,0.0,1.0,1.0,1.0,100.0,0.0,0.0,0.0,0.0,0.0,0.0,35.139,36.31,0.022,0.02,0.0,80.0,55.0,1.4,17.609,2.248,68.863,0.375,68.279,72.164,73.443,71.146,65.071,0.0,0.036,0.087,20.0,20.0,68.604,47.835,0.0,73.647,76.014,74.321,78.429,46.987,59.466,52.748,-10.828,50.406,71.0,72.0,72.375,69.688,70.938,0.0,0.0,72.0,70.0,1000.0,200.0,0.0,17.547,71.188,70.188,-0.052,79.813,76.75,70.188,77.313,0.0,100.0,72.0,70.0,1000.0,200.0,-0.002,0.0,78.063,77.938,0.01,75.75,75.063,69.688,74.375,0.0,62.438,72.0,70.0,1000.0,200.0,-0.001,0.0,76.625,76.625,0.017,73.688,75.813,71.0,74.563,0.0,27.0,72.0,70.0,1000.0,200.0,0.0,0.0,74.938,74.875,-0.004,0.0,0.0,0.0,0.0,0.0,0.0,0.0,0.0,0.0,0.0,0.0,0.0,0.0,0.0,0.0,0.0,0.017,0.031,0.011,0.034,0.0,0.0,0.0,0.0,0.0,0.0,0.0,0.0,0.0,0.0,0.0,0.0,0.0,0.0,0.0,0.0,0.0,-0.149,-0.148,0.0,0.001,0.001,-0.148,0.149,-0.031,0.009,0.0,0.0,0.035,0.036,-0.008,0.0,0.0,-0.0
9072007,2103,0.0,1.0,1.0,1.0,100.0,0.0,0.0,0.0,0.0,0.0,0.0,33.968,35.139,0.012,0.02,0.0,80.0,55.0,1.4,17.563,2.248,70.604,0.35,68.386,72.164,73.337,71.357,64.964,0.0,0.036,0.087,20.0,20.0,68.268,47.835,0.0,73.755,76.088,74.427,78.429,47.061,59.466,52.821,-10.82,50.406,70.75,72.125,72.375,69.438,70.813,0.0,0.0,72.0,70.0,1000.0,200.0,0.0,17.703,71.063,70.25,-0.052,79.813,76.688,70.188,77.313,0.0,100.0,72.0,70.0,1000.0,200.0,-0.002,0.0,78.063,78.063,0.01,75.875,75.063,69.688,74.125,0.0,62.438,72.0,70.0,1000.0,200.0,-0.001,0.0,76.625,76.688,0.017,73.688,75.813,71.0,74.563,0.0,27.0,72.0,70.0,1000.0,200.0,0.0,0.0,74.813,74.875,-0.004,0.0,0.0,0.0,0.0,0.0,0.0,0.0,0.0,0.0,0.0,0.0,0.0,0.0,0.0,0.0,0.0,0.017,0.031,0.011,0.034,0.0,0.0,0.0,0.0,0.0,0.0,0.0,0.0,0.0,0.0,0.0,0.0,0.0,0.0,0.0,0.0,0.0,-0.149,0.0,0.0,0.149,-0.072,0.0,0.001,-0.017,0.009,0.0,0.0,0.034,0.035,-0.006,0.0,-0.0,0.0
9072007,2104,0.0,1.0,1.0,1.0,100.0,0.0,0.0,0.0,0.0,0.0,0.0,33.968,36.31,0.022,0.02,0.0,80.0,55.0,1.4,17.734,2.248,65.378,0.35,68.279,72.164,73.337,71.251,65.071,0.0,0.04,0.087,20.0,20.0,67.931,47.835,0.0,73.755,76.014,74.427,78.429,47.134,59.571,52.894,-10.82,50.406,70.563,72.125,72.438,69.688,70.938,0.0,0.0,72.0,70.0,1000.0,200.0,0.0,17.484,71.188,70.188,-0.052,79.625,76.75,70.188,77.313,0.0,100.0,72.0,70.0,1000.0,200.0,-0.002,0.0,78.063,78.063,0.01,75.75,75.063,69.688,74.125,0.0,62.438,72.0,70.0,1000.0,200.0,-0.001,0.0,76.625,76.625,0.017,73.563,75.813,71.0,74.563,0.0,27.0,72.0,70.0,1000.0,200.0,0.0,0.0,74.813,74.875,-0.004,0.0,0.0,0.0,0.0,0.0,0.0,0.0,0.0,0.0,0.0,0.0,0.0,0.0,0.0,0.0,0.0,0.017,0.031,0.011,0.032,0.0,0.0,0.0,0.0,0.0,0.0,0.0,0.0,0.0,0.0,0.0,0.0,0.0,0.0,0.0,0.0,0.147,-0.149,-0.148,0.0,0.149,0.001,-0.148,0.001,-0.033,0.009,0.0,0.0,0.034,0.036,-0.008,0.0,0.0,0.0
9072007,2105,0.0,1.0,1.0,1.0,100.0,0.0,0.0,0.0,0.0,0.0,0.0,33.968,35.139,0.012,0.02,0.0,80.0,55.0,1.4,17.563,2.248,67.121,1.28,68.279,72.164,73.337,71.251,64.964,0.0,0.036,0.087,20.0,20.0,67.679,47.835,0.0,73.647,76.088,74.321,78.356,47.134,59.78,52.894,-10.82,50.375,70.5,72.125,72.375,69.688,70.938,0.0,0.0,72.0,70.0,1000.0,200.0,0.0,17.625,71.188,70.25,-0.052,79.625,76.625,70.188,77.313,0.0,100.0,72.0,70.0,1000.0,200.0,-0.002,0.0,78.063,78.063,0.01,75.75,75.063,69.688,74.125,0.0,62.438,72.0,70.0,1000.0,200.0,-0.001,0.0,76.625,76.625,0.017,73.563,75.813,71.0,74.563,0.0,27.0,72.0,70.0,1000.0,200.0,0.0,0.0,74.813,74.875,-0.004,0.0,0.0,0.0,0.0,0.0,0.0,0.0,0.0,0.0,0.0,0.0,0.0,0.0,0.0,0.0,0.0,0.017,0.031,0.011,0.034,0.0,0.0,0.0,0.0,0.0,0.0,0.0,0.0,0.0,0.0,0.0,0.0,0.0,0.0,0.0,0.0,0.147,-0.149,0.0,0.0,0.149,0.001,0.0,0.001,-0.015,0.009,0.0,0.0,0.034,0.035,-0.007,0.0,0.0,0.0
9072007,2106,0.0,1.0,1.0,1.0,100.0,0.0,0.0,0.0,0.0,0.0,0.0,33.968,35.139,0.012,0.034,0.0,80.0,55.0,1.4,17.563,2.248,67.121,0.576,68.386,72.164,73.443,71.251,65.071,0.0,0.04,0.087,20.0,20.0,67.595,47.863,0.0,73.755,76.014,74.321,78.429,47.28,59.571,53.039,-10.828,50.406,70.438,72.125,72.375,69.688,70.938,0.0,0.0,72.0,70.0,1000.0,200.0,0.0,17.734,71.188,70.25,-0.052,79.625,76.5,70.188,77.25,0.0,100.0,72.0,70.0,1000.0,200.0,-0.002,0.0,78.063,78.063,0.01,75.75,75.063,69.813,74.375,0.0,62.438,72.0,70.0,1000.0,200.0,-0.001,0.0,76.625,76.625,0.017,73.563,75.813,71.063,74.563,0.0,27.0,72.0,70.0,1000.0,200.0,0.0,0.0,74.938,74.875,-0.004,0.0,0.0,0.0,0.0,0.0,0.0,0.0,0.0,0.0,0.0,0.0,0.0,0.0,0.0,0.0,0.0,0.017,0.031,0.011,0.032,0.0,0.0,0.0,0.0,0.0,0.0,0.0,0.0,0.0,0.0,0.0,0.0,0.0,0.0,0.0,0.0,0.0,-0.149,-0.148,0.0,0.001,0.149,-0.148,0.149,-0.017,0.016,0.0,0.0,0.034,0.035,-0.007,0.0,0.0,-0.0
9072007,2107,0.0,1.0,1.0,1.0,100.0,0.0,0.0,0.0,0.0,0.0,0.0,33.968,36.31,0.012,0.02,0.0,80.0,55.0,1.4,17.563,1.126,67.121,0.35,68.494,72.164,73.337,71.251,65.178,0.0,0.04,0.091,20.0,20.0,67.398,47.863,0.0,73.647,76.088,74.321,78.429,47.28,59.884,53.039,-10.828,50.406,70.188,72.125,72.375,69.688,70.813,0.0,0.0,72.0,70.0,1000.0,200.0,0.0,17.422,71.063,70.25,-0.052,79.625,76.5,70.25,77.25,0.0,100.0,72.0,70.0,1000.0,200.0,-0.002,0.0,77.938,77.938,0.01,75.75,75.063,69.813,74.375,0.0,62.438,72.0,70.0,1000.0,200.0,-0.001,0.0,76.625,76.625,0.017,73.563,75.813,71.063,74.563,0.0,27.0,72.0,70.0,1000.0,200.0,0.0,0.0,74.938,74.875,-0.004,0.0,0.0,0.0,0.0,0.0,0.0,0.0,0.0,0.0,0.0,0.0,0.0,0.0,0.0,0.0,0.0,0.017,0.031,0.011,0.032,0.0,0.0,0.0,0.0,0.0,0.0,0.0,0.0,0.0,0.0,0.0,0.0,0.0,0.0,0.0,0.0,0.147,-0.223,0.0,0.0,0.149,0.001,-0.148,0.001,-0.016,0.009,0.0,0.0,0.034,0.036,-0.006,0.0,0.0,-0.0
9072007,2108,0.0,1.0,1.0,1.0,100.0,0.0,0.0,0.0,0.0,0.0,0.0,33.968,35.139,0.022,0.02,0.0,80.0,55.0,1.4,17.547,2.248,68.863,0.35,68.602,72.164,73.232,71.251,65.178,0.0,0.036,0.087,20.0,20.0,67.37,47.891,0.0,73.862,76.014,74.321,78.429,47.354,59.78,53.112,-10.82,50.375,70.063,72.125,72.25,69.75,70.813,0.0,0.0,72.0,70.0,1000.0,200.0,0.0,17.516,71.375,70.25,-0.052,79.5,76.25,70.25,77.25,0.0,100.0,72.0,70.0,1000.0,200.0,-0.002,0.0,78.063,78.063,0.01,75.75,75.063,69.813,74.375,0.0,62.438,72.0,70.0,1000.0,200.0,-0.001,0.0,76.625,76.688,0.017,73.688,75.813,71.063,74.563,0.0,27.0,72.0,70.0,1000.0,200.0,0.0,0.0,74.938,74.875,-0.004,0.0,0.0,0.0,0.0,0.0,0.0,0.0,0.0,0.0,0.0,0.0,0.0,0.0,0.0,0.0,0.0,0.017,0.031,0.011,0.034,0.0,0.0,0.0,0.0,0.0,0.0,0.0,0.0,0.0,0.0,0.0,0.0,0.0,0.0,0.0,0.0,0.147,-0.149,0.0,0.0,0.149,0.001,0.0,-0.072,-0.031,0.009,0.0,0.0,0.034,0.035,-0.009,0.0,-0.0,-0.0
9072007,2109,0.0,1.0,1.0,1.0,100.0,0.0,0.0,0.0,0.0,0.0,0.0,33.968,35.139,0.012,0.02,0.0,80.0,55.0,1.4,17.656,2.248,67.121,-0.517,68.386,72.164,73.337,71.251,65.286,0.0,0.036,0.087,20.0,20.0,67.258,47.919,0.0,73.647,76.014,74.215,78.356,47.427,59.675,53.039,-10.82,50.438,69.938,72.0,72.25,69.688,70.813,0.0,0.0,72.0,70.0,1000.0,200.0,0.0,17.609,71.188,70.188,-0.052,79.375,76.25,70.25,77.25,0.0,100.0,72.0,70.0,1000.0,200.0,-0.002,0.0,78.063,78.063,0.009,75.75,75.063,69.813,74.375,0.0,62.438,72.0,70.0,1000.0,200.0,-0.001,0.0,76.625,76.625,0.017,73.563,75.813,71.063,74.563,0.0,27.0,72.0,70.0,1000.0,200.0,-0.001,0.0,74.938,74.875,-0.004,0.0,0.0,0.0,0.0,0.0,0.0,0.0,0.0,0.0,0.0,0.0,0.0,0.0,0.0,0.0,0.0,0.017,0.031,0.011,0.032,0.0,0.0,0.0,0.0,0.0,0.0,0.0,0.0,0.0,0.0,0.0,0.0,0.0,0.0,0.0,0.0,0.147,-0.149,-0.148,0.0,0.149,0.001,-0.148,0.149,-0.016,0.009,0.0,0.0,0.034,0.035,-0.008,0.0,0.0,-0.0
9072007,2110,0.0,1.0,1.0,1.0,100.0,0.0,0.0,0.0,0.0,0.0,0.0,33.968,35.139,0.022,0.02,0.0,80.0,55.0,1.4,17.594,2.248,70.604,0.407,68.709,72.164,73.232,71.251,65.5,0.0,0.04,0.091,20.0,20.0,67.062,47.947,0.0,73.862,76.014,74.427,78.356,47.427,59.78,53.112,-10.828,50.406,69.625,72.125,72.25,69.688,70.813,0.0,0.0,72.0,70.0,1000.0,200.0,0.0,17.656,71.188,70.25,-0.052,79.375,76.25,70.25,77.313,0.0,100.0,72.0,70.0,1000.0,200.0,-0.002,0.0,78.063,78.063,0.009,75.75,75.063,69.938,74.375,0.0,62.438,72.0,70.0,1000.0,200.0,-0.001,0.0,76.625,76.625,0.017,73.563,75.813,71.063,74.563,0.0,27.0,72.0,70.0,1000.0,200.0,-0.001,0.0,74.813,74.813,-0.004,0.0,0.0,0.0,0.0,0.0,0.0,0.0,0.0,0.0,0.0,0.0,0.0,0.0,0.0,0.0,0.0,0.017,0.031,0.011,0.032,0.0,0.0,0.0,0.0,0.0,0.0,0.0,0.0,0.0,0.0,0.0,0.0,0.0,0.0,0.0,0.0,0.147,-0.149,0.0,0.0,0.149,0.001,0.0,0.001,-0.032,0.009,0.0,0.0,0.034,0.035,-0.007,0.0,0.0,0.0
9072007,2111,0.0,1.0,1.0,1.0,100.0,0.0,0.0,0.0,0.0,0.0,0.0,32.796,35.139,0.012,0.02,0.0,80.0,55.0,1.4,17.672,2.248,75.824,0.35,68.386,72.058,73.232,71.251,65.286,0.0,0.036,0.087,20.0,20.0,66.949,47.975,0.0,73.647,76.014,74.427,78.356,47.5,59.988,53.185,-10.82,50.406,69.188,72.125,72.25,69.75,70.813,0.0,0.0,72.0,70.0,1000.0,200.0,0.0,17.547,71.188,70.25,-0.052,79.375,76.25,70.25,77.25,0.0,100.0,72.0,70.0,1000.0,200.0,-0.002,0.0,78.063,78.063,0.009,75.688,75.063,69.813,74.375,0.0,62.438,72.0,70.0,1000.0,200.0,-0.001,0.0,76.625,76.625,0.017,73.563,75.813,71.063,74.563,0.0,27.0,72.0,70.0,1000.0,200.0,0.0,0.0,74.938,74.875,-0.004,0.0,0.0,0.0,0.0,0.0,0.0,0.0,0.0,0.0,0.0,0.0,0.0,0.0,0.0,0.0,0.0,0.017,0.031,0.011,0.034,0.0,0.0,0.0,0.0,0.0,0.0,0.0,0.0,0.0,0.0,0.0,0.0,0.0,0.0,0.0,0.0,0.147,-0.149,0.0,0.0,0.149,0.001,0.0,0.001,-0.018,0.009,0.0,0.0,0.033,0.035,-0.007,0.0,0.0,-0.0
9072007,2112,0.0,1.0,1.0,1.0,100.0,0.0,0.0,0.0,0.0,0.0,0.0,35.139,35.139,0.012,0.02,0.0,80.0,55.0,1.4,17.672,2.248,75.824,0.238,68.494,72.164,73.232,71.463,65.286,0.0,0.036,0.087,20.0,20.0,66.781,48.003,0.0,73.647,76.014,74.321,78.356,47.574,59.884,53.258,-10.82,50.406,68.938,72.125,72.375,69.75,70.938,0.0,0.0,72.0,70.0,1000.0,200.0,0.0,17.531,71.188,70.25,-0.052,79.375,76.125,70.25,77.25,0.0,100.0,72.0,70.0,1000.0,200.0,-0.002,0.0,78.063,78.063,0.009,75.75,75.063,69.938,74.375,0.0,62.438,72.0,70.0,1000.0,200.0,-0.001,0.0,76.625,76.625,0.017,73.563,75.813,71.063,74.563,0.0,27.0,72.0,70.0,1000.0,200.0,0.0,0.0,74.938,74.875,-0.004,0.0,0.0,0.0,0.0,0.0,0.0,0.0,0.0,0.0,0.0,0.0,0.0,0.0,0.0,0.0,0.0,0.017,0.031,0.011,0.034,0.0,0.0,0.0,0.0,0.0,0.0,0.0,0.0,0.0,0.0,0.0,0.0,0.0,0.0,0.0,0.0,0.147,-0.149,0.0,0.0,0.001,0.149,-0.148,0.149,-0.017,0.009,0.0,0.0,0.035,0.035,-0.007,0.0,0.0,-0.0
9072007,2113,0.0,1.0,1.0,1.0,100.0,0.0,0.0,0.0,0.0,0.0,0.0,33.968,35.139,0.012,0.02,0.0,80.0,55.0,1.4,17.516,2.248,77.563,-0.125,68.602,71.952,73.127,71.146,65.286,0.0,0.036,0.087,20.0,20.0,66.417,48.031,0.0,73.755,75.866,74.321,78.356,47.647,59.884,53.331,-10.82,50.406,68.563,72.125,72.25,69.75,70.938,0.0,0.0,72.0,70.0,1000.0,200.0,0.0,17.375,71.375,70.25,-0.052,79.375,76.125,70.25,77.25,0.0,100.0,72.0,70.0,1000.0,200.0,-0.002,0.0,78.063,78.063,0.01,75.75,75.063,69.938,74.375,0.0,62.438,72.0,70.0,1000.0,200.0,-0.001,0.0,76.625,76.625,0.017,73.563,75.813,71.188,74.563,0.0,27.0,72.0,70.0,1000.0,200.0,0.0,0.0,74.813,74.875,-0.004,0.0,0.0,0.0,0.0,0.0,0.0,0.0,0.0,0.0,0.0,0.0,0.0,0.0,0.0,0.0,0.0,0.017,0.031,0.011,0.034,0.0,0.0,0.0,0.0,0.0,0.0,0.0,0.0,0.0,0.0,0.0,0.0,0.0,0.0,0.0,0.0,0.0,-0.001,-0.148,0.0,0.149,0.001,-0.148,0.149,-0.019,0.009,0.0,0.0,0.034,0.035,-0.009,0.0,0.0,0.0
9072007,2114,0.0,1.0,1.0,1.0,100.0,0.0,0.0,0.0,0.0,0.0,0.0,33.968,35.139,0.012,0.02,0.0,80.0,55.0,1.4,17.406,2.248,84.513,-0.32,68.602,72.058,73.232,71.251,65.286,0.0,0.036,0.087,20.0,20.0,66.136,48.059,0.0,73.647,76.088,74.215,78.356,47.72,59.988,53.404,-10.828,50.313,68.188,72.125,72.375,69.75,70.938,0.0,0.0,72.0,70.0,1000.0,200.0,0.0,17.359,71.375,70.375,-0.052,79.313,76.125,70.25,77.125,0.0,100.0,72.0,70.0,1000.0,200.0,-0.002,0.0,78.063,78.063,0.01,75.688,75.188,69.938,74.375,0.0,62.438,72.0,70.0,1000.0,200.0,-0.001,0.0,76.625,76.625,0.017,73.563,75.813,71.188,74.563,0.0,27.0,72.0,70.0,1000.0,200.0,0.0,0.0,74.938,74.875,-0.004,0.0,0.0,0.0,0.0,0.0,0.0,0.0,0.0,0.0,0.0,0.0,0.0,0.0,0.0,0.0,0.0,0.017,0.031,0.011,0.032,0.0,0.0,0.0,0.0,0.0,0.0,0.0,0.0,0.0,0.0,0.0,0.0,0.0,0.0,0.0,0.0,0.147,-0.149,0.0,0.0,0.149,0.001,-0.148,0.001,-0.015,0.009,0.0,0.0,0.034,0.035,-0.008,0.0,0.0,-0.0
9072007,2115,0.0,1.0,1.0,1.0,100.0,0.0,0.0,0.0,0.0,0.0,0.0,33.968,35.139,0.012,0.02,0.0,80.0,55.0,1.4,17.516,2.248,79.302,-0.662,68.602,72.058,73.232,71.357,65.286,0.0,0.036,0.087,20.0,20.0,65.94,48.087,0.0,73.54,76.014,74.321,78.356,47.793,59.988,53.404,-10.82,50.313,68.063,72.125,72.25,69.75,70.813,0.0,0.0,72.0,70.0,1000.0,200.0,0.0,17.594,71.188,70.25,-0.052,79.313,76.125,70.25,77.0,0.0,100.0,72.0,70.0,1000.0,200.0,-0.002,0.0,78.063,78.063,0.01,75.688,75.063,69.938,74.375,0.0,62.438,72.0,70.0,1000.0,200.0,-0.001,0.0,76.625,76.625,0.017,73.563,75.938,71.188,74.563,0.0,27.0,72.0,70.0,1000.0,200.0,0.0,0.0,74.938,74.875,-0.004,0.0,0.0,0.0,0.0,0.0,0.0,0.0,0.0,0.0,0.0,0.0,0.0,0.0,0.0,0.0,0.0,0.017,0.031,0.011,0.032,0.0,0.0,0.0,0.0,0.0,0.0,0.0,0.0,0.0,0.0,0.0,0.0,0.0,0.0,0.0,0.0,0.147,-0.149,0.0,0.0,0.001,0.001,-0.148,0.149,-0.017,0.009,0.0,0.0,0.034,0.035,-0.007,0.0,0.0,-0.0
9072007,2116,0.0,1.0,1.0,1.0,100.0,0.0,0.0,0.0,0.0,0.0,0.0,33.968,35.139,0.012,0.02,0.0,80.0,55.0,1.4,17.625,2.248,79.302,0.349,68.602,72.058,73.232,71.251,65.286,0.0,0.036,0.087,20.0,20.0,65.659,48.115,0.0,73.647,75.94,74.321,78.356,47.793,59.988,53.404,-10.82,50.313,67.75,72.0,72.375,69.813,70.938,0.0,0.0,72.0,70.0,1000.0,200.0,0.0,17.672,71.375,70.25,-0.052,79.188,76.25,70.25,77.0,0.0,100.0,72.0,70.0,1000.0,200.0,-0.002,0.0,78.063,78.063,0.01,75.688,75.063,69.938,74.375,0.0,62.438,72.0,70.0,1000.0,200.0,-0.001,0.0,76.625,76.625,0.017,73.563,75.813,71.188,74.563,0.0,27.0,72.0,70.0,1000.0,200.0,0.0,0.0,74.938,74.875,-0.004,0.0,0.0,0.0,0.0,0.0,0.0,0.0,0.0,0.0,0.0,0.0,0.0,0.0,0.0,0.0,0.0,0.017,0.031,0.011,0.032,0.0,0.0,0.0,0.0,0.0,0.0,0.0,0.0,0.0,0.0,0.0,0.0,0.0,0.0,0.0,0.0,0.147,-0.149,0.0,0.0,0.149,0.001,0.0,0.001,-0.018,0.009,0.0,0.0,0.034,0.035,-0.009,0.0,0.0,-0.0
9072007,2117,0.0,1.0,1.0,1.0,100.0,0.0,0.0,0.0,0.0,0.0,0.0,33.968,35.139,0.012,0.02,0.0,80.0,55.0,1.4,17.625,2.248,79.302,0.35,68.602,72.058,73.127,71.357,65.393,0.0,0.036,0.087,20.0,20.0,65.491,48.115,0.0,73.647,76.014,74.215,78.356,47.867,60.093,53.404,-10.82,50.313,67.75,72.125,72.375,69.75,70.938,0.0,0.0,72.0,70.0,1000.0,200.0,0.0,17.641,71.375,70.375,-0.052,79.188,76.25,70.25,76.875,0.0,100.0,72.0,70.0,1000.0,200.0,-0.002,0.0,78.063,78.063,0.01,75.688,75.063,70.0,74.438,0.0,62.438,72.0,70.0,1000.0,200.0,-0.001,0.0,76.625,76.625,0.017,73.563,75.813,71.188,74.563,0.0,27.0,72.0,70.0,1000.0,200.0,0.0,0.0,74.938,74.875,-0.004,0.0,0.0,0.0,0.0,0.0,0.0,0.0,0.0,0.0,0.0,0.0,0.0,0.0,0.0,0.0,0.0,0.017,0.031,0.011,0.032,0.0,0.0,0.0,0.0,0.0,0.0,0.0,0.0,0.0,0.0,0.0,0.0,0.0,0.0,0.0,0.0,0.0,-0.149,-0.148,0.0,0.001,0.149,-0.222,0.001,-0.016,0.009,0.0,0.0,0.034,0.035,-0.008,0.0,0.0,-0.0
9072007,2118,0.0,1.0,1.0,1.0,100.0,0.0,0.0,0.0,0.0,0.0,0.0,33.968,35.139,0.012,0.02,0.0,80.0,55.0,1.4,17.625,2.248,75.824,-0.068,68.602,72.164,73.127,71.357,65.393,0.0,0.036,0.091,20.0,20.0,65.351,48.171,0.0,73.647,76.014,74.215,78.356,48.013,60.093,53.549,-10.82,50.313,67.813,72.0,72.25,69.813,70.813,0.0,0.0,72.0,70.0,1000.0,200.0,0.0,17.438,71.375,70.25,-0.052,79.188,76.25,70.25,76.875,0.0,100.0,72.0,70.0,1000.0,200.0,-0.002,0.0,78.125,78.063,0.01,75.688,75.0,70.0,74.375,0.0,62.438,72.0,70.0,1000.0,200.0,-0.001,0.0,76.625,76.625,0.017,73.563,75.813,71.313,74.563,0.0,27.0,72.0,70.0,1000.0,200.0,0.0,0.0,74.938,74.875,-0.004,0.0,0.0,0.0,0.0,0.0,0.0,0.0,0.0,0.0,0.0,0.0,0.0,0.0,0.0,0.0,0.0,0.017,0.031,0.011,0.034,0.0,0.0,0.0,0.0,0.0,0.0,0.0,0.0,0.0,0.0,0.0,0.0,0.0,0.0,0.0,0.0,0.147,-0.149,-0.148,0.0,0.149,0.001,0.0,0.001,-0.016,0.009,0.0,0.0,0.034,0.035,-0.009,0.0,0.0,-0.0
9072007,2119,0.0,1.0,1.0,1.0,100.0,0.0,0.0,0.0,0.0,0.0,0.0,33.968,35.139,0.012,0.02,0.0,80.0,55.0,1.4,17.547,2.248,79.302,0.345,68.602,72.058,73.127,71.357,65.393,0.0,0.036,0.087,20.0,20.0,65.295,48.199,0.0,73.54,75.94,74.215,78.356,48.013,60.093,53.549,-10.82,50.313,67.5,72.125,72.25,69.75,70.938,0.0,0.0,72.0,70.0,1000.0,200.0,0.0,17.609,71.375,70.375,-0.052,79.0,76.25,70.375,76.688,0.0,100.0,72.0,70.0,1000.0,200.0,-0.002,0.0,78.125,78.063,0.01,75.688,75.063,70.0,74.375,0.0,62.438,72.0,70.0,1000.0,200.0,-0.001,0.0,76.625,76.625,0.017,73.563,75.813,71.313,74.563,0.0,27.0,72.0,70.0,1000.0,200.0,0.0,0.0,74.938,74.875,-0.004,0.0,0.0,0.0,0.0,0.0,0.0,0.0,0.0,0.0,0.0,0.0,0.0,0.0,0.0,0.0,0.0,0.017,0.031,0.011,0.032,0.0,0.0,0.0,0.0,0.0,0.0,0.0,0.0,0.0,0.0,0.0,0.0,0.0,0.0,0.0,0.0,0.147,-0.149,0.0,0.0,0.001,0.149,-0.148,0.149,-0.017,0.009,0.0,0.0,0.034,0.035,-0.008,0.0,0.0,-0.0
9072007,2120,0.0,1.0,1.0,1.0,100.0,0.0,0.0,0.0,0.0,0.0,0.0,35.139,35.139,0.022,0.02,0.0,80.0,55.0,1.4,17.547,2.248,82.776,0.35,68.602,72.058,73.022,71.357,65.393,0.0,0.036,0.091,20.0,20.0,65.183,48.199,0.0,73.647,75.94,74.321,78.356,48.086,60.197,53.622,-10.82,50.313,67.188,72.0,72.25,69.75,70.938,0.0,0.0,72.0,70.0,1000.0,200.0,0.0,17.609,71.375,70.25,-0.052,79.188,76.25,70.375,76.688,0.0,100.0,72.0,70.0,1000.0,200.0,-0.002,0.0,78.125,78.063,0.01,75.688,75.063,70.0,74.375,0.0,62.438,72.0,70.0,1000.0,200.0,-0.001,0.0,76.625,76.625,0.017,73.563,75.813,71.313,74.563,0.0,27.0,72.0,70.0,1000.0,200.0,0.0,0.0,74.938,74.813,-0.004,0.0,0.0,0.0,0.0,0.0,0.0,0.0,0.0,0.0,0.0,0.0,0.0,0.0,0.0,0.0,0.0,0.017,0.031,0.011,0.034,0.0,0.0,0.0,0.0,0.0,0.0,0.0,0.0,0.0,0.0,0.0,0.0,0.0,0.0,0.0,0.0,0.147,-0.149,0.0,0.0,0.001,0.149,-0.222,0.149,-0.033,0.009,0.0,0.0,0.035,0.035,-0.009,0.0,0.0,-0.0
9072007,2121,0.0,1.0,1.0,1.0,100.0,0.0,0.0,0.0,0.0,0.0,0.0,33.968,35.139,0.022,0.02,0.0,80.0,55.0,1.4,17.531,2.248,81.039,0.35,68.709,72.164,73.127,71.251,65.393,0.0,0.036,0.091,20.0,20.0,65.07,48.227,0.0,73.647,76.014,74.215,78.356,48.16,60.093,53.695,-10.82,50.313,67.125,72.125,72.25,69.813,70.938,0.0,0.0,72.0,70.0,1000.0,200.0,0.0,17.672,71.375,70.375,-0.052,78.875,76.25,70.375,76.688,0.0,100.0,72.0,70.0,1000.0,200.0,-0.002,0.0,78.125,77.938,0.01,75.688,75.063,70.0,74.375,0.0,62.438,72.0,70.0,1000.0,200.0,-0.001,0.0,76.625,76.625,0.017,73.5,75.813,71.313,74.563,0.0,27.0,72.0,70.0,1000.0,200.0,0.0,0.0,74.938,74.875,-0.004,0.0,0.0,0.0,0.0,0.0,0.0,0.0,0.0,0.0,0.0,0.0,0.0,0.0,0.0,0.0,0.0,0.017,0.029,0.011,0.034,0.0,0.0,0.0,0.0,0.0,0.0,0.0,0.0,0.0,0.0,0.0,0.0,0.0,0.0,0.0,0.0,0.147,-0.149,0.0,0.0,0.001,0.001,-0.148,0.149,-0.029,0.009,0.0,0.0,0.034,0.035,-0.008,0.0,0.0,-0.0
9072007,2122,0.0,1.0,1.0,1.0,100.0,0.0,0.0,0.0,0.0,0.0,0.0,33.968,35.139,0.012,0.02,0.0,80.0,55.0,1.4,17.609,2.248,75.824,0.21,68.709,72.058,73.127,71.251,65.5,0.0,0.036,0.087,20.0,20.0,64.874,48.255,0.0,73.647,75.866,74.215,78.208,48.086,60.093,53.622,-10.82,50.313,66.938,72.0,72.25,69.813,71.063,0.0,0.0,72.0,70.0,1000.0,200.0,0.0,17.594,71.5,70.375,-0.052,79.0,76.25,70.375,76.563,0.0,100.0,72.0,70.0,1000.0,200.0,-0.002,0.0,78.125,78.063,0.01,75.438,75.063,70.0,74.438,0.0,62.438,72.0,70.0,1000.0,200.0,-0.001,0.0,76.625,76.625,0.017,73.5,75.813,71.313,74.563,0.0,27.0,72.0,70.0,1000.0,200.0,0.0,0.0,74.938,74.875,-0.004,0.0,0.0,0.0,0.0,0.0,0.0,0.0,0.0,0.0,0.0,0.0,0.0,0.0,0.0,0.0,0.0,0.017,0.031,0.011,0.034,0.0,0.0,0.0,0.0,0.0,0.0,0.0,0.0,0.0,0.0,0.0,0.0,0.0,0.0,0.0,0.0,0.0,-0.149,-0.148,0.0,0.149,0.149,0.0,0.149,-0.017,0.009,0.0,0.0,0.034,0.035,-0.009,0.0,0.0,-0.0
9072007,2123,0.0,1.0,1.0,1.0,100.0,0.0,0.0,0.0,0.0,0.0,0.0,33.968,35.139,0.022,0.02,0.0,80.0,55.0,1.4,17.391,2.248,84.513,-0.157,68.709,72.164,73.022,71.357,65.393,0.0,0.036,0.091,20.0,20.0,64.762,48.283,0.0,73.54,75.94,74.215,78.356,48.233,60.302,53.622,-10.82,50.281,66.75,72.0,72.188,69.75,70.938,0.0,0.0,72.0,70.0,1000.0,200.0,0.0,17.563,71.375,70.25,-0.052,78.875,76.625,70.375,76.688,0.0,100.0,72.0,70.0,1000.0,200.0,-0.002,0.0,78.125,78.063,0.01,75.688,75.063,70.188,74.438,0.0,62.438,72.0,70.0,1000.0,200.0,-0.001,0.0,76.688,76.625,0.017,73.5,75.813,71.313,74.563,0.0,27.0,72.0,70.0,1000.0,200.0,0.0,0.0,74.938,74.875,-0.004,0.0,0.0,0.0,0.0,0.0,0.0,0.0,0.0,0.0,0.0,0.0,0.0,0.0,0.0,0.0,0.0,0.017,0.031,0.011,0.034,0.0,0.0,0.0,0.0,0.0,0.0,0.0,0.0,0.0,0.0,0.0,0.0,0.0,0.0,0.0,0.0,0.147,-0.223,0.0,0.0,0.149,0.001,0.0,0.001,-0.031,0.009,0.0,0.0,0.034,0.035,-0.009,0.0,0.0,-0.0
9072007,2124,0.0,1.0,1.0,1.0,100.0,0.0,0.0,0.0,0.0,0.0,0.0,35.139,35.139,0.022,0.02,0.0,80.0,55.0,1.4,17.672,2.248,77.563,0.348,68.709,72.058,72.917,71.357,65.5,0.0,0.036,0.091,20.0,20.0,64.706,48.283,0.0,73.54,76.014,74.321,78.282,48.306,60.302,53.768,-10.82,50.281,66.438,72.0,72.25,69.813,70.938,0.0,0.0,72.0,70.0,1000.0,200.0,0.0,17.547,71.5,70.375,-0.052,78.875,76.5,70.375,76.563,0.0,100.0,72.0,70.0,1000.0,200.0,-0.002,0.0,78.125,78.063,0.01,75.688,75.063,70.188,74.375,0.0,62.438,72.0,70.0,1000.0,200.0,-0.001,0.0,76.688,76.625,0.017,73.5,75.813,71.375,74.563,0.0,27.0,72.0,70.0,1000.0,200.0,0.0,0.0,74.938,74.875,-0.004,0.0,0.0,0.0,0.0,0.0,0.0,0.0,0.0,0.0,0.0,0.0,0.0,0.0,0.0,0.0,0.0,0.017,0.031,0.01,0.034,0.0,0.0,0.0,0.0,0.0,0.0,0.0,0.0,0.0,0.0,0.0,0.0,0.0,0.0,0.0,0.0,0.0,-0.149,-0.148,0.0,0.149,0.001,-0.148,0.001,-0.029,0.009,0.0,0.0,0.035,0.035,-0.009,0.0,0.0,-0.0
9072007,2125,0.0,1.0,1.0,1.0,100.0,0.0,0.0,0.0,0.0,0.0,0.0,33.968,35.139,0.022,0.02,0.0,80.0,55.0,1.4,17.547,2.248,82.776,0.714,68.602,72.058,73.022,71.357,65.393,0.0,0.036,0.087,20.0,20.0,64.425,48.311,0.0,73.433,75.866,74.321,78.208,48.233,60.197,53.695,-10.82,50.25,66.25,72.0,72.25,69.75,70.938,0.0,0.0,72.0,70.0,1000.0,200.0,0.0,17.406,71.375,70.25,-0.052,78.813,76.5,70.375,76.5,0.0,100.0,72.0,70.0,1000.0,200.0,-0.002,0.0,78.125,78.063,0.01,75.688,75.0,70.188,74.375,0.0,62.438,72.0,70.0,1000.0,200.0,-0.001,0.0,76.625,76.625,0.017,73.5,75.813,71.375,74.563,0.0,27.0,72.0,70.0,1000.0,200.0,0.0,0.0,74.938,74.875,-0.004,0.0,0.0,0.0,0.0,0.0,0.0,0.0,0.0,0.0,0.0,0.0,0.0,0.0,0.0,0.0,0.0,0.017,0.031,0.011,0.032,0.0,0.0,0.0,0.0,0.0,0.0,0.0,0.0,0.0,0.0,0.0,0.0,0.0,0.0,0.0,0.0,0.0,-0.149,-0.148,0.0,0.001,0.001,-0.148,0.149,-0.033,0.009,0.0,0.0,0.034,0.035,-0.009,0.0,0.0,-0.0
9072007,2126,0.0,1.0,1.0,1.0,100.0,0.0,0.0,0.0,0.0,0.0,0.0,33.968,35.139,0.012,0.02,0.0,80.0,55.0,1.4,17.547,2.248,82.776,0.098,68.709,72.058,73.022,71.251,65.607,0.0,0.036,0.087,20.0,20.0,64.257,48.367,0.0,73.647,75.94,74.321,78.208,48.379,60.406,53.841,-10.82,50.281,66.0,72.0,72.188,69.813,70.938,0.0,0.0,72.0,70.0,1000.0,200.0,0.0,17.672,71.375,70.25,-0.052,78.813,76.5,70.438,76.438,0.0,100.0,72.0,70.0,1000.0,200.0,-0.002,0.0,78.313,78.063,0.01,75.438,75.063,70.188,74.375,0.0,62.438,72.0,70.0,1000.0,200.0,-0.001,0.0,76.625,76.625,0.018,73.5,75.813,71.313,74.563,0.0,27.0,72.0,70.0,1000.0,200.0,0.0,0.0,74.938,74.875,-0.004,0.0,0.0,0.0,0.0,0.0,0.0,0.0,0.0,0.0,0.0,0.0,0.0,0.0,0.0,0.0,0.0,0.017,0.031,0.011,0.032,0.0,0.0,0.0,0.0,0.0,0.0,0.0,0.0,0.0,0.0,0.0,0.0,0.0,0.0,0.0,0.0,0.0,-0.149,0.0,0.0,0.001,0.149,-0.148,0.149,-0.017,0.009,0.0,0.0,0.034,0.035,-0.009,0.0,0.0,-0.0
9072007,2127,0.0,1.0,1.0,1.0,100.0,0.0,0.0,0.0,0.0,0.0,0.0,33.968,35.139,0.022,0.02,0.0,80.0,55.0,1.4,17.531,2.248,75.824,0.317,68.709,72.058,73.022,71.251,65.607,0.0,0.036,0.087,20.0,20.0,64.117,48.395,0.0,73.54,75.866,74.215,78.208,48.379,60.511,53.913,-10.82,50.25,65.813,72.0,72.188,69.813,70.938,0.0,0.0,72.0,70.0,1000.0,200.0,0.0,17.406,71.375,70.375,-0.052,78.813,76.25,70.375,76.438,0.0,100.0,72.0,70.0,1000.0,200.0,-0.002,0.0,78.125,78.063,0.01,75.688,75.063,70.188,74.375,0.0,62.438,72.0,70.0,1000.0,200.0,-0.001,0.0,76.625,76.688,0.018,73.5,75.813,71.375,74.563,0.0,27.0,72.0,70.0,1000.0,200.0,0.0,0.0,74.938,74.875,-0.004,0.0,0.0,0.0,0.0,0.0,0.0,0.0,0.0,0.0,0.0,0.0,0.0,0.0,0.0,0.0,0.0,0.017,0.031,0.01,0.032,0.0,0.0,0.0,0.0,0.0,0.0,0.0,0.0,0.0,0.0,0.0,0.0,0.0,0.0,0.0,0.0,0.0,-0.149,-0.148,0.0,0.149,0.001,-0.148,0.001,-0.031,0.009,0.0,0.0,0.034,0.035,-0.008,0.0,-0.0,-0.0
9072007,2128,0.0,1.0,1.0,1.0,100.0,0.0,0.0,0.0,0.0,0.0,0.0,33.968,35.139,0.012,0.02,0.0,80.0,55.0,1.4,17.484,2.248,79.302,0.35,68.925,72.058,72.917,71.357,65.821,0.0,0.036,0.091,20.0,20.0,63.92,48.395,0.0,73.755,75.866,74.215,78.208,48.453,60.406,53.841,-10.82,50.281,65.875,72.0,72.25,69.813,70.938,0.0,0.0,72.0,70.0,1000.0,200.0,0.0,17.453,71.5,70.25,-0.052,78.813,76.25,70.375,76.438,0.0,100.0,72.0,70.0,1000.0,200.0,-0.002,0.0,78.125,78.063,0.01,75.438,75.0,70.188,74.375,0.0,62.438,72.0,70.0,1000.0,200.0,-0.001,0.0,76.625,76.688,0.017,73.5,75.813,71.375,74.563,0.0,27.0,72.0,70.0,1000.0,200.0,0.0,0.0,74.938,74.875,-0.004,0.0,0.0,0.0,0.0,0.0,0.0,0.0,0.0,0.0,0.0,0.0,0.0,0.0,0.0,0.0,0.0,0.017,0.031,0.011,0.034,0.0,0.0,0.0,0.0,0.0,0.0,0.0,0.0,0.0,0.0,0.0,0.0,0.0,0.0,0.0,0.0,0.147,-0.149,0.0,0.0,0.001,0.001,-0.148,0.149,-0.017,0.009,0.0,0.0,0.034,0.035,-0.01,0.0,-0.0,-0.0
9072007,2129,0.0,1.0,1.0,1.0,100.0,0.0,0.0,0.0,0.0,0.0,0.0,33.968,35.139,0.012,0.02,0.0,80.0,55.0,1.4,17.406,2.248,77.563,-1.216,68.817,72.058,72.917,71.251,65.607,0.0,0.036,0.087,20.0,20.0,63.864,48.395,0.0,73.54,75.94,74.321,78.282,48.526,60.406,53.986,-10.828,50.313,65.563,72.0,72.25,69.813,70.938,0.0,0.0,72.0,70.0,1000.0,200.0,0.0,17.609,71.375,70.25,-0.052,78.813,76.25,70.375,76.313,0.0,100.0,72.0,70.0,1000.0,200.0,-0.002,0.0,78.125,78.063,0.01,75.438,75.063,70.313,74.375,0.0,62.438,72.0,70.0,1000.0,200.0,-0.001,0.0,76.625,76.625,0.017,73.5,75.813,71.375,74.563,0.0,27.0,72.0,70.0,1000.0,200.0,0.0,0.0,74.938,74.875,-0.004,0.0,0.0,0.0,0.0,0.0,0.0,0.0,0.0,0.0,0.0,0.0,0.0,0.0,0.0,0.0,0.0,0.017,0.031,0.011,0.032,0.0,0.0,0.0,0.0,0.0,0.0,0.0,0.0,0.0,0.0,0.0,0.0,0.0,0.0,0.0,0.0,0.147,-0.149,0.0,0.0,0.001,0.001,-0.148,0.001,-0.017,0.009,0.0,0.0,0.034,0.035,-0.009,0.0,0.0,-0.0
9072007,2130,0.0,1.0,1.0,1.0,100.0,0.0,0.0,0.0,0.0,0.0,0.0,33.968,35.139,0.012,0.02,0.0,80.0,55.0,1.4,17.406,4.493,101.844,-0.59,68.817,72.058,73.022,71.357,65.607,0.0,0.036,0.091,20.0,20.0,63.696,48.367,0.0,73.433,75.866,74.215,78.208,48.599,60.511,53.986,-10.82,50.313,64.688,72.0,72.25,69.813,70.938,0.0,0.0,72.0,70.0,1000.0,200.0,0.0,17.516,71.375,70.375,-0.052,78.75,76.25,70.375,76.125,0.0,100.0,72.0,70.0,1000.0,200.0,-0.002,0.0,78.063,78.063,0.01,75.438,75.0,70.313,74.375,0.0,62.438,72.0,70.0,1000.0,200.0,-0.001,0.0,76.625,76.625,0.017,73.5,75.813,71.375,74.563,0.0,27.0,72.0,70.0,1000.0,200.0,0.0,0.0,74.938,74.875,-0.004,0.0,0.0,0.0,0.0,0.0,0.0,0.0,0.0,0.0,0.0,0.0,0.0,0.0,0.0,0.0,0.0,0.017,0.031,0.011,0.034,0.0,0.0,0.0,0.0,0.0,0.0,0.0,0.0,0.0,0.0,0.0,0.0,0.0,0.0,0.0,0.0,0.147,-0.149,-0.148,0.0,0.149,0.001,0.0,0.001,-0.017,0.009,0.0,0.0,0.034,0.035,-0.008,0.0,0.0,-0.0
9072007,2131,0.0,1.0,1.0,1.0,100.0,0.0,0.0,0.0,0.0,0.0,0.0,33.968,35.139,0.012,0.02,0.0,80.0,55.0,1.4,17.516,2.248,81.039,0.346,68.817,71.952,72.812,71.146,65.714,0.0,0.036,0.087,20.0,20.0,63.556,48.395,0.0,73.54,75.866,74.215,78.282,48.672,60.511,54.059,-10.82,50.344,64.813,72.0,72.25,69.813,70.938,0.0,0.0,72.0,70.0,1000.0,200.0,0.0,17.594,71.375,70.375,-0.052,78.75,76.25,70.375,76.125,0.0,100.0,72.0,70.0,1000.0,200.0,-0.002,0.0,78.125,78.063,0.01,75.438,75.0,70.313,74.375,0.0,62.438,72.0,70.0,1000.0,200.0,-0.001,0.0,76.688,76.625,0.02,73.5,75.813,71.375,74.563,0.0,27.0,72.0,70.0,1000.0,200.0,0.0,0.0,74.938,74.875,-0.004,0.0,0.0,0.0,0.0,0.0,0.0,0.0,0.0,0.0,0.0,0.0,0.0,0.0,0.0,0.0,0.0,0.017,0.031,0.011,0.034,0.0,0.0,0.0,0.0,0.0,0.0,0.0,0.0,0.0,0.0,0.0,0.0,0.0,0.0,0.0,0.0,0.147,-0.149,-0.148,0.0,0.149,0.001,0.0,-0.072,-0.018,0.009,0.0,0.0,0.034,0.035,-0.008,0.0,0.0,-0.0
9072007,2132,0.0,1.0,1.0,1.0,100.0,0.0,0.0,0.0,0.0,0.0,0.0,33.968,35.139,0.012,0.02,0.0,80.0,55.0,1.4,17.484,2.248,74.085,0.349,68.817,72.164,73.022,71.251,65.714,0.0,0.036,0.087,20.0,20.0,63.303,48.311,0.0,73.54,75.792,74.215,78.208,48.746,60.511,54.132,-10.828,50.313,65.125,72.0,72.25,69.938,70.938,0.0,0.0,72.0,70.0,1000.0,200.0,0.0,17.406,71.5,70.25,-0.052,78.625,76.25,70.375,76.0,0.0,100.0,72.0,70.0,1000.0,200.0,-0.002,0.0,78.125,78.063,0.01,75.438,75.0,70.188,74.375,0.0,62.438,72.0,70.0,1000.0,200.0,-0.001,0.0,76.688,76.625,0.01,73.5,75.813,71.375,74.563,0.0,27.0,72.0,70.0,1000.0,200.0,0.0,0.0,74.938,74.875,-0.004,0.0,0.0,0.0,0.0,0.0,0.0,0.0,0.0,0.0,0.0,0.0,0.0,0.0,0.0,0.0,0.0,0.017,0.031,0.011,0.034,0.0,0.0,0.0,0.0,0.0,0.0,0.0,0.0,0.0,0.0,0.0,0.0,0.0,0.0,0.0,0.0,0.147,-0.149,0.0,0.0,0.001,0.001,-0.148,0.149,-0.018,0.009,0.0,0.0,0.034,0.035,-0.01,0.0,0.0,-0.0
9072007,2133,0.0,1.0,1.0,1.0,100.0,0.0,0.0,0.0,0.0,0.0,0.0,33.968,35.139,0.012,0.02,0.0,80.0,55.0,1.4,17.453,2.248,67.121,-1.202,68.817,72.164,73.022,71.357,65.821,0.0,0.036,0.087,20.0,20.0,63.303,48.255,0.0,73.54,75.792,74.215,78.208,48.746,60.615,54.205,-10.82,50.281,64.938,72.0,72.25,69.938,70.938,0.0,0.0,72.0,70.0,1000.0,200.0,0.0,17.469,71.5,70.375,-0.052,78.625,76.25,70.375,76.0,0.0,100.0,72.0,70.0,1000.0,200.0,-0.002,0.0,78.125,78.063,0.01,75.438,75.0,70.313,74.375,0.0,62.438,72.0,70.0,1000.0,200.0,-0.001,0.0,76.625,76.625,0.017,73.5,75.813,71.563,74.563,0.0,27.0,72.0,70.0,1000.0,200.0,0.0,0.0,74.938,74.875,-0.004,0.0,0.0,0.0,0.0,0.0,0.0,0.0,0.0,0.0,0.0,0.0,0.0,0.0,0.0,0.0,0.0,0.017,0.031,0.011,0.034,0.0,0.0,0.0,0.0,0.0,0.0,0.0,0.0,0.0,0.0,0.0,0.0,0.0,0.0,0.0,0.0,0.0,-0.149,0.0,-0.074,0.001,0.149,-0.148,0.149,-0.018,0.009,0.0,0.0,0.034,0.035,-0.009,0.0,0.0,-0.0
9072007,2134,0.0,1.0,1.0,1.0,100.0,0.0,0.0,0.0,0.0,0.0,0.0,33.968,35.139,0.012,0.02,0.0,80.0,55.0,1.4,17.453,2.248,58.402,0.235,68.817,72.376,73.443,71.463,65.821,0.0,0.04,0.087,20.0,20.0,63.331,48.199,0.0,73.54,75.792,74.108,78.208,48.746,60.615,54.205,-10.82,50.313,65.563,72.0,72.375,69.813,70.938,0.0,0.0,72.0,70.0,1000.0,200.0,0.0,17.719,71.5,70.375,-0.052,78.438,76.25,70.375,76.125,0.0,100.0,72.0,70.0,1000.0,200.0,-0.002,0.0,78.125,78.063,0.01,75.438,75.0,70.313,74.375,0.0,62.438,72.0,70.0,1000.0,200.0,-0.001,0.0,76.625,76.625,0.017,73.5,75.75,71.563,74.563,0.0,27.0,72.0,70.0,1000.0,200.0,-0.001,0.0,74.938,74.875,-0.004,0.0,0.0,0.0,0.0,0.0,0.0,0.0,0.0,0.0,0.0,0.0,0.0,0.0,0.0,0.0,0.0,0.017,0.031,0.011,0.034,0.0,0.0,0.0,0.0,0.0,0.0,0.0,0.0,0.0,0.0,0.0,0.0,0.0,0.0,0.0,0.0,0.0,-0.149,-0.148,0.0,0.149,0.001,-0.148,0.149,-0.017,0.009,0.0,0.0,0.034,0.035,-0.009,0.0,0.0,-0.0
9072007,2135,0.0,1.0,1.0,1.0,100.0,0.0,0.0,0.0,0.0,0.0,0.0,35.139,36.31,0.012,0.02,0.0,80.0,55.0,1.4,17.578,2.248,77.563,-0.405,68.817,72.058,73.232,71.251,65.928,0.0,0.036,0.087,20.0,20.0,63.275,48.143,0.0,73.647,75.792,74.108,78.134,48.819,60.72,54.278,-10.82,50.281,64.813,71.938,72.375,69.813,70.938,0.0,0.0,72.0,70.0,1000.0,200.0,0.0,17.406,71.5,70.375,-0.052,78.625,76.25,70.438,76.125,0.0,100.0,72.0,70.0,1000.0,200.0,-0.002,0.0,78.125,78.063,0.01,75.438,75.0,70.313,74.375,0.0,62.438,72.0,70.0,1000.0,200.0,-0.001,0.0,76.625,76.625,0.017,73.5,75.813,71.563,74.563,0.0,27.0,72.0,70.0,1000.0,200.0,0.0,0.0,74.938,74.875,-0.004,0.0,0.0,0.0,0.0,0.0,0.0,0.0,0.0,0.0,0.0,0.0,0.0,0.0,0.0,0.0,0.0,0.017,0.031,0.011,0.034,0.0,0.0,0.0,0.0,0.0,0.0,0.0,0.0,0.0,0.0,0.0,0.0,0.0,0.0,0.0,0.0,0.0,-0.149,-0.148,0.0,0.149,0.001,0.0,0.001,-0.017,0.009,0.0,0.0,0.035,0.036,-0.009,0.0,0.0,-0.0
9072007,2136,0.0,1.0,1.0,1.0,100.0,0.0,0.0,0.0,0.0,0.0,0.0,33.968,35.139,0.022,0.02,0.0,80.0,55.0,1.4,17.578,2.248,75.824,0.295,69.032,72.058,73.232,71.357,66.142,0.0,0.036,0.087,20.0,20.0,63.444,48.087,0.0,73.755,75.792,74.215,78.134,48.892,60.72,54.278,-10.82,50.25,64.563,72.0,72.375,69.938,70.938,0.0,0.0,72.0,70.0,1000.0,200.0,0.0,17.484,71.563,70.375,-0.052,78.438,76.25,70.438,76.125,0.0,100.0,72.0,70.0,1000.0,200.0,-0.002,0.0,78.125,78.063,0.01,75.438,75.0,70.313,74.438,0.0,62.438,72.0,70.0,1000.0,200.0,-0.001,0.0,76.625,76.625,0.018,73.5,75.75,71.563,74.563,0.0,27.0,72.0,70.0,1000.0,200.0,0.0,0.0,74.938,74.875,-0.004,0.0,0.0,0.0,0.0,0.0,0.0,0.0,0.0,0.0,0.0,0.0,0.0,0.0,0.0,0.0,0.0,0.017,0.032,0.011,0.034,0.0,0.0,0.0,0.0,0.0,0.0,0.0,0.0,0.0,0.0,0.0,0.0,0.0,0.0,0.0,0.0,0.147,-0.149,-0.148,-0.074,0.149,0.001,0.0,0.001,-0.033,0.009,0.0,0.0,0.034,0.035,-0.009,0.0,0.0,-0.0
9072007,2137,0.0,1.0,1.0,1.0,100.0,0.0,0.0,0.0,0.0,0.0,0.0,33.968,35.139,0.012,0.02,0.0,80.0,55.0,1.4,17.484,2.248,70.604,-0.569,68.817,71.952,73.127,71.357,66.035,0.0,0.036,0.087,20.0,20.0,63.191,48.087,0.0,73.54,75.792,74.108,78.208,48.966,60.72,54.35,-10.828,50.25,64.375,72.0,72.25,69.813,70.813,0.0,0.0,72.0,70.0,1000.0,200.0,0.0,17.578,71.5,70.375,-0.052,78.438,76.25,70.438,76.125,0.0,100.0,72.0,70.0,1000.0,200.0,-0.002,0.0,78.125,78.063,0.01,75.438,75.0,70.438,74.438,0.0,62.438,72.0,70.0,1000.0,200.0,-0.001,0.0,76.688,76.625,0.017,73.5,75.813,71.563,74.563,0.0,27.0,72.0,70.0,1000.0,200.0,0.0,0.0,75.0,74.875,-0.004,0.0,0.0,0.0,0.0,0.0,0.0,0.0,0.0,0.0,0.0,0.0,0.0,0.0,0.0,0.0,0.0,0.017,0.031,0.011,0.034,0.0,0.0,0.0,0.0,0.0,0.0,0.0,0.0,0.0,0.0,0.0,0.0,0.0,0.0,0.0,0.0,0.147,-0.149,0.0,0.147,0.149,0.001,-0.148,0.001,-0.017,0.009,0.0,0.0,0.034,0.035,-0.009,0.0,0.0,-0.0
9072007,2138,0.0,1.0,1.0,1.0,100.0,0.0,0.0,0.0,0.0,0.0,0.0,33.968,35.139,0.012,0.02,0.0,80.0,55.0,1.4,17.703,2.248,74.085,0.344,68.925,72.058,73.232,71.357,66.035,0.0,0.04,0.091,20.0,20.0,63.023,48.059,0.0,73.54,75.792,74.108,78.134,48.966,60.72,54.423,-10.82,50.25,64.125,72.0,72.375,69.938,71.063,0.0,0.0,72.0,70.0,1000.0,200.0,0.0,17.375,71.563,70.375,-0.052,78.438,76.125,70.438,76.0,0.0,100.0,72.0,70.0,1000.0,200.0,-0.002,0.0,78.125,78.063,0.01,75.438,75.0,70.438,74.438,0.0,62.438,72.0,70.0,1000.0,200.0,-0.001,0.0,76.625,76.625,0.017,73.25,75.813,71.563,74.563,0.0,27.0,72.0,70.0,1000.0,200.0,0.0,0.0,74.938,74.875,-0.004,0.0,0.0,0.0,0.0,0.0,0.0,0.0,0.0,0.0,0.0,0.0,0.0,0.0,0.0,0.0,0.0,0.017,0.031,0.011,0.032,0.0,0.0,0.0,0.0,0.0,0.0,0.0,0.0,0.0,0.0,0.0,0.0,0.0,0.0,0.0,0.0,0.147,-0.149,-0.148,0.147,0.149,0.001,-0.148,0.149,-0.017,0.009,0.0,0.0,0.034,0.035,-0.009,0.0,0.0,-0.0
9072007,2139,0.0,1.0,1.0,1.0,100.0,0.0,0.0,0.0,0.0,0.0,0.0,33.968,35.139,0.022,0.02,0.0,80.0,55.0,1.4,17.703,2.248,68.863,0.348,68.817,72.164,73.232,71.357,66.035,0.0,0.036,0.091,20.0,20.0,62.911,48.059,0.0,73.54,75.792,74.108,78.134,49.039,60.824,54.423,-10.828,50.25,64.063,72.0,72.375,69.813,70.938,0.0,0.0,72.0,70.0,1000.0,200.0,0.0,17.344,71.563,70.5,-0.052,78.313,76.25,70.563,76.0,0.0,100.0,72.0,70.0,1000.0,200.0,-0.002,0.0,78.125,78.063,0.01,75.438,75.0,70.5,74.375,0.0,62.438,72.0,70.0,1000.0,200.0,-0.001,0.0,76.625,76.625,0.017,73.5,75.813,71.563,74.563,0.0,27.0,72.0,70.0,1000.0,200.0,0.0,0.0,74.938,74.875,-0.004,0.0,0.0,0.0,0.0,0.0,0.0,0.0,0.0,0.0,0.0,0.0,0.0,0.0,0.0,0.0,0.0,0.017,0.031,0.011,0.032,0.0,0.0,0.0,0.0,0.0,0.0,0.0,0.0,0.0,0.0,0.0,0.0,0.0,0.0,0.0,0.0,0.147,-0.149,0.0,0.0,0.001,0.149,-0.148,0.149,-0.031,0.009,0.0,0.0,0.034,0.035,-0.008,0.0,0.0,-0.0
9072007,2140,0.0,1.0,1.0,1.0,100.0,0.0,0.0,0.0,0.0,0.0,0.0,35.139,35.139,0.012,0.02,0.0,80.0,55.0,1.4,17.328,2.248,77.563,0.336,68.925,72.164,73.232,71.357,66.035,0.0,0.036,0.091,20.0,20.0,62.771,48.087,0.0,73.54,75.792,74.108,78.134,49.185,60.824,54.496,-10.82,50.219,63.688,72.0,72.375,69.938,70.938,0.0,0.0,72.0,70.0,1000.0,200.0,0.0,17.375,71.5,70.375,-0.052,78.313,76.125,70.438,76.0,0.0,100.0,72.0,70.0,1000.0,200.0,-0.002,0.0,78.125,78.063,0.01,75.438,75.063,70.5,74.375,0.0,62.438,72.0,70.0,1000.0,200.0,-0.001,0.0,76.813,76.625,0.016,73.25,75.813,71.688,74.563,0.0,27.0,72.0,70.0,1000.0,200.0,0.0,0.0,75.0,74.875,-0.004,0.0,0.0,0.0,0.0,0.0,0.0,0.0,0.0,0.0,0.0,0.0,0.0,0.0,0.0,0.0,0.0,0.017,0.031,0.011,0.034,0.0,0.0,0.0,0.0,0.0,0.0,0.0,0.0,0.0,0.0,0.0,0.0,0.0,0.0,0.0,0.0,0.147,-0.149,-0.148,0.0,0.001,0.149,-0.148,0.001,-0.017,0.009,0.0,0.0,0.035,0.035,-0.009,0.0,0.0,-0.0
9072007,2141,0.0,1.0,1.0,1.0,100.0,0.0,0.0,0.0,0.0,0.0,0.0,33.968,35.139,0.012,0.005,0.0,80.0,55.0,1.4,17.359,2.248,77.563,0.553,68.925,72.376,73.443,71.568,66.142,0.0,0.04,0.087,20.0,20.0,62.714,48.115,0.0,73.54,75.792,74.108,78.06,49.112,60.929,54.423,-10.82,50.188,63.656,72.0,72.375,69.938,70.938,0.0,0.0,72.0,70.0,1000.0,200.0,0.0,17.516,71.563,70.5,-0.052,78.313,76.125,70.438,76.0,0.0,100.0,72.0,70.0,1000.0,200.0,-0.002,0.0,78.125,78.063,0.01,75.375,75.0,70.5,74.438,0.0,62.438,72.0,70.0,1000.0,200.0,-0.001,0.0,76.688,76.625,0.017,73.25,75.813,71.75,74.563,0.0,27.0,72.0,70.0,1000.0,200.0,0.0,0.0,74.938,74.875,-0.004,0.0,0.0,0.0,0.0,0.0,0.0,0.0,0.0,0.0,0.0,0.0,0.0,0.0,0.0,0.0,0.0,0.015,0.031,0.011,0.034,0.0,0.0,0.0,0.0,0.0,0.0,0.0,0.0,0.0,0.0,0.0,0.0,0.0,0.0,0.0,0.0,0.147,-0.149,0.0,0.0,0.149,0.001,0.0,0.001,-0.016,0.002,0.0,0.0,0.034,0.035,-0.008,0.0,0.0,-0.0
9072007,2142,0.0,1.0,1.0,1.0,100.0,0.0,0.0,0.0,0.0,0.0,0.0,33.968,35.139,0.022,0.02,0.0,80.0,55.0,1.4,17.453,2.248,70.604,-0.587,68.925,72.164,73.232,71.251,66.142,0.0,0.036,0.087,20.0,20.0,62.63,48.115,0.0,73.54,75.866,74.108,78.134,49.259,60.824,54.569,-10.82,50.188,63.563,72.0,72.375,69.938,70.938,0.0,0.0,72.0,70.0,1000.0,200.0,0.0,17.5,71.5,70.375,-0.052,78.313,76.125,70.438,76.0,0.0,100.0,72.0,70.0,1000.0,200.0,-0.002,0.0,78.125,78.063,0.01,75.375,75.0,70.5,74.375,0.0,62.438,72.0,70.0,1000.0,200.0,-0.001,0.0,76.688,76.625,0.017,73.25,75.813,71.688,74.563,0.0,27.0,72.0,70.0,1000.0,200.0,0.0,0.0,74.938,74.875,-0.004,0.0,0.0,0.0,0.0,0.0,0.0,0.0,0.0,0.0,0.0,0.0,0.0,0.0,0.0,0.0,0.0,0.017,0.031,0.011,0.032,0.0,0.0,0.0,0.0,0.0,0.0,0.0,0.0,0.0,0.0,0.0,0.0,0.0,0.0,0.0,0.0,0.147,-0.149,0.0,0.0,0.149,0.001,0.0,0.001,-0.028,0.009,0.0,0.0,0.034,0.035,-0.009,0.0,0.0,-0.0
9072007,2143,0.0,1.0,1.0,1.0,100.0,0.0,0.0,0.0,0.0,0.0,0.0,33.968,35.139,0.012,0.02,0.0,80.0,55.0,1.4,17.469,2.248,74.085,-0.099,68.925,72.164,73.232,71.357,66.142,0.0,0.036,0.087,20.0,20.0,62.546,48.115,0.0,73.54,75.792,74.108,78.134,49.332,60.929,54.569,-10.82,50.156,63.375,72.0,72.375,69.938,71.063,0.0,0.0,72.0,70.0,1000.0,200.0,0.0,17.453,71.563,70.5,-0.052,78.188,76.125,70.563,76.0,0.0,100.0,72.0,70.0,1000.0,200.0,-0.002,0.0,78.125,78.063,0.01,75.375,75.0,70.5,74.375,0.0,62.438,72.0,70.0,1000.0,200.0,-0.001,0.0,76.688,76.625,0.017,73.5,75.813,71.688,74.563,0.0,27.0,72.0,70.0,1000.0,200.0,0.0,0.0,75.0,74.875,-0.004,0.0,0.0,0.0,0.0,0.0,0.0,0.0,0.0,0.0,0.0,0.0,0.0,0.0,0.0,0.0,0.0,0.017,0.031,0.011,0.034,0.0,0.0,0.0,0.0,0.0,0.0,0.0,0.0,0.0,0.0,0.0,0.0,0.0,0.0,0.0,0.0,0.0,-0.149,-0.148,0.0,0.001,0.149,-0.148,0.149,-0.017,0.009,0.0,0.0,0.034,0.035,-0.008,0.0,0.0,-0.0
9072007,2144,0.0,1.0,1.0,1.0,100.0,0.0,0.0,0.0,0.0,0.0,0.0,33.968,35.139,0.012,0.005,0.0,80.0,55.0,1.4,17.469,2.248,67.121,-0.35,68.925,72.164,73.232,71.357,66.249,0.0,0.036,0.091,20.0,20.0,62.434,48.143,0.0,73.54,75.718,74.108,78.06,49.259,60.929,54.569,-10.828,50.156,63.344,72.0,72.25,69.938,70.938,0.0,0.0,72.0,70.0,1000.0,200.0,0.0,17.391,71.563,70.5,-0.052,78.188,76.125,70.563,76.0,0.0,100.0,72.0,70.0,1000.0,200.0,-0.002,0.0,78.063,78.063,0.01,75.375,75.063,70.5,74.438,0.0,62.438,72.0,70.0,1000.0,200.0,-0.001,0.0,76.688,76.625,0.017,73.25,75.813,71.688,74.563,0.0,27.0,72.0,70.0,1000.0,200.0,0.0,0.0,75.0,74.875,-0.004,0.0,0.0,0.0,0.0,0.0,0.0,0.0,0.0,0.0,0.0,0.0,0.0,0.0,0.0,0.0,0.0,0.017,0.031,0.011,0.032,0.0,0.0,0.0,0.0,0.0,0.0,0.0,0.0,0.0,0.0,0.0,0.0,0.0,0.0,0.0,0.0,0.147,-0.149,0.0,0.0,0.149,0.001,0.0,0.001,-0.017,0.002,0.0,0.0,0.034,0.035,-0.008,0.0,0.0,-0.0
9072007,2145,0.0,1.0,1.0,1.0,100.0,0.0,0.0,0.0,0.0,0.0,0.0,33.968,35.139,0.012,0.02,0.0,80.0,55.0,1.4,17.391,2.248,68.863,0.161,69.032,72.164,73.232,71.357,66.249,0.0,0.036,0.087,20.0,20.0,62.322,48.171,0.0,73.54,75.792,74.108,78.134,49.405,61.033,54.569,-10.82,50.188,63.281,71.938,72.375,69.938,70.938,0.0,0.0,72.0,70.0,1000.0,200.0,0.0,17.359,71.563,70.375,-0.052,78.188,76.125,70.563,76.0,0.0,100.0,72.0,70.0,1000.0,200.0,-0.002,0.0,78.125,78.063,0.01,75.375,75.063,70.5,74.438,0.0,62.438,72.0,70.0,1000.0,200.0,-0.001,0.0,76.625,76.625,0.017,73.25,75.813,71.688,74.563,0.0,27.0,72.0,70.0,1000.0,200.0,0.0,0.0,75.0,74.875,-0.004,0.0,0.0,0.0,0.0,0.0,0.0,0.0,0.0,0.0,0.0,0.0,0.0,0.0,0.0,0.0,0.0,0.017,0.031,0.011,0.032,0.0,0.0,0.0,0.0,0.0,0.0,0.0,0.0,0.0,0.0,0.0,0.0,0.0,0.0,0.0,0.0,0.147,-0.149,0.0,-0.074,0.149,0.149,-0.148,0.001,-0.017,0.009,0.0,0.0,0.034,0.035,-0.009,0.0,0.0,-0.0
9072007,2146,0.0,1.0,1.0,1.0,100.0,0.0,0.0,0.0,0.0,0.0,0.0,35.139,35.139,0.022,0.02,0.0,80.0,55.0,1.4,17.25,2.248,72.345,0.35,69.032,72.164,73.232,71.357,66.356,0.0,0.036,0.091,20.0,20.0,62.294,48.199,0.0,73.433,75.792,74.108,78.134,49.478,61.033,54.715,-10.82,50.188,63.125,72.0,72.25,69.938,70.938,0.0,0.0,72.0,70.0,1000.0,200.0,0.0,17.5,71.563,70.375,-0.052,78.188,76.063,70.563,76.0,0.0,100.0,72.0,70.0,1000.0,200.0,-0.002,0.0,78.125,78.063,0.01,75.375,75.0,70.5,74.438,0.0,62.438,72.0,70.0,1000.0,200.0,-0.001,0.0,76.625,76.625,0.016,73.5,75.813,71.688,74.563,0.0,27.0,72.0,70.0,1000.0,200.0,0.0,0.0,75.0,74.875,-0.004,0.0,0.0,0.0,0.0,0.0,0.0,0.0,0.0,0.0,0.0,0.0,0.0,0.0,0.0,0.0,0.0,0.017,0.031,0.011,0.034,0.0,0.0,0.0,0.0,0.0,0.0,0.0,0.0,0.0,0.0,0.0,0.0,0.0,0.0,0.0,0.0,0.147,-0.149,0.0,0.0,0.001,0.001,-0.148,0.149,-0.031,0.009,0.0,0.0,0.035,0.035,-0.009,0.0,0.0,-0.0
9072007,2147,0.0,1.0,1.0,1.0,100.0,0.0,0.0,0.0,0.0,0.0,0.0,35.139,35.139,0.012,0.02,0.0,80.0,55.0,1.4,17.547,2.248,67.121,0.349,69.032,72.058,73.127,71.357,66.356,0.0,0.04,0.087,20.0,20.0,62.266,48.227,0.0,73.433,75.718,74.108,78.06,49.478,61.033,54.715,-10.82,50.188,62.906,72.0,72.25,69.938,70.938,0.0,0.0,72.0,70.0,1000.0,200.0,0.0,17.609,71.563,70.5,-0.052,78.188,76.063,70.563,76.0,0.0,100.0,72.0,70.0,1000.0,200.0,-0.002,0.0,78.125,78.063,0.01,75.375,75.063,70.5,74.438,0.0,62.438,72.0,70.0,1000.0,200.0,-0.001,0.0,76.688,76.625,0.017,73.25,75.813,71.688,74.563,0.0,27.0,72.0,70.0,1000.0,200.0,0.0,0.0,75.0,74.875,-0.004,0.0,0.0,0.0,0.0,0.0,0.0,0.0,0.0,0.0,0.0,0.0,0.0,0.0,0.0,0.0,0.0,0.017,0.031,0.011,0.032,0.0,0.0,0.0,0.0,0.0,0.0,0.0,0.0,0.0,0.0,0.0,0.0,0.0,0.0,0.0,0.0,0.0,-0.149,-0.148,0.147,0.149,0.001,-0.148,0.149,-0.017,0.009,0.0,0.0,0.035,0.035,-0.008,0.0,0.0,-0.0
9072007,2148,0.0,1.0,1.0,1.0,100.0,0.0,0.0,0.0,0.0,0.0,0.0,33.968,35.139,0.012,0.02,0.0,80.0,55.0,1.4,17.547,2.248,72.345,0.343,69.032,72.058,73.127,71.357,66.356,0.0,0.036,0.091,20.0,20.0,62.21,48.255,0.0,73.54,75.718,74.108,78.134,49.552,61.138,54.787,-10.82,50.188,62.844,72.0,72.25,70.063,70.938,0.0,0.0,72.0,70.0,1000.0,200.0,0.0,17.688,71.563,70.5,-0.052,78.125,76.063,70.563,76.0,0.0,100.0,72.0,70.0,1000.0,200.0,-0.002,0.0,78.125,78.063,0.01,75.375,75.0,70.625,74.563,0.0,62.438,72.0,70.0,1000.0,200.0,-0.001,0.0,76.688,76.625,0.017,73.25,75.813,71.75,74.563,0.0,27.0,72.0,70.0,1000.0,200.0,0.0,0.0,75.0,74.875,-0.004,0.0,0.0,0.0,0.0,0.0,0.0,0.0,0.0,0.0,0.0,0.0,0.0,0.0,0.0,0.0,0.0,0.017,0.031,0.011,0.032,0.0,0.0,0.0,0.0,0.0,0.0,0.0,0.0,0.0,0.0,0.0,0.0,0.0,0.0,0.0,0.0,0.0,-0.149,-0.148,0.0,0.149,0.001,-0.148,0.001,-0.018,0.009,0.0,0.0,0.034,0.035,-0.008,0.0,0.0,-0.0
9072007,2149,0.0,1.0,1.0,1.0,100.0,0.0,0.0,0.0,0.0,0.0,0.0,33.968,35.139,0.022,0.02,0.0,80.0,55.0,1.4,17.641,2.248,74.085,0.349,69.032,72.058,73.127,71.357,66.463,0.0,0.036,0.087,20.0,20.0,62.125,48.255,0.0,73.54,75.718,74.108,78.134,49.552,61.138,54.787,-10.82,50.188,62.719,72.0,72.375,69.938,71.063,0.0,0.0,72.0,70.0,1000.0,200.0,0.0,17.422,71.563,70.5,-0.052,78.125,76.063,70.563,76.0,0.0,100.0,72.0,70.0,1000.0,200.0,-0.002,0.0,78.125,78.063,0.01,75.375,75.0,70.625,74.563,0.0,62.438,72.0,70.0,1000.0,200.0,-0.001,0.0,76.688,76.625,0.017,73.25,75.813,71.75,74.563,0.0,27.0,72.0,70.0,1000.0,200.0,0.0,0.0,74.938,74.813,-0.004,0.0,0.0,0.0,0.0,0.0,0.0,0.0,0.0,0.0,0.0,0.0,0.0,0.0,0.0,0.0,0.0,0.017,0.031,0.011,0.034,0.0,0.0,0.0,0.0,0.0,0.0,0.0,0.0,0.0,0.0,0.0,0.0,0.0,0.0,0.0,0.0,0.222,-0.149,0.0,0.0,0.149,0.001,-0.148,0.001,-0.033,0.009,0.0,0.0,0.034,0.035,-0.008,0.0,0.0,-0.0
9072007,2150,0.0,1.0,1.0,1.0,100.0,0.0,0.0,0.0,0.0,0.0,0.0,33.968,35.139,0.012,0.02,0.0,80.0,55.0,1.4,17.375,2.248,77.563,2.335,69.248,72.058,73.127,71.357,66.677,0.0,0.04,0.087,20.0,20.0,62.013,48.311,0.0,73.755,75.718,74.108,78.06,49.625,61.138,54.933,-10.82,50.188,62.281,71.938,72.25,69.938,70.938,0.0,0.0,72.0,70.0,1000.0,200.0,0.0,17.344,71.563,70.5,-0.052,78.125,76.125,70.563,75.875,0.0,100.0,72.0,70.0,1000.0,200.0,-0.002,0.0,78.125,78.063,0.01,75.375,75.0,70.625,74.438,0.0,62.438,72.0,70.0,1000.0,200.0,-0.001,0.0,76.625,76.625,0.017,73.25,75.813,71.75,74.563,0.0,27.0,72.0,70.0,1000.0,200.0,0.0,0.0,75.0,74.875,-0.004,0.0,0.0,0.0,0.0,0.0,0.0,0.0,0.0,0.0,0.0,0.0,0.0,0.0,0.0,0.0,0.0,0.017,0.031,0.011,0.034,0.0,0.0,0.0,0.0,0.0,0.0,0.0,0.0,0.0,0.0,0.0,0.0,0.0,0.0,0.0,0.0,0.147,-0.223,0.0,0.0,0.149,0.001,-0.148,0.001,-0.017,0.009,0.0,0.0,0.034,0.035,-0.008,0.0,0.0,-0.0
9072007,2151,0.0,1.0,1.0,1.0,100.0,0.0,0.0,0.0,0.0,0.0,0.0,33.968,35.139,0.012,0.02,0.0,80.0,55.0,1.4,17.391,2.248,77.563,0.099,68.925,72.058,73.127,71.463,66.356,0.0,0.036,0.091,20.0,20.0,61.901,48.339,0.0,73.433,75.792,74.108,78.06,49.698,61.451,54.86,-10.82,50.156,62.25,72.0,72.25,69.938,70.938,0.0,0.0,72.0,70.0,1000.0,200.0,0.0,17.469,71.563,70.5,-0.052,78.125,76.125,70.563,75.875,0.0,100.0,72.0,70.0,1000.0,200.0,-0.002,0.0,78.125,78.063,0.01,75.375,75.0,70.625,74.438,0.0,62.438,72.0,70.0,1000.0,200.0,-0.001,0.0,76.688,76.688,0.017,73.25,75.813,71.688,74.563,0.0,27.0,72.0,70.0,1000.0,200.0,0.0,0.0,74.938,74.875,-0.004,0.0,0.0,0.0,0.0,0.0,0.0,0.0,0.0,0.0,0.0,0.0,0.0,0.0,0.0,0.0,0.0,0.017,0.031,0.011,0.034,0.0,0.0,0.0,0.0,0.0,0.0,0.0,0.0,0.0,0.0,0.0,0.0,0.0,0.0,0.0,0.0,0.0,-0.001,-0.148,0.0,0.001,0.001,-0.148,0.001,-0.016,0.009,0.0,0.0,0.034,0.035,-0.008,0.0,0.0,-0.0
9072007,2152,0.0,1.0,1.0,1.0,100.0,0.0,0.0,0.0,0.0,0.0,0.0,33.968,35.139,0.012,0.005,0.0,80.0,55.0,1.4,17.438,2.248,74.085,0.231,69.14,72.058,73.022,71.357,66.57,0.0,0.036,0.091,20.0,20.0,61.761,48.367,0.0,73.433,75.644,74.108,78.06,49.845,61.242,55.006,-10.82,50.156,62.156,71.938,72.25,70.063,70.938,0.0,0.0,72.0,70.0,1000.0,200.0,0.0,17.391,71.688,70.5,-0.052,78.125,76.125,70.563,75.875,0.0,100.0,72.0,70.0,1000.0,200.0,-0.002,0.0,78.125,78.063,0.01,75.375,75.063,70.625,74.563,0.0,62.438,72.0,70.0,1000.0,200.0,-0.001,0.0,76.688,76.625,0.017,73.25,75.813,71.75,74.563,0.0,27.0,72.0,70.0,1000.0,200.0,0.0,0.0,75.0,74.875,-0.004,0.0,0.0,0.0,0.0,0.0,0.0,0.0,0.0,0.0,0.0,0.0,0.0,0.0,0.0,0.0,0.0,0.017,0.031,0.011,0.034,0.0,0.0,0.0,0.0,0.0,0.0,0.0,0.0,0.0,0.0,0.0,0.0,0.0,0.0,0.0,0.0,0.147,-0.149,0.0,0.0,0.149,0.001,0.0,0.001,-0.019,0.002,0.0,0.0,0.034,0.035,-0.009,0.0,0.0,-0.0
9072007,2153,0.0,1.0,1.0,1.0,100.0,0.0,0.0,0.0,0.0,0.0,0.0,35.139,35.139,0.022,0.02,0.0,80.0,55.0,1.4,17.453,2.248,75.824,0.434,69.14,72.058,73.022,71.357,66.57,0.0,0.036,0.087,20.0,20.0,61.705,48.367,0.0,73.54,75.718,74.002,77.986,49.845,61.242,55.006,-10.82,50.156,62.063,71.938,72.25,70.063,71.063,0.0,0.0,72.0,70.0,1000.0,200.0,0.0,17.25,71.688,70.5,-0.052,78.063,76.25,70.813,75.875,0.0,100.0,72.0,70.0,1000.0,200.0,-0.002,0.0,78.125,78.063,0.01,75.375,75.0,70.625,74.563,0.0,62.438,72.0,70.0,1000.0,200.0,-0.001,0.0,76.688,76.625,0.017,73.25,75.813,71.75,74.625,0.0,27.0,72.0,70.0,1000.0,200.0,0.0,0.0,75.0,75.0,-0.004,0.0,0.0,0.0,0.0,0.0,0.0,0.0,0.0,0.0,0.0,0.0,0.0,0.0,0.0,0.0,0.0,0.017,0.031,0.011,0.034,0.0,0.0,0.0,0.0,0.0,0.0,0.0,0.0,0.0,0.0,0.0,0.0,0.0,0.0,0.0,0.0,0.147,-0.149,-0.148,0.0,0.149,0.001,0.0,0.001,-0.029,0.009,0.0,0.0,0.035,0.035,-0.009,0.0,0.0,0.0
9072007,2154,0.0,1.0,1.0,1.0,100.0,0.0,0.0,0.0,0.0,0.0,0.0,33.968,35.139,0.012,0.02,0.0,80.0,55.0,1.4,17.453,2.248,75.824,0.127,69.032,72.058,73.022,71.357,66.57,0.0,0.036,0.087,20.0,20.0,61.593,48.395,0.0,73.54,75.718,74.108,78.06,49.918,61.242,55.152,-10.82,50.156,61.969,72.0,72.25,70.063,71.063,0.0,0.0,72.0,70.0,1000.0,200.0,0.0,17.406,71.563,70.5,-0.052,78.063,76.25,70.563,75.75,0.0,100.0,72.0,70.0,1000.0,200.0,-0.002,0.0,78.125,78.063,0.01,75.375,75.0,70.625,74.563,0.0,62.438,72.0,70.0,1000.0,200.0,-0.001,0.0,76.688,76.625,0.012,73.25,75.813,71.75,74.563,0.0,27.0,72.0,70.0,1000.0,200.0,0.0,0.0,75.0,74.875,-0.004,0.0,0.0,0.0,0.0,0.0,0.0,0.0,0.0,0.0,0.0,0.0,0.0,0.0,0.0,0.0,0.0,0.017,0.031,0.011,0.032,0.0,0.0,0.0,0.0,0.0,0.0,0.0,0.0,0.0,0.0,0.0,0.0,0.0,0.0,0.0,0.0,0.147,-0.149,0.0,0.0,0.149,0.001,-0.148,0.149,-0.017,0.009,0.0,0.0,0.034,0.035,-0.008,0.0,0.0,-0.0
9072007,2155,0.0,1.0,1.0,1.0,100.0,0.0,0.0,0.0,0.0,0.0,0.0,33.968,35.139,0.012,0.02,0.0,80.0,55.0,1.4,17.391,2.248,74.085,0.35,69.14,72.058,72.917,71.357,66.57,0.0,0.036,0.087,20.0,20.0,61.536,48.423,0.0,73.433,75.718,74.108,78.06,49.918,61.347,55.079,-10.828,50.125,61.875,71.938,72.25,69.938,70.938,0.0,0.0,72.0,70.0,1000.0,200.0,0.0,17.578,71.563,70.5,-0.052,78.063,76.25,70.563,75.688,0.0,100.0,72.0,70.0,1000.0,200.0,-0.002,0.0,78.125,78.063,0.01,75.375,75.063,70.625,74.438,0.0,62.438,72.0,70.0,1000.0,200.0,-0.001,0.0,76.625,76.625,0.017,73.25,75.813,71.938,74.563,0.0,27.0,72.0,70.0,1000.0,200.0,0.0,0.0,75.0,74.875,-0.004,0.0,0.0,0.0,0.0,0.0,0.0,0.0,0.0,0.0,0.0,0.0,0.0,0.0,0.0,0.0,0.0,0.017,0.031,0.011,0.034,0.0,0.0,0.0,0.0,0.0,0.0,0.0,0.0,0.0,0.0,0.0,0.0,0.0,0.0,0.0,0.0,0.147,-0.223,0.0,-0.074,0.149,0.001,-0.148,0.001,-0.017,0.009,0.0,0.0,0.034,0.035,-0.008,0.0,0.0,-0.0
9072007,2156,0.0,1.0,1.0,1.0,100.0,0.0,0.0,0.0,0.0,0.0,0.0,33.968,35.139,0.022,0.005,0.0,80.0,55.0,1.4,17.391,2.248,74.085,1.832,69.14,72.058,73.022,71.463,66.677,0.0,0.036,0.091,20.0,20.0,61.452,48.395,0.0,73.433,75.644,74.002,77.912,49.991,61.347,55.152,-10.82,50.125,61.875,71.938,72.375,70.063,71.063,0.0,0.0,72.0,70.0,1000.0,200.0,0.0,17.516,71.563,70.5,-0.052,78.063,76.25,70.563,75.75,0.0,100.0,72.0,70.0,1000.0,200.0,-0.002,0.0,78.125,78.063,0.01,75.375,75.0,70.813,74.563,0.0,62.438,72.0,70.0,1000.0,200.0,-0.001,0.0,76.688,76.688,0.017,73.25,75.813,71.938,74.5,0.0,27.0,72.0,70.0,1000.0,200.0,0.0,0.0,75.0,74.875,-0.004,0.0,0.0,0.0,0.0,0.0,0.0,0.0,0.0,0.0,0.0,0.0,0.0,0.0,0.0,0.0,0.0,0.017,0.031,0.011,0.034,0.0,0.0,0.0,0.0,0.0,0.0,0.0,0.0,0.0,0.0,0.0,0.0,0.0,0.0,0.0,0.0,0.147,-0.149,0.0,0.0,0.149,0.001,-0.148,0.001,-0.03,0.002,0.0,0.0,0.034,0.035,-0.008,0.0,0.0,-0.0
9072007,2157,0.0,1.0,1.0,1.0,100.0,0.0,0.0,0.0,0.0,0.0,0.0,33.968,35.139,0.012,0.02,0.0,80.0,55.0,1.4,17.391,2.248,72.345,0.795,69.14,72.058,72.917,71.463,66.677,0.0,0.036,0.091,20.0,20.0,61.452,48.451,0.0,73.433,75.644,74.108,77.986,49.991,61.347,55.152,-10.82,50.125,61.719,71.938,72.25,70.063,71.063,0.0,0.0,72.0,70.0,1000.0,200.0,0.0,17.5,71.688,70.5,-0.052,77.813,76.125,70.813,75.688,0.0,100.0,72.0,70.0,1000.0,200.0,-0.002,0.0,78.125,78.063,0.01,75.25,75.063,70.813,74.438,0.0,62.438,72.0,70.0,1000.0,200.0,-0.001,0.0,76.625,76.625,0.015,73.25,75.813,71.938,74.563,0.0,27.0,72.0,70.0,1000.0,200.0,0.0,0.0,75.0,74.875,-0.004,0.0,0.0,0.0,0.0,0.0,0.0,0.0,0.0,0.0,0.0,0.0,0.0,0.0,0.0,0.0,0.0,0.017,0.031,0.011,0.034,0.0,0.0,0.0,0.0,0.0,0.0,0.0,0.0,0.0,0.0,0.0,0.0,0.0,0.0,0.0,0.0,0.147,-0.149,0.0,0.0,0.149,0.001,0.0,0.001,-0.018,0.009,0.0,0.0,0.034,0.035,-0.009,0.0,0.0,-0.0
9072007,2158,0.0,1.0,1.0,1.0,100.0,0.0,0.0,0.0,0.0,0.0,0.0,33.968,36.31,0.012,0.02,0.0,80.0,55.0,1.4,17.516,2.248,72.345,0.344,69.14,72.058,72.917,71.357,66.784,0.0,0.036,0.091,20.0,20.0,61.424,48.423,0.0,73.433,75.57,74.108,77.986,50.065,61.451,55.152,-10.82,50.125,61.563,72.0,72.25,69.938,71.063,0.0,0.0,72.0,70.0,1000.0,200.0,0.0,17.469,71.688,70.625,-0.052,77.813,76.125,70.813,75.75,0.0,100.0,72.0,70.0,1000.0,200.0,-0.002,0.0,78.125,78.063,0.01,75.375,75.0,70.813,74.438,0.0,62.438,72.0,70.0,1000.0,200.0,-0.001,0.0,76.688,76.688,0.017,73.25,75.813,71.75,74.563,0.0,27.0,72.0,70.0,1000.0,200.0,0.0,0.0,74.938,74.875,-0.004,0.0,0.0,0.0,0.0,0.0,0.0,0.0,0.0,0.0,0.0,0.0,0.0,0.0,0.0,0.0,0.0,0.017,0.031,0.011,0.032,0.0,0.0,0.0,0.0,0.0,0.0,0.0,0.0,0.0,0.0,0.0,0.0,0.0,0.0,0.0,0.0,0.0,-0.149,-0.148,0.0,0.149,0.001,0.0,0.001,-0.02,0.009,0.0,0.0,0.034,0.036,-0.008,0.0,0.0,-0.0
9072007,2159,0.0,1.0,1.0,1.0,100.0,0.0,0.0,0.0,0.0,0.0,0.0,35.139,35.139,0.012,0.02,0.0,80.0,55.0,1.4,17.141,2.248,74.085,0.28,69.14,72.058,73.022,71.357,66.784,0.0,0.04,0.087,20.0,20.0,61.312,48.479,0.0,73.54,75.718,74.002,77.986,50.065,61.451,55.152,-10.82,50.125,61.469,71.938,72.188,70.063,70.938,0.0,0.0,72.0,70.0,1000.0,200.0,0.0,17.188,71.688,70.5,-0.052,77.813,76.125,70.813,75.75,0.0,100.0,72.0,70.0,1000.0,200.0,-0.002,0.0,78.125,78.063,0.01,75.375,75.0,70.813,74.438,0.0,62.438,72.0,70.0,1000.0,200.0,-0.001,0.0,76.688,76.625,0.017,73.188,75.75,71.938,74.563,0.0,27.0,72.0,70.0,1000.0,200.0,0.0,0.0,75.0,74.875,-0.004,0.0,0.0,0.0,0.0,0.0,0.0,0.0,0.0,0.0,0.0,0.0,0.0,0.0,0.0,0.0,0.0,0.017,0.031,0.01,0.032,0.0,0.0,0.0,0.0,0.0,0.0,0.0,0.0,0.0,0.0,0.0,0.0,0.0,0.0,0.0,0.0,0.147,-0.149,0.0,0.0,0.001,0.149,-0.148,0.149,-0.016,0.009,0.0,0.0,0.035,0.035,-0.009,0.0,0.0,-0.0
9072007,2200,0.0,1.0,1.0,1.0,100.0,0.0,0.0,0.0,0.0,0.0,0.0,33.968,35.139,0.012,0.02,0.0,80.0,55.0,1.4,17.141,2.248,75.824,0.041,69.248,72.058,72.917,71.463,66.891,0.0,0.036,0.087,20.0,20.0,61.284,48.507,0.0,73.433,75.57,74.108,77.912,50.065,61.451,55.224,-10.82,50.125,61.313,71.938,72.25,70.063,70.938,0.0,0.0,72.0,70.0,1000.0,200.0,0.0,17.391,71.688,70.625,-0.052,77.75,76.063,70.813,75.688,0.0,100.0,72.0,70.0,1000.0,200.0,-0.002,0.0,78.125,78.063,0.01,75.25,75.0,70.875,74.563,0.0,62.438,72.0,70.0,1000.0,200.0,-0.001,0.0,76.688,76.625,0.017,73.25,75.813,71.938,74.563,0.0,27.0,72.0,70.0,1000.0,200.0,0.0,0.0,74.938,75.0,-0.004,0.0,0.0,0.0,0.0,0.0,0.0,0.0,0.0,0.0,0.0,0.0,0.0,0.0,0.0,0.0,0.0,0.017,0.031,0.011,0.034,0.0,0.0,0.0,0.0,0.0,0.0,0.0,0.0,0.0,0.0,0.0,0.0,0.0,0.0,0.0,0.0,0.147,-0.149,-0.148,0.0,0.149,0.001,0.0,0.001,-0.019,0.009,0.0,0.0,0.034,0.035,-0.008,0.0,0.0,0.0
9072007,2201,0.0,1.0,1.0,1.0,100.0,0.0,0.0,0.0,0.0,0.0,0.0,35.139,35.139,0.012,0.02,0.0,80.0,55.0,1.4,17.281,2.248,74.085,1.024,69.14,72.058,72.917,71.357,66.891,0.0,0.036,0.091,20.0,20.0,61.2,48.536,0.0,73.433,75.57,74.002,77.912,50.211,61.451,55.297,-10.82,50.094,61.313,72.0,72.25,70.063,71.063,0.0,0.0,72.0,70.0,1000.0,200.0,0.0,17.344,71.688,70.625,-0.052,77.75,76.125,70.813,75.688,0.0,100.0,72.0,70.0,1000.0,200.0,-0.002,0.0,78.125,78.063,0.01,75.25,75.0,70.813,74.438,0.0,62.438,72.0,70.0,1000.0,200.0,-0.001,0.0,76.688,76.625,0.017,73.188,75.75,71.938,74.563,0.0,27.0,72.0,70.0,1000.0,200.0,0.0,0.0,74.938,74.875,-0.004,0.0,0.0,0.0,0.0,0.0,0.0,0.0,0.0,0.0,0.0,0.0,0.0,0.0,0.0,0.0,0.0,0.017,0.031,0.011,0.034,0.0,0.0,0.0,0.0,0.0,0.0,0.0,0.0,0.0,0.0,0.0,0.0,0.0,0.0,0.0,0.0,0.0,-0.149,0.0,0.0,0.149,0.001,0.0,0.001,-0.018,0.009,0.0,0.0,0.035,0.035,-0.008,0.0,0.0,-0.0
9072007,2202,0.0,1.0,1.0,1.0,100.0,0.0,0.0,0.0,0.0,0.0,0.0,35.139,35.139,0.012,0.02,0.0,80.0,55.0,1.4,17.328,2.248,72.345,0.04,69.248,72.058,72.917,71.357,66.784,0.0,0.036,0.091,20.0,20.0,61.088,48.536,0.0,73.433,75.644,74.002,77.912,50.284,61.556,55.37,-10.82,50.156,61.25,71.938,72.188,70.25,71.063,0.0,0.0,72.0,70.0,1000.0,200.0,0.0,17.281,71.688,70.625,-0.052,77.75,76.25,70.813,75.688,0.0,100.0,72.0,70.0,1000.0,200.0,-0.002,0.0,78.125,78.063,0.01,75.25,75.0,70.813,74.563,0.0,62.438,72.0,70.0,1000.0,200.0,-0.001,0.0,76.688,76.625,0.017,73.188,75.75,71.938,74.563,0.0,27.0,72.0,70.0,1000.0,200.0,0.0,0.0,75.0,74.875,-0.004,0.0,0.0,0.0,0.0,0.0,0.0,0.0,0.0,0.0,0.0,0.0,0.0,0.0,0.0,0.0,0.0,0.017,0.031,0.011,0.034,0.0,0.0,0.0,0.0,0.0,0.0,0.0,0.0,0.0,0.0,0.0,0.0,0.0,0.0,0.0,0.0,0.147,-0.149,0.0,0.0,0.001,0.001,-0.148,0.149,-0.017,0.009,0.0,0.0,0.035,0.035,-0.008,0.0,0.0,-0.0
9072007,2203,0.0,1.0,1.0,1.0,100.0,0.0,0.0,0.0,0.0,0.0,0.0,33.968,35.139,0.012,0.02,0.0,80.0,55.0,1.4,17.25,2.248,74.085,0.462,69.248,72.058,72.917,71.357,66.891,0.0,0.036,0.087,20.0,20.0,61.116,48.536,0.0,73.54,75.644,74.108,77.912,50.358,61.556,55.37,-10.828,50.125,61.125,71.938,72.25,70.063,71.063,0.0,0.0,72.0,70.0,1000.0,200.0,0.0,17.078,71.688,70.625,-0.052,77.75,76.25,70.813,75.688,0.0,100.0,72.0,70.0,1000.0,200.0,-0.002,0.0,78.125,78.063,0.01,75.25,75.063,70.813,74.563,0.0,62.438,72.0,70.0,1000.0,200.0,-0.001,0.0,76.688,76.625,0.017,73.188,75.75,71.938,74.563,0.0,27.0,72.0,70.0,1000.0,200.0,0.0,0.0,75.0,74.875,-0.004,0.0,0.0,0.0,0.0,0.0,0.0,0.0,0.0,0.0,0.0,0.0,0.0,0.0,0.0,0.0,0.0,0.017,0.032,0.011,0.032,0.0,0.0,0.0,0.0,0.0,0.0,0.0,0.0,0.0,0.0,0.0,0.0,0.0,0.0,0.0,0.0,0.0,-0.149,-0.148,0.0,0.001,0.149,-0.148,0.001,-0.018,0.009,0.0,0.0,0.034,0.035,-0.008,0.0,0.0,-0.0
9072007,2204,0.0,1.0,1.0,1.0,100.0,0.0,0.0,0.0,0.0,0.0,0.0,35.139,36.31,0.012,0.02,0.0,80.0,55.0,1.4,17.391,2.248,75.824,0.35,69.248,72.164,73.022,71.357,66.891,0.0,0.036,0.091,20.0,20.0,61.088,48.479,0.0,73.433,75.644,74.002,77.912,50.358,61.556,55.443,-10.82,50.156,60.75,71.938,72.25,70.063,71.063,0.0,0.0,72.0,70.0,1000.0,200.0,0.0,17.266,71.688,70.625,-0.052,77.75,76.125,70.813,75.5,0.0,100.0,72.0,70.0,1000.0,200.0,-0.002,0.0,78.125,78.063,0.01,75.25,75.0,70.813,74.438,0.0,62.438,72.0,70.0,1000.0,200.0,-0.001,0.0,76.688,76.625,0.017,73.188,75.813,72.0,74.563,0.0,27.0,72.0,70.0,1000.0,200.0,0.0,0.0,75.0,74.875,-0.004,0.0,0.0,0.0,0.0,0.0,0.0,0.0,0.0,0.0,0.0,0.0,0.0,0.0,0.0,0.0,0.0,0.017,0.031,0.011,0.034,0.0,0.0,0.0,0.0,0.0,0.0,0.0,0.0,0.0,0.0,0.0,0.0,0.0,0.0,0.0,0.0,0.147,-0.149,0.0,0.0,0.149,0.149,-0.148,0.149,-0.017,0.009,0.0,0.0,0.035,0.036,-0.008,0.0,0.0,-0.0
9072007,2205,0.0,1.0,1.0,1.0,100.0,0.0,0.0,0.0,0.0,0.0,0.0,33.968,35.139,0.012,0.02,0.0,80.0,55.0,1.4,17.313,2.248,67.121,0.574,69.248,72.058,73.022,71.357,66.998,0.0,0.036,0.091,20.0,20.0,60.919,48.479,0.0,73.325,75.644,74.108,77.912,50.358,61.66,55.443,-10.82,50.188,61.063,71.938,72.375,70.25,71.063,0.0,0.0,72.0,70.0,1000.0,200.0,0.0,17.281,71.688,70.625,-0.052,77.625,76.125,70.813,75.5,0.0,100.0,72.0,70.0,1000.0,200.0,-0.002,0.0,78.125,78.063,0.01,75.25,75.0,70.813,74.563,0.0,62.438,72.0,70.0,1000.0,200.0,-0.001,0.0,76.688,76.625,0.014,73.188,75.813,71.938,74.563,0.0,27.0,72.0,70.0,1000.0,200.0,0.0,0.0,75.0,74.875,-0.004,0.0,0.0,0.0,0.0,0.0,0.0,0.0,0.0,0.0,0.0,0.0,0.0,0.0,0.0,0.0,0.0,0.017,0.031,0.011,0.032,0.0,0.0,0.0,0.0,0.0,0.0,0.0,0.0,0.0,0.0,0.0,0.0,0.0,0.0,0.0,0.0,0.147,-0.149,0.0,0.0,0.149,0.001,-0.148,0.001,-0.018,0.009,0.0,0.0,0.034,0.035,-0.008,0.0,0.0,-0.0
9072007,2206,0.0,1.0,1.0,1.0,100.0,0.0,0.0,0.0,0.0,0.0,0.0,33.968,35.139,0.012,0.02,0.0,80.0,55.0,1.4,17.313,2.248,63.635,1.203,69.248,72.058,73.127,71.357,66.998,0.0,0.036,0.087,20.0,20.0,60.919,48.395,0.0,73.433,75.496,74.002,77.839,50.504,61.869,55.443,-10.828,50.156,61.094,72.0,72.25,70.063,71.063,0.0,0.0,72.0,70.0,1000.0,200.0,0.0,17.406,71.688,70.5,-0.052,77.625,76.125,70.813,75.5,0.0,100.0,72.0,70.0,1000.0,200.0,-0.002,0.0,78.125,78.063,0.01,75.25,75.0,70.813,74.438,0.0,62.438,72.0,70.0,1000.0,200.0,-0.001,0.0,76.625,76.625,0.017,73.188,75.813,72.0,74.563,0.0,27.0,72.0,70.0,1000.0,200.0,0.0,0.0,75.0,74.875,-0.004,0.0,0.0,0.0,0.0,0.0,0.0,0.0,0.0,0.0,0.0,0.0,0.0,0.0,0.0,0.0,0.0,0.017,0.031,0.011,0.032,0.0,0.0,0.0,0.0,0.0,0.0,0.0,0.0,0.0,0.0,0.0,0.0,0.0,0.0,0.0,0.0,0.147,-0.149,0.0,0.0,0.149,0.149,-0.148,0.001,-0.019,0.009,0.0,0.0,0.034,0.035,-0.009,0.0,0.0,-0.0
9072007,2207,0.0,1.0,1.0,1.0,100.0,0.0,0.0,0.0,0.0,0.0,0.0,33.968,35.139,0.022,0.02,0.0,80.0,55.0,1.4,17.422,2.248,40.917,0.363,69.248,72.164,73.127,71.463,66.998,0.0,0.036,0.087,20.0,20.0,60.976,48.311,0.0,73.433,75.57,74.002,77.912,50.504,61.66,55.589,-10.82,50.156,61.438,71.938,72.25,70.063,71.063,0.0,0.0,72.0,70.0,1000.0,200.0,0.0,17.422,71.688,70.625,-0.052,77.625,76.25,70.813,75.688,0.0,100.0,72.0,70.0,1000.0,200.0,-0.002,0.0,78.313,78.063,0.01,75.25,75.0,70.875,74.563,0.0,62.438,72.0,70.0,1000.0,200.0,-0.001,0.0,76.688,76.625,0.015,73.188,75.75,71.938,74.563,0.0,27.0,72.0,70.0,1000.0,200.0,0.0,0.0,75.0,74.875,-0.004,0.0,0.0,0.0,0.0,0.0,0.0,0.0,0.0,0.0,0.0,0.0,0.0,0.0,0.0,0.0,0.0,0.017,0.031,0.011,0.034,0.0,0.0,0.0,0.0,0.0,0.0,0.0,0.0,0.0,0.0,0.0,0.0,0.0,0.0,0.0,0.0,0.0,-0.149,-0.148,0.0,0.149,0.001,-0.148,0.001,-0.033,0.009,0.0,0.0,0.034,0.035,-0.008,0.0,0.0,-0.0
9072007,2208,0.0,1.0,1.0,1.0,100.0,0.0,0.0,0.0,0.0,0.0,0.0,35.139,35.139,0.012,0.02,0.0,80.0,55.0,1.4,17.344,2.248,49.668,-0.209,69.355,72.164,73.127,71.463,67.105,0.0,0.036,0.087,20.0,20.0,60.976,48.283,0.0,73.433,75.57,74.108,77.839,50.577,61.765,55.589,-10.82,50.125,61.625,71.938,72.25,70.25,71.063,0.0,0.0,72.0,70.0,1000.0,200.0,0.0,17.344,71.688,70.5,-0.052,77.625,76.125,70.938,75.75,0.0,100.0,72.0,70.0,1000.0,200.0,-0.002,0.0,78.125,78.063,0.01,75.25,75.0,70.875,74.563,0.0,62.438,72.0,70.0,1000.0,200.0,-0.001,0.0,76.688,76.625,0.017,73.25,75.75,72.0,74.563,0.0,27.0,72.0,70.0,1000.0,200.0,0.0,0.0,75.0,74.875,-0.004,0.0,0.0,0.0,0.0,0.0,0.0,0.0,0.0,0.0,0.0,0.0,0.0,0.0,0.0,0.0,0.0,0.017,0.031,0.011,0.034,0.0,0.0,0.0,0.0,0.0,0.0,0.0,0.0,0.0,0.0,0.0,0.0,0.0,0.0,0.0,0.0,0.147,-0.149,0.0,0.0,0.149,0.149,-0.148,0.149,-0.019,0.009,0.0,0.0,0.035,0.035,-0.009,0.0,0.0,-0.0
9072007,2209,0.0,1.0,1.0,1.0,100.0,0.0,0.0,0.0,0.0,0.0,0.0,33.968,35.139,0.012,0.02,0.0,80.0,55.0,1.4,17.328,2.248,68.863,-0.099,69.355,72.164,73.232,71.463,67.105,0.0,0.04,0.091,20.0,20.0,61.032,48.171,0.0,73.433,75.496,74.002,77.765,50.577,61.66,55.589,-10.828,50.094,60.844,71.938,72.25,70.25,71.063,0.0,0.0,72.0,70.0,1000.0,200.0,0.0,17.359,71.813,70.625,-0.052,77.625,76.125,70.938,75.75,0.0,100.0,72.0,70.0,1000.0,200.0,-0.002,0.0,78.313,78.063,0.01,75.25,75.0,70.875,74.688,0.0,62.438,72.0,70.0,1000.0,200.0,-0.001,0.0,76.688,76.563,0.017,73.188,75.75,72.0,74.563,0.0,27.0,72.0,70.0,1000.0,200.0,0.0,0.0,75.0,74.875,-0.004,0.0,0.0,0.0,0.0,0.0,0.0,0.0,0.0,0.0,0.0,0.0,0.0,0.0,0.0,0.0,0.0,0.017,0.031,0.011,0.034,0.0,0.0,0.0,0.0,0.0,0.0,0.0,0.0,0.0,0.0,0.0,0.0,0.0,0.0,0.0,0.0,0.0,-0.149,-0.148,0.0,0.149,0.001,-0.148,0.149,-0.018,0.009,0.0,0.0,0.034,0.035,-0.009,0.0,0.0,-0.0
9072007,2210,0.0,1.0,1.0,1.0,100.0,0.0,0.0,0.0,0.0,0.0,0.0,33.968,35.139,0.012,0.02,0.0,80.0,55.0,1.4,17.328,2.248,70.604,0.685,69.355,72.164,73.232,71.357,67.212,0.0,0.036,0.087,20.0,20.0,61.228,48.143,0.0,73.325,75.496,74.108,77.912,50.651,61.973,55.661,-10.82,50.094,60.625,72.0,72.375,70.25,70.938,0.0,0.0,72.0,70.0,1000.0,200.0,0.0,17.328,71.688,70.625,-0.052,77.563,76.125,70.938,75.75,0.0,100.0,72.0,70.0,1000.0,200.0,-0.002,0.0,78.125,78.063,0.01,75.375,75.0,71.0,74.563,0.0,62.438,72.0,70.0,1000.0,200.0,-0.001,0.0,76.688,76.625,0.017,73.188,75.813,72.0,74.563,0.0,27.0,72.0,70.0,1000.0,200.0,0.0,0.0,75.0,74.875,-0.004,0.0,0.0,0.0,0.0,0.0,0.0,0.0,0.0,0.0,0.0,0.0,0.0,0.0,0.0,0.0,0.0,0.017,0.031,0.011,0.034,0.0,0.0,0.0,0.0,0.0,0.0,0.0,0.0,0.0,0.0,0.0,0.0,0.0,0.0,0.0,0.0,0.147,-0.149,0.0,0.0,0.001,0.001,-0.148,0.149,-0.021,0.009,0.0,0.0,0.034,0.035,-0.008,0.0,0.0,-0.0
9072007,2211,0.0,1.0,1.0,1.0,100.0,0.0,0.0,0.0,0.0,0.0,0.0,35.139,36.31,0.012,0.02,0.0,80.0,55.0,1.4,17.328,2.248,70.604,0.571,69.355,72.058,73.232,71.357,67.212,0.0,0.036,0.087,20.0,20.0,60.976,48.171,0.0,73.433,75.57,74.002,77.839,50.724,61.765,55.661,-10.82,50.094,60.313,71.938,72.25,70.063,71.063,0.0,0.0,72.0,70.0,1000.0,200.0,0.0,17.438,71.688,70.625,-0.052,77.563,76.125,70.938,75.75,0.0,100.0,72.0,70.0,1000.0,200.0,-0.002,0.0,78.125,78.063,0.01,75.25,75.0,71.0,74.563,0.0,62.438,72.0,70.0,1000.0,200.0,-0.001,0.0,76.688,76.625,0.017,73.188,75.813,72.0,74.563,0.0,27.0,72.0,70.0,1000.0,200.0,0.0,0.0,75.0,74.875,-0.004,0.0,0.0,0.0,0.0,0.0,0.0,0.0,0.0,0.0,0.0,0.0,0.0,0.0,0.0,0.0,0.0,0.017,0.031,0.011,0.034,0.0,0.0,0.0,0.0,0.0,0.0,0.0,0.0,0.0,0.0,0.0,0.0,0.0,0.0,0.0,0.0,0.0,-0.149,-0.148,0.0,0.149,0.001,0.0,0.001,-0.017,0.009,0.0,0.0,0.035,0.036,-0.008,0.0,0.0,-0.0
9072007,2212,0.0,1.0,1.0,1.0,100.0,0.0,0.0,0.0,0.0,0.0,0.0,35.139,35.139,0.012,0.02,0.0,80.0,55.0,1.4,17.328,2.248,72.345,0.35,69.355,72.164,73.337,71.463,67.212,0.0,0.036,0.087,20.0,20.0,60.779,48.143,0.0,73.433,75.57,74.108,77.839,50.797,61.869,55.807,-10.82,50.063,60.406,71.938,72.375,70.25,71.063,0.0,0.0,72.0,70.0,1000.0,200.0,0.0,17.281,71.813,70.5,-0.052,77.563,76.125,70.938,75.75,0.0,100.0,72.0,70.0,1000.0,200.0,-0.002,0.0,78.313,78.063,0.01,75.188,75.0,71.125,74.563,0.0,62.438,72.0,70.0,1000.0,200.0,-0.001,0.0,76.625,76.625,0.017,73.188,75.75,72.0,74.5,0.0,27.0,72.0,70.0,1000.0,200.0,0.0,0.0,75.0,74.875,-0.004,0.0,0.0,0.0,0.0,0.0,0.0,0.0,0.0,0.0,0.0,0.0,0.0,0.0,0.0,0.0,0.0,0.017,0.031,0.011,0.034,0.0,0.0,0.0,0.0,0.0,0.0,0.0,0.0,0.0,0.0,0.0,0.0,0.0,0.0,0.0,0.0,0.147,-0.149,-0.148,0.147,0.001,0.149,-0.148,0.149,-0.019,0.009,0.0,0.0,0.035,0.035,-0.01,0.0,0.0,-0.0
9072007,2213,0.0,1.0,1.0,1.0,100.0,0.0,0.0,0.0,0.0,0.0,0.0,35.139,36.31,0.012,0.02,0.0,80.0,55.0,1.4,17.375,2.248,75.824,0.357,69.355,72.058,73.127,71.357,67.212,0.0,0.036,0.087,20.0,20.0,60.639,48.171,0.0,73.218,75.496,74.002,77.912,50.87,61.869,55.807,-10.828,50.031,60.188,72.0,72.375,70.25,71.063,0.0,0.0,72.0,70.0,1000.0,200.0,0.0,17.359,71.813,70.75,-0.052,77.563,76.125,70.813,75.688,0.0,100.0,72.0,70.0,1000.0,200.0,-0.002,0.0,78.313,78.063,0.01,75.25,75.063,70.875,74.688,0.0,62.438,72.0,70.0,1000.0,200.0,-0.001,0.0,76.688,76.625,0.017,73.188,75.813,72.0,74.563,0.0,27.0,72.0,70.0,1000.0,200.0,0.0,0.0,75.0,74.875,-0.004,0.0,0.0,0.0,0.0,0.0,0.0,0.0,0.0,0.0,0.0,0.0,0.0,0.0,0.0,0.0,0.0,0.017,0.031,0.011,0.034,0.0,0.0,0.0,0.0,0.0,0.0,0.0,0.0,0.0,0.0,0.0,0.0,0.0,0.0,0.0,0.0,0.0,-0.149,-0.148,0.147,0.001,0.149,-0.148,0.149,-0.019,0.009,0.0,0.0,0.035,0.036,-0.008,0.0,0.0,-0.0
9072007,2214,0.0,1.0,1.0,1.0,100.0,0.0,0.0,0.0,0.0,0.0,0.0,33.968,35.139,0.012,0.02,0.0,80.0,55.0,1.4,17.25,2.248,70.604,-0.097,69.355,72.164,73.232,71.568,67.319,0.0,0.036,0.087,20.0,20.0,60.611,48.199,0.0,73.433,75.57,74.002,77.912,50.944,61.869,55.88,-10.82,50.0,60.125,71.938,72.375,70.25,71.063,0.0,0.0,72.0,70.0,1000.0,200.0,0.0,17.359,71.688,70.625,-0.052,77.563,76.125,70.938,75.688,0.0,100.0,72.0,70.0,1000.0,200.0,-0.002,0.0,78.125,78.063,0.01,75.25,75.0,71.0,74.563,0.0,62.438,72.0,70.0,1000.0,200.0,-0.001,0.0,76.688,76.625,0.017,73.188,75.813,72.0,74.5,0.0,27.0,72.0,70.0,1000.0,200.0,0.0,0.0,75.0,75.0,-0.004,0.0,0.0,0.0,0.0,0.0,0.0,0.0,0.0,0.0,0.0,0.0,0.0,0.0,0.0,0.0,0.0,0.017,0.031,0.011,0.032,0.0,0.0,0.0,0.0,0.0,0.0,0.0,0.0,0.0,0.0,0.0,0.0,0.0,0.0,0.0,0.0,0.147,-0.149,0.0,0.0,0.149,0.001,-0.148,0.001,-0.018,0.009,0.0,0.0,0.034,0.035,-0.008,0.0,0.0,0.0
9072007,2215,0.0,1.0,1.0,1.0,100.0,0.0,0.0,0.0,0.0,0.0,0.0,33.968,35.139,0.012,0.02,0.0,80.0,55.0,1.4,17.406,2.248,72.345,0.349,69.355,72.164,73.232,71.463,67.212,0.0,0.036,0.091,20.0,20.0,60.527,48.171,0.0,73.325,75.57,74.002,77.765,50.87,61.973,55.88,-10.82,50.0,60.063,71.938,72.375,70.25,71.063,0.0,0.0,72.0,70.0,1000.0,200.0,0.0,17.406,71.813,70.625,-0.052,77.563,76.063,70.938,75.5,0.0,100.0,72.0,70.0,1000.0,200.0,-0.002,0.0,78.125,78.063,0.01,75.188,75.0,71.0,74.563,0.0,62.438,72.0,70.0,1000.0,200.0,-0.001,0.0,76.688,76.563,0.017,73.188,75.75,72.0,74.563,0.0,27.0,72.0,70.0,1000.0,200.0,0.0,0.0,75.0,75.0,-0.004,0.0,0.0,0.0,0.0,0.0,0.0,0.0,0.0,0.0,0.0,0.0,0.0,0.0,0.0,0.0,0.0,0.017,0.031,0.011,0.034,0.0,0.0,0.0,0.0,0.0,0.0,0.0,0.0,0.0,0.0,0.0,0.0,0.0,0.0,0.0,0.0,0.0,-0.149,0.0,0.0,0.149,0.001,0.0,0.001,-0.017,0.009,0.0,0.0,0.034,0.035,-0.009,0.0,0.0,0.0
9072007,2216,0.0,1.0,1.0,1.0,100.0,0.0,0.0,0.0,0.0,0.0,0.0,35.139,35.139,0.022,0.02,0.0,80.0,55.0,1.4,17.406,2.248,68.863,1.664,69.355,72.058,73.232,71.463,67.212,0.0,0.036,0.091,20.0,20.0,60.499,48.199,0.0,73.325,75.57,74.108,77.839,50.944,61.869,55.88,-10.82,50.0,60.063,71.938,72.375,70.063,71.063,0.0,0.0,72.0,70.0,1000.0,200.0,0.0,17.406,71.813,70.625,-0.052,77.438,76.063,70.938,75.688,0.0,100.0,72.0,70.0,1000.0,200.0,-0.002,0.0,78.313,78.063,0.01,75.188,75.063,71.0,74.688,0.0,62.438,72.0,70.0,1000.0,200.0,-0.001,0.0,76.688,76.625,0.017,73.188,75.813,72.188,74.563,0.0,27.0,72.0,70.0,1000.0,200.0,0.0,0.0,75.0,74.875,-0.004,0.0,0.0,0.0,0.0,0.0,0.0,0.0,0.0,0.0,0.0,0.0,0.0,0.0,0.0,0.0,0.0,0.017,0.031,0.011,0.034,0.0,0.0,0.0,0.0,0.0,0.0,0.0,0.0,0.0,0.0,0.0,0.0,0.0,0.0,0.0,0.0,0.0,-0.149,-0.148,0.0,0.149,0.001,-0.148,0.001,-0.034,0.009,0.0,0.0,0.035,0.035,-0.009,0.0,0.0,-0.0
9072007,2217,0.0,1.0,1.0,1.0,100.0,0.0,0.0,0.0,0.0,0.0,0.0,33.968,35.139,0.022,0.02,0.0,80.0,55.0,1.4,17.422,2.248,68.863,0.787,69.355,72.058,73.232,71.463,67.319,0.0,0.036,0.087,20.0,20.0,60.443,48.227,0.0,73.325,75.57,74.002,77.839,51.017,61.973,55.953,-10.82,49.969,60.031,72.0,72.375,70.25,71.063,0.0,0.0,72.0,70.0,1000.0,200.0,0.0,17.344,71.813,70.625,-0.052,77.438,76.063,70.938,75.5,0.0,100.0,72.0,70.0,1000.0,200.0,-0.002,0.0,78.313,78.063,0.01,75.188,75.0,71.0,74.563,0.0,62.438,72.0,70.0,1000.0,200.0,-0.001,0.0,76.625,76.625,0.017,73.188,75.75,72.188,74.563,0.0,27.0,72.0,70.0,1000.0,200.0,0.0,0.0,75.0,74.875,-0.004,0.0,0.0,0.0,0.0,0.0,0.0,0.0,0.0,0.0,0.0,0.0,0.0,0.0,0.0,0.0,0.0,0.017,0.031,0.011,0.032,0.0,0.0,0.0,0.0,0.0,0.0,0.0,0.0,0.0,0.0,0.0,0.0,0.0,0.0,0.0,0.0,0.0,-0.149,-0.148,0.0,0.149,0.001,0.0,0.001,-0.032,0.009,0.0,0.0,0.034,0.035,-0.009,0.0,0.0,-0.0
9072007,2218,0.0,1.0,1.0,1.0,100.0,0.0,0.0,0.0,0.0,0.0,0.0,33.968,35.139,0.012,0.02,0.0,80.0,55.0,1.4,17.406,2.248,72.345,0.351,69.355,72.058,73.232,71.463,67.426,0.0,0.036,0.087,20.0,20.0,60.387,48.227,0.0,73.325,75.496,74.002,77.839,51.09,62.078,56.026,-10.82,50.0,59.969,71.938,72.25,70.25,71.063,0.0,0.0,72.0,70.0,1000.0,200.0,0.0,17.453,71.813,70.625,-0.052,77.438,76.063,70.938,75.5,0.0,100.0,72.0,70.0,1000.0,200.0,-0.002,0.0,78.125,78.063,0.01,75.188,75.0,71.0,74.563,0.0,62.438,72.0,70.0,1000.0,200.0,-0.001,0.0,76.688,76.625,0.017,73.188,75.813,72.188,74.5,0.0,27.0,72.0,70.0,1000.0,200.0,0.0,0.0,75.0,74.875,-0.004,0.0,0.0,0.0,0.0,0.0,0.0,0.0,0.0,0.0,0.0,0.0,0.0,0.0,0.0,0.0,0.0,0.017,0.031,0.011,0.034,0.0,0.0,0.0,0.0,0.0,0.0,0.0,0.0,0.0,0.0,0.0,0.0,0.0,0.0,0.0,0.0,0.147,-0.149,-0.148,0.0,0.149,0.001,0.0,0.001,-0.019,0.009,0.0,0.0,0.034,0.035,-0.009,0.0,0.0,-0.0
9072007,2219,0.0,1.0,1.0,1.0,100.0,0.0,0.0,0.0,0.0,0.0,0.0,33.968,35.139,0.012,0.034,0.0,80.0,55.0,1.4,17.188,2.248,68.863,1.021,69.355,72.164,73.232,71.463,67.319,0.0,0.036,0.087,20.0,20.0,60.387,48.255,0.0,73.325,75.496,74.002,77.839,51.163,62.078,56.026,-10.828,49.969,59.938,71.813,72.25,70.25,71.063,0.0,0.0,72.0,70.0,1000.0,200.0,0.0,17.313,71.813,70.5,-0.052,77.438,76.063,71.0,75.5,0.0,100.0,72.0,70.0,1000.0,200.0,-0.002,0.0,78.313,78.063,0.01,75.375,74.875,71.125,74.563,0.0,62.438,72.0,70.0,1000.0,200.0,-0.001,0.0,76.688,76.625,0.017,73.063,75.813,72.188,74.563,0.0,27.0,72.0,70.0,1000.0,200.0,0.0,0.0,75.0,74.875,-0.004,0.0,0.0,0.0,0.0,0.0,0.0,0.0,0.0,0.0,0.0,0.0,0.0,0.0,0.0,0.0,0.0,0.017,0.031,0.011,0.034,0.0,0.0,0.0,0.0,0.0,0.0,0.0,0.0,0.0,0.0,0.0,0.0,0.0,0.0,0.0,0.0,0.0,-0.001,-0.148,0.0,0.149,0.001,-0.148,0.001,-0.019,0.015,0.0,0.0,0.034,0.035,-0.01,0.0,0.0,-0.0
9072007,2220,0.0,1.0,1.0,1.0,100.0,0.0,0.0,0.0,0.0,0.0,0.0,33.968,36.31,0.012,0.02,0.0,80.0,55.0,1.4,17.188,2.248,68.863,0.353,69.463,72.164,73.127,71.463,67.426,0.0,0.036,0.087,20.0,20.0,60.415,48.283,0.0,73.433,75.57,74.002,77.765,51.163,62.287,56.098,-10.828,49.969,59.688,71.938,72.25,70.25,71.063,0.0,0.0,72.0,70.0,1000.0,200.0,0.0,17.344,71.813,70.625,-0.052,77.25,76.063,71.0,75.5,0.0,100.0,72.0,70.0,1000.0,200.0,-0.002,0.0,78.125,78.063,0.01,75.188,75.0,71.125,74.563,0.0,62.438,72.0,70.0,1000.0,200.0,-0.001,0.0,76.688,76.563,0.017,73.063,75.813,72.188,74.563,0.0,27.0,72.0,70.0,1000.0,200.0,0.0,0.0,75.0,74.875,-0.004,0.0,0.0,0.0,0.0,0.0,0.0,0.0,0.0,0.0,0.0,0.0,0.0,0.0,0.0,0.0,0.0,0.017,0.031,0.011,0.034,0.0,0.0,0.0,0.0,0.0,0.0,0.0,0.0,0.0,0.0,0.0,0.0,0.0,0.0,0.0,0.0,0.147,-0.149,-0.148,0.0,0.001,0.001,0.0,0.001,-0.017,0.009,0.0,0.0,0.034,0.036,-0.009,0.0,0.0,-0.0
9072007,2221,0.0,1.0,1.0,1.0,100.0,0.0,0.0,0.0,0.0,0.0,0.0,33.968,35.139,0.012,0.02,0.0,80.0,55.0,1.4,17.359,2.248,68.863,0.301,69.463,72.164,73.127,71.463,67.426,0.0,0.036,0.087,20.0,20.0,60.33,48.311,0.0,73.325,75.496,74.002,77.839,51.237,62.078,56.171,-10.82,49.969,59.719,71.938,72.375,70.25,71.063,0.0,0.0,72.0,70.0,1000.0,200.0,0.0,17.469,71.813,70.625,-0.052,77.25,75.938,70.938,75.5,0.0,100.0,72.0,70.0,1000.0,200.0,-0.002,0.0,78.125,78.063,0.01,75.188,75.0,71.125,74.688,0.0,62.438,72.0,70.0,1000.0,200.0,-0.001,0.0,76.688,76.625,0.017,73.188,75.813,72.188,74.563,0.0,27.0,72.0,70.0,1000.0,200.0,0.0,0.0,75.0,74.875,-0.004,0.0,0.0,0.0,0.0,0.0,0.0,0.0,0.0,0.0,0.0,0.0,0.0,0.0,0.0,0.0,0.0,0.017,0.031,0.011,0.034,0.0,0.0,0.0,0.0,0.0,0.0,0.0,0.0,0.0,0.0,0.0,0.0,0.0,0.0,0.0,0.0,0.147,-0.149,0.0,0.0,0.001,0.149,-0.148,0.149,-0.019,0.009,0.0,0.0,0.034,0.035,-0.009,0.0,0.0,-0.0
9072007,2222,0.0,1.0,1.0,1.0,100.0,0.0,0.0,0.0,0.0,0.0,0.0,33.968,35.139,0.012,0.02,0.0,80.0,55.0,1.4,17.547,2.248,67.121,0.322,69.355,72.164,73.127,71.463,67.426,0.0,0.04,0.087,20.0,20.0,60.19,48.339,0.0,73.218,75.57,74.002,77.839,51.31,62.182,56.171,-10.82,49.969,59.594,71.813,72.375,70.25,71.063,0.0,0.0,72.0,70.0,1000.0,200.0,0.0,17.375,71.813,70.625,-0.052,77.25,75.938,71.0,75.5,0.0,100.0,72.0,70.0,1000.0,200.0,-0.002,0.0,78.125,78.063,0.009,75.188,74.875,71.0,74.563,0.0,62.438,72.0,70.0,1000.0,200.0,-0.001,0.0,76.688,76.625,0.017,73.188,75.813,72.188,74.5,0.0,27.0,72.0,70.0,1000.0,200.0,0.0,0.0,75.0,74.875,-0.004,0.0,0.0,0.0,0.0,0.0,0.0,0.0,0.0,0.0,0.0,0.0,0.0,0.0,0.0,0.0,0.0,0.017,0.031,0.011,0.034,0.0,0.0,0.0,0.0,0.0,0.0,0.0,0.0,0.0,0.0,0.0,0.0,0.0,0.0,0.0,0.0,0.0,-0.149,-0.148,0.0,0.149,0.001,-0.148,0.149,-0.017,0.009,0.0,0.0,0.034,0.035,-0.009,0.0,0.0,-0.0
9072007,2223,0.0,1.0,1.0,1.0,100.0,0.0,0.0,0.0,0.0,0.0,0.0,33.968,35.139,0.012,0.02,0.0,80.0,55.0,1.4,17.25,2.248,68.863,0.361,69.463,72.058,73.127,71.463,67.534,0.0,0.036,0.091,20.0,20.0,60.19,48.339,0.0,73.325,75.496,74.002,77.839,51.31,62.182,56.171,-10.82,49.938,59.5,71.938,72.25,70.25,71.063,0.0,0.0,72.0,70.0,1000.0,200.0,0.0,17.156,71.813,70.75,-0.052,77.25,75.938,70.938,75.5,0.0,100.0,72.0,70.0,1000.0,200.0,-0.002,0.0,78.125,78.063,0.01,75.188,75.0,71.125,74.688,0.0,62.438,72.0,70.0,1000.0,200.0,-0.001,0.0,76.688,76.625,0.017,73.063,75.813,72.188,74.563,0.0,27.0,72.0,70.0,1000.0,200.0,0.0,0.0,75.0,74.875,-0.004,0.0,0.0,0.0,0.0,0.0,0.0,0.0,0.0,0.0,0.0,0.0,0.0,0.0,0.0,0.0,0.0,0.017,0.031,0.011,0.032,0.0,0.0,0.0,0.0,0.0,0.0,0.0,0.0,0.0,0.0,0.0,0.0,0.0,0.0,0.0,0.0,0.0,-0.149,0.0,0.0,0.149,0.001,-0.148,0.001,-0.019,0.009,0.0,0.0,0.034,0.035,-0.008,0.0,0.0,-0.0
9072007,2224,0.0,1.0,1.0,1.0,100.0,0.0,0.0,0.0,0.0,0.0,0.0,35.139,35.139,0.012,0.02,0.0,80.0,55.0,1.4,17.141,2.248,68.863,1.916,69.57,72.058,73.127,71.463,67.534,0.0,0.036,0.087,20.0,20.0,60.134,48.367,0.0,73.325,75.496,74.108,77.765,51.457,62.182,56.244,-10.82,49.969,59.5,71.938,72.25,70.313,71.063,0.0,0.0,72.0,70.0,1000.0,200.0,0.0,17.188,71.813,70.625,-0.052,77.125,75.938,70.938,75.5,0.0,100.0,72.0,70.0,1000.0,200.0,-0.002,0.0,78.125,78.063,0.01,75.188,75.0,71.125,74.688,0.0,62.438,72.0,70.0,1000.0,200.0,-0.001,0.0,76.688,76.625,0.017,73.188,75.813,72.188,74.5,0.0,27.0,72.0,70.0,1000.0,200.0,0.0,0.0,75.0,74.875,-0.004,0.0,0.0,0.0,0.0,0.0,0.0,0.0,0.0,0.0,0.0,0.0,0.0,0.0,0.0,0.0,0.0,0.017,0.031,0.011,0.034,0.0,0.0,0.0,0.0,0.0,0.0,0.0,0.0,0.0,0.0,0.0,0.0,0.0,0.0,0.0,0.0,0.0,-0.149,-0.148,0.147,0.149,0.001,-0.148,0.149,-0.02,0.009,0.0,0.0,0.035,0.035,-0.009,0.0,0.0,-0.0
9072007,2225,0.0,1.0,1.0,1.0,100.0,0.0,0.0,0.0,0.0,0.0,0.0,35.139,35.139,0.012,0.02,0.0,80.0,55.0,1.4,17.094,2.248,70.604,0.325,69.57,72.058,73.127,71.463,67.534,0.0,0.036,0.087,20.0,20.0,60.106,48.367,0.0,73.325,75.496,74.002,77.691,51.31,62.182,56.244,-10.82,49.938,59.5,71.938,72.25,70.25,71.063,0.0,0.0,72.0,70.0,1000.0,200.0,0.0,17.203,71.813,70.625,-0.052,77.25,75.938,71.0,75.375,0.0,100.0,72.0,70.0,1000.0,200.0,-0.002,0.0,78.313,78.063,0.01,75.188,75.0,71.125,74.688,0.0,62.438,72.0,70.0,1000.0,200.0,-0.001,0.0,76.688,76.625,0.017,73.063,75.75,72.188,74.5,0.0,27.0,72.0,70.0,1000.0,200.0,0.0,0.0,75.0,75.0,-0.004,0.0,0.0,0.0,0.0,0.0,0.0,0.0,0.0,0.0,0.0,0.0,0.0,0.0,0.0,0.0,0.0,0.017,0.031,0.011,0.032,0.0,0.0,0.0,0.0,0.0,0.0,0.0,0.0,0.0,0.0,0.0,0.0,0.0,0.0,0.0,0.0,0.0,-0.149,-0.148,0.0,0.149,0.001,0.0,0.001,-0.018,0.009,0.0,0.0,0.035,0.035,-0.009,0.0,0.0,0.0
9072007,2226,0.0,1.0,1.0,1.0,100.0,0.0,0.0,0.0,0.0,0.0,0.0,33.968,35.139,0.012,0.02,0.0,80.0,55.0,1.4,17.094,2.248,68.863,-0.543,69.463,72.058,73.022,71.463,67.641,0.0,0.036,0.087,20.0,20.0,60.106,48.395,0.0,73.325,75.57,74.002,77.765,51.53,62.182,56.317,-10.82,49.938,59.5,71.938,72.25,70.25,71.063,0.0,0.0,72.0,70.0,1000.0,200.0,0.0,17.234,71.813,70.75,-0.052,77.125,75.938,71.0,75.375,0.0,100.0,72.0,70.0,1000.0,200.0,-0.002,0.0,78.063,78.063,0.01,75.188,75.0,71.125,74.688,0.0,62.438,72.0,70.0,1000.0,200.0,-0.001,0.0,76.688,76.625,0.017,73.063,75.813,72.188,74.563,0.0,27.0,72.0,70.0,1000.0,200.0,0.0,0.0,75.0,74.875,-0.004,0.0,0.0,0.0,0.0,0.0,0.0,0.0,0.0,0.0,0.0,0.0,0.0,0.0,0.0,0.0,0.0,0.017,0.031,0.011,0.032,0.0,0.0,0.0,0.0,0.0,0.0,0.0,0.0,0.0,0.0,0.0,0.0,0.0,0.0,0.0,0.0,0.147,-0.149,0.0,0.0,0.149,0.001,-0.148,0.001,-0.017,0.009,0.0,0.0,0.034,0.035,-0.008,0.0,0.0,-0.0
9072007,2227,0.0,1.0,1.0,1.0,100.0,0.0,0.0,0.0,0.0,0.0,0.0,35.139,35.139,0.012,0.02,0.0,80.0,55.0,1.4,17.359,2.248,74.085,0.516,69.57,72.058,73.022,71.463,67.641,0.0,0.036,0.087,20.0,20.0,59.994,48.423,0.0,73.325,75.496,74.002,77.765,51.603,62.287,56.39,-10.82,49.938,59.25,71.938,72.25,70.25,71.063,0.0,0.0,72.0,70.0,1000.0,200.0,0.0,17.234,71.813,70.625,-0.052,77.125,75.938,71.0,75.375,0.0,100.0,72.0,70.0,1000.0,200.0,-0.002,0.0,78.125,78.063,0.01,75.188,75.0,71.125,74.688,0.0,62.438,72.0,70.0,1000.0,200.0,-0.001,0.0,76.625,76.625,0.017,73.063,75.813,72.313,74.563,0.0,27.0,72.0,70.0,1000.0,200.0,0.0,0.0,75.125,74.875,-0.004,0.0,0.0,0.0,0.0,0.0,0.0,0.0,0.0,0.0,0.0,0.0,0.0,0.0,0.0,0.0,0.0,0.017,0.031,0.011,0.034,0.0,0.0,0.0,0.0,0.0,0.0,0.0,0.0,0.0,0.0,0.0,0.0,0.0,0.0,0.0,0.0,0.147,-0.149,-0.148,0.0,0.001,0.001,-0.148,0.149,-0.018,0.009,0.0,0.0,0.035,0.035,-0.009,0.0,0.0,-0.0
9072007,2228,0.0,1.0,1.0,1.0,100.0,0.0,0.0,0.0,0.0,0.0,0.0,35.139,35.139,0.012,0.02,0.0,80.0,55.0,1.4,17.313,2.248,70.604,1.657,69.57,72.058,73.022,71.463,67.641,0.0,0.036,0.087,20.0,20.0,59.994,48.451,0.0,73.325,75.496,74.002,77.765,51.53,62.287,56.39,-10.82,49.938,59.156,71.813,72.25,70.25,71.063,0.0,0.0,72.0,70.0,1000.0,200.0,0.0,17.438,71.813,70.625,-0.052,77.125,75.938,71.0,75.5,0.0,100.0,72.0,70.0,1000.0,200.0,-0.002,0.0,78.125,78.063,0.01,75.188,75.0,71.125,74.688,0.0,62.438,72.0,70.0,1000.0,200.0,-0.001,0.0,76.688,76.625,0.017,73.063,75.813,72.188,74.563,0.0,27.0,72.0,70.0,1000.0,200.0,0.0,0.0,75.0,75.0,-0.004,0.0,0.0,0.0,0.0,0.0,0.0,0.0,0.0,0.0,0.0,0.0,0.0,0.0,0.0,0.0,0.0,0.017,0.031,0.011,0.034,0.0,0.0,0.0,0.0,0.0,0.0,0.0,0.0,0.0,0.0,0.0,0.0,0.0,0.0,0.0,0.0,0.147,-0.149,-0.148,0.0,0.149,0.001,0.0,0.001,-0.018,0.009,0.0,0.0,0.035,0.035,-0.009,0.0,0.0,0.0
9072007,2229,0.0,1.0,1.0,1.0,100.0,0.0,0.0,0.0,0.0,0.0,0.0,35.139,35.139,0.012,0.02,0.0,80.0,55.0,1.4,17.266,2.248,75.824,-0.689,69.57,72.058,73.022,71.463,67.641,0.0,0.036,0.091,20.0,20.0,59.882,48.479,0.0,73.325,75.422,74.108,77.691,51.603,62.391,56.39,-10.82,49.938,58.938,71.938,72.25,70.313,71.063,0.0,0.0,72.0,70.0,1000.0,200.0,0.0,17.266,71.938,70.75,-0.052,77.125,75.938,71.0,75.375,0.0,100.0,72.0,70.0,1000.0,200.0,-0.002,0.0,78.125,78.063,0.01,75.188,75.0,71.125,74.688,0.0,62.438,72.0,70.0,1000.0,200.0,-0.001,0.0,76.688,76.625,0.017,73.063,75.813,72.188,74.563,0.0,27.0,72.0,70.0,1000.0,200.0,0.0,0.0,75.0,74.875,-0.004,0.0,0.0,0.0,0.0,0.0,0.0,0.0,0.0,0.0,0.0,0.0,0.0,0.0,0.0,0.0,0.0,0.017,0.031,0.011,0.034,0.0,0.0,0.0,0.0,0.0,0.0,0.0,0.0,0.0,0.0,0.0,0.0,0.0,0.0,0.0,0.0,0.147,-0.149,0.0,0.0,0.149,0.001,0.0,0.001,-0.021,0.009,0.0,0.0,0.035,0.035,-0.009,0.0,0.0,-0.0
9072007,2230,0.0,1.0,1.0,1.0,100.0,0.0,0.0,0.0,0.0,0.0,0.0,35.139,35.139,0.012,0.02,0.0,80.0,55.0,1.4,17.266,2.248,84.513,0.809,69.57,71.952,72.917,71.674,67.748,0.0,0.04,0.087,20.0,20.0,59.826,48.507,0.0,73.325,75.496,73.896,77.765,51.676,62.6,56.463,-10.82,49.906,58.875,71.938,72.188,70.25,71.063,0.0,0.0,72.0,70.0,1000.0,200.0,0.0,17.234,71.813,70.625,-0.052,77.0,76.063,70.938,75.375,0.0,100.0,72.0,70.0,1000.0,200.0,-0.002,0.0,78.125,78.063,0.01,75.063,75.0,71.125,74.688,0.0,62.438,72.0,70.0,1000.0,200.0,-0.001,0.0,76.688,76.688,0.017,73.063,75.813,72.188,74.563,0.0,27.0,72.0,70.0,1000.0,200.0,0.0,0.0,75.125,74.875,-0.004,0.0,0.0,0.0,0.0,0.0,0.0,0.0,0.0,0.0,0.0,0.0,0.0,0.0,0.0,0.0,0.0,0.017,0.031,0.011,0.034,0.0,0.0,0.0,0.0,0.0,0.0,0.0,0.0,0.0,0.0,0.0,0.0,0.0,0.0,0.0,0.0,0.147,-0.149,0.0,0.0,0.149,0.001,0.0,0.149,-0.017,0.009,0.0,0.0,0.035,0.035,-0.009,0.0,0.0,-0.0
9072007,2231,0.0,1.0,1.0,1.0,100.0,0.0,0.0,0.0,0.0,0.0,0.0,35.139,35.139,0.022,0.02,0.0,80.0,55.0,1.4,17.328,2.248,84.513,1.694,69.463,72.058,72.917,71.463,67.641,0.0,0.036,0.087,20.0,20.0,59.685,48.536,0.0,73.325,75.422,74.002,77.765,51.676,62.391,56.463,-10.82,49.906,58.656,71.813,72.25,70.25,71.063,0.0,0.0,72.0,70.0,1000.0,200.0,0.0,17.328,71.813,70.625,-0.052,77.125,76.063,71.0,75.313,0.0,100.0,72.0,70.0,1000.0,200.0,-0.002,0.0,78.125,78.063,0.01,75.188,75.0,71.125,74.563,0.0,62.438,72.0,70.0,1000.0,200.0,-0.001,0.0,76.688,76.625,0.017,73.063,75.813,72.313,74.563,0.0,27.0,72.0,70.0,1000.0,200.0,0.0,0.0,75.0,74.875,-0.004,0.0,0.0,0.0,0.0,0.0,0.0,0.0,0.0,0.0,0.0,0.0,0.0,0.0,0.0,0.0,0.0,0.017,0.031,0.011,0.034,0.0,0.0,0.0,0.0,0.0,0.0,0.0,0.0,0.0,0.0,0.0,0.0,0.0,0.0,0.0,0.0,0.147,-0.149,0.0,0.0,0.149,0.001,0.0,0.001,-0.036,0.009,0.0,0.0,0.035,0.035,-0.009,0.0,0.0,-0.0
9072007,2232,0.0,1.0,1.0,1.0,100.0,0.0,0.0,0.0,0.0,0.0,0.0,35.139,35.139,0.012,0.02,0.0,80.0,55.0,1.4,17.219,2.248,82.776,0.323,69.57,72.058,72.917,71.463,67.748,0.0,0.036,0.087,20.0,20.0,59.545,48.564,0.0,73.325,75.496,73.896,77.765,51.823,62.496,56.535,-10.82,49.844,58.625,71.938,72.25,70.25,71.063,0.0,0.0,72.0,70.0,1000.0,200.0,0.0,17.188,71.938,70.625,-0.052,77.0,76.063,71.0,75.313,0.0,100.0,72.0,70.0,1000.0,200.0,-0.002,0.0,78.125,78.063,0.01,75.063,75.0,71.125,74.563,0.0,62.438,72.0,70.0,1000.0,200.0,-0.001,0.0,76.688,76.688,0.017,73.063,75.813,72.313,74.563,0.0,27.0,72.0,70.0,1000.0,200.0,0.0,0.0,75.0,74.875,-0.004,0.0,0.0,0.0,0.0,0.0,0.0,0.0,0.0,0.0,0.0,0.0,0.0,0.0,0.0,0.0,0.0,0.017,0.031,0.011,0.032,0.0,0.0,0.0,0.0,0.0,0.0,0.0,0.0,0.0,0.0,0.0,0.0,0.0,0.0,0.0,0.0,0.147,-0.223,0.0,0.0,0.001,0.001,-0.148,0.001,-0.017,0.009,0.0,0.0,0.035,0.035,-0.01,0.0,0.0,-0.0
9072007,2233,0.0,1.0,1.0,1.0,100.0,0.0,0.0,0.0,0.0,0.0,0.0,33.968,35.139,0.012,0.02,0.0,80.0,55.0,1.4,17.453,2.248,82.776,0.345,69.57,72.058,72.917,71.463,67.855,0.0,0.036,0.091,20.0,20.0,59.489,48.592,0.0,73.325,75.348,74.002,77.691,51.75,62.496,56.535,-10.82,49.844,58.5,72.0,72.25,70.25,71.063,0.0,0.0,72.0,70.0,1000.0,200.0,0.0,17.516,71.938,70.75,-0.052,77.0,76.125,70.938,75.313,0.0,100.0,72.0,70.0,1000.0,200.0,-0.002,0.0,78.063,78.063,0.01,75.188,74.875,71.125,74.563,0.0,62.438,72.0,70.0,1000.0,200.0,-0.001,0.0,76.688,76.563,0.017,73.063,75.75,72.313,74.563,0.0,27.0,72.0,70.0,1000.0,200.0,0.0,0.0,75.0,75.0,-0.004,0.0,0.0,0.0,0.0,0.0,0.0,0.0,0.0,0.0,0.0,0.0,0.0,0.0,0.0,0.0,0.0,0.017,0.031,0.01,0.032,0.0,0.0,0.0,0.0,0.0,0.0,0.0,0.0,0.0,0.0,0.0,0.0,0.0,0.0,0.0,0.0,0.147,-0.149,-0.148,0.0,0.001,0.149,-0.148,0.149,-0.021,0.009,0.0,0.0,0.034,0.035,-0.009,0.0,0.0,0.0
9072007,2234,0.0,1.0,1.0,1.0,100.0,0.0,0.0,0.0,0.0,0.0,0.0,33.968,35.139,0.012,0.02,0.0,80.0,55.0,1.4,17.453,2.248,81.039,1.664,69.678,72.27,73.022,71.674,67.748,0.0,0.036,0.091,20.0,20.0,59.405,48.592,0.0,73.325,75.496,73.896,77.765,51.823,62.705,56.608,-10.828,49.813,58.469,71.938,72.25,70.25,71.063,0.0,0.0,72.0,70.0,1000.0,200.0,0.0,17.422,71.938,70.75,-0.052,77.0,76.063,70.938,75.188,0.0,100.0,72.0,70.0,1000.0,200.0,-0.002,0.0,78.125,78.063,0.01,75.063,75.0,71.125,74.563,0.0,62.438,72.0,70.0,1000.0,200.0,-0.001,0.0,76.688,76.625,0.016,73.063,75.813,72.313,74.563,0.0,27.0,72.0,70.0,1000.0,200.0,0.0,0.0,75.0,74.875,-0.004,0.0,0.0,0.0,0.0,0.0,0.0,0.0,0.0,0.0,0.0,0.0,0.0,0.0,0.0,0.0,0.0,0.017,0.031,0.01,0.032,0.0,0.0,0.0,0.0,0.0,0.0,0.0,0.0,0.0,0.0,0.0,0.0,0.0,0.0,0.0,0.0,0.0,-0.001,-0.148,0.0,0.149,0.001,-0.148,0.149,-0.017,0.009,0.0,0.0,0.034,0.035,-0.009,0.0,0.0,-0.0
9072007,2235,0.0,1.0,1.0,1.0,100.0,0.0,0.0,0.0,0.0,0.0,0.0,33.968,35.139,0.012,0.034,0.0,80.0,55.0,1.4,17.313,2.248,79.302,-1.176,69.678,72.058,72.812,71.463,67.855,0.0,0.036,0.091,20.0,20.0,59.377,48.62,0.0,73.325,75.348,74.002,77.691,51.75,62.496,56.608,-10.82,49.813,58.469,71.938,72.25,70.25,71.125,0.0,0.0,72.0,70.0,1000.0,200.0,0.0,17.281,71.938,70.75,-0.052,77.0,76.063,70.938,75.188,0.0,100.0,72.0,70.0,1000.0,200.0,-0.002,0.0,78.125,78.063,0.01,75.188,74.875,71.125,74.563,0.0,62.438,72.0,70.0,1000.0,200.0,-0.001,0.0,76.688,76.563,0.017,73.063,75.813,72.313,74.563,0.0,27.0,72.0,70.0,1000.0,200.0,0.0,0.0,75.0,74.875,-0.004,0.0,0.0,0.0,0.0,0.0,0.0,0.0,0.0,0.0,0.0,0.0,0.0,0.0,0.0,0.0,0.0,0.017,0.031,0.01,0.032,0.0,0.0,0.0,0.0,0.0,0.0,0.0,0.0,0.0,0.0,0.0,0.0,0.0,0.0,0.0,0.0,0.147,-0.149,-0.148,0.0,0.001,0.149,-0.148,0.149,-0.021,0.015,0.0,0.0,0.034,0.035,-0.009,0.0,0.0,-0.0
9072007,2236,0.0,1.0,1.0,1.0,100.0,0.0,0.0,0.0,0.0,0.0,0.0,33.968,35.139,0.012,0.02,0.0,80.0,55.0,1.4,17.313,2.248,75.824,0.349,69.678,72.058,72.917,71.568,67.855,0.0,0.04,0.087,20.0,20.0,59.321,48.62,0.0,73.325,75.422,73.896,77.765,51.969,62.496,56.681,-10.82,49.844,58.5,71.938,72.25,70.313,71.063,0.0,0.0,72.0,70.0,1000.0,200.0,0.0,17.25,71.938,70.75,-0.052,76.938,76.063,70.938,75.063,0.0,100.0,72.0,70.0,1000.0,200.0,-0.002,0.0,78.125,77.938,0.01,75.063,75.0,71.125,74.563,0.0,62.438,72.0,70.0,1000.0,200.0,-0.001,0.0,76.688,76.563,0.017,73.063,75.75,72.313,74.563,0.0,27.0,72.0,70.0,1000.0,200.0,0.0,0.0,75.0,74.875,-0.004,0.0,0.0,0.0,0.0,0.0,0.0,0.0,0.0,0.0,0.0,0.0,0.0,0.0,0.0,0.0,0.0,0.017,0.031,0.011,0.034,0.0,0.0,0.0,0.0,0.0,0.0,0.0,0.0,0.0,0.0,0.0,0.0,0.0,0.0,0.0,0.0,0.147,-0.149,-0.148,0.0,0.001,0.149,-0.148,0.149,-0.018,0.009,0.0,0.0,0.034,0.035,-0.009,0.0,0.0,-0.0
9072007,2237,0.0,1.0,1.0,1.0,100.0,0.0,0.0,0.0,0.0,0.0,0.0,35.139,35.139,0.012,0.02,0.0,80.0,55.0,1.4,17.313,2.248,79.302,1.241,69.893,72.058,72.917,71.463,68.069,0.0,0.036,0.087,20.0,20.0,59.321,48.62,0.0,73.54,75.348,73.896,77.691,51.969,62.496,56.608,-10.82,49.844,58.438,71.938,72.25,70.313,71.063,0.0,0.0,72.0,70.0,1000.0,200.0,0.0,17.281,71.938,70.75,-0.052,76.938,75.938,71.063,75.188,0.0,100.0,72.0,70.0,1000.0,200.0,-0.002,0.0,78.125,78.063,0.01,75.188,75.0,71.125,74.563,0.0,62.438,72.0,70.0,1000.0,200.0,-0.001,0.0,76.688,76.625,0.017,73.063,75.813,72.313,74.5,0.0,27.0,72.0,70.0,1000.0,200.0,0.0,0.0,75.0,74.875,-0.004,0.0,0.0,0.0,0.0,0.0,0.0,0.0,0.0,0.0,0.0,0.0,0.0,0.0,0.0,0.0,0.0,0.017,0.031,0.011,0.032,0.0,0.0,0.0,0.0,0.0,0.0,0.0,0.0,0.0,0.0,0.0,0.0,0.0,0.0,0.0,0.0,0.147,-0.149,-0.148,0.0,0.149,0.149,-0.148,0.149,-0.019,0.009,0.0,0.0,0.035,0.035,-0.009,0.0,0.0,-0.0
9072007,2238,0.0,1.0,1.0,1.0,100.0,0.0,0.0,0.0,0.0,0.0,0.0,33.968,35.139,0.012,0.02,0.0,80.0,55.0,1.4,17.266,3.37,91.452,1.634,69.678,72.27,73.127,71.78,67.855,0.0,0.036,0.094,20.0,20.0,59.293,48.592,0.0,73.325,75.422,74.108,77.691,52.043,62.6,56.754,-10.82,49.844,57.969,71.938,72.25,70.313,71.063,0.0,0.0,72.0,70.0,1000.0,200.0,0.0,17.359,71.938,70.75,-0.052,76.938,75.938,70.938,75.063,0.0,100.0,72.0,70.0,1000.0,200.0,-0.002,0.0,78.125,78.063,0.01,75.063,74.875,71.125,74.563,0.0,62.438,72.0,70.0,1000.0,200.0,-0.001,0.0,76.688,76.625,0.017,73.063,75.813,72.313,74.563,0.0,27.0,72.0,70.0,1000.0,200.0,0.0,0.0,75.0,74.875,-0.004,0.0,0.0,0.0,0.0,0.0,0.0,0.0,0.0,0.0,0.0,0.0,0.0,0.0,0.0,0.0,0.0,0.017,0.031,0.011,0.034,0.0,0.0,0.0,0.0,0.0,0.0,0.0,0.0,0.0,0.0,0.0,0.0,0.0,0.0,0.0,0.0,0.147,-0.149,0.0,0.0,0.001,0.149,-0.148,0.149,-0.021,0.009,0.0,0.0,0.034,0.035,-0.009,0.0,0.0,-0.0
9072007,2239,0.0,1.0,1.0,1.0,100.0,0.0,0.0,0.0,0.0,0.0,0.0,33.968,35.139,0.012,0.02,0.0,80.0,55.0,1.4,17.344,2.248,74.085,0.236,69.678,72.058,73.022,71.568,67.855,0.0,0.036,0.091,20.0,20.0,59.209,48.536,0.0,73.325,75.422,73.896,77.691,52.116,62.6,56.827,-10.82,49.844,58.156,71.813,72.25,70.25,71.063,0.0,0.0,72.0,70.0,1000.0,200.0,0.0,17.359,71.813,70.625,-0.052,76.938,75.938,70.938,74.875,0.0,100.0,72.0,70.0,1000.0,200.0,-0.002,0.0,78.313,78.063,0.01,75.063,74.875,71.125,74.563,0.0,62.438,72.0,70.0,1000.0,200.0,-0.001,0.0,76.688,76.625,0.017,73.063,75.813,72.313,74.563,0.0,27.0,72.0,70.0,1000.0,200.0,0.0,0.0,75.0,74.875,-0.004,0.0,0.0,0.0,0.0,0.0,0.0,0.0,0.0,0.0,0.0,0.0,0.0,0.0,0.0,0.0,0.0,0.017,0.031,0.011,0.034,0.0,0.0,0.0,0.0,0.0,0.0,0.0,0.0,0.0,0.0,0.0,0.0,0.0,0.0,0.0,0.0,0.147,-0.149,0.0,-0.074,0.001,0.001,-0.148,0.001,-0.018,0.009,0.0,0.0,0.034,0.035,-0.009,0.0,0.0,-0.0
9072007,2240,0.0,1.0,1.0,1.0,100.0,0.0,0.0,0.0,0.0,0.0,0.0,33.968,35.139,0.012,0.02,0.0,80.0,55.0,1.4,17.328,2.248,70.604,-0.042,69.678,71.952,73.022,71.463,67.962,0.0,0.036,0.087,20.0,20.0,59.181,48.536,0.0,73.325,75.422,73.896,77.765,52.189,62.6,56.827,-10.82,49.813,58.281,71.938,72.25,70.313,71.063,0.0,0.0,72.0,70.0,1000.0,200.0,0.0,17.219,71.938,70.75,-0.052,76.938,75.938,71.0,75.063,0.0,100.0,72.0,70.0,1000.0,200.0,-0.002,0.0,78.313,78.063,0.01,75.063,74.875,71.125,74.563,0.0,62.438,72.0,70.0,1000.0,200.0,-0.001,0.0,76.688,76.625,0.018,73.063,75.75,72.313,74.563,0.0,27.0,72.0,70.0,1000.0,200.0,0.0,0.0,75.0,75.0,-0.004,0.0,0.0,0.0,0.0,0.0,0.0,0.0,0.0,0.0,0.0,0.0,0.0,0.0,0.0,0.0,0.0,0.017,0.031,0.011,0.034,0.0,0.0,0.0,0.0,0.0,0.0,0.0,0.0,0.0,0.0,0.0,0.0,0.0,0.0,0.0,0.0,0.0,-0.149,-0.148,0.147,0.149,0.001,-0.148,0.001,-0.018,0.009,0.0,0.0,0.034,0.035,-0.009,0.0,0.0,0.0
9072007,2241,0.0,1.0,1.0,1.0,100.0,0.0,0.0,0.0,0.0,0.0,0.0,33.968,35.139,0.012,0.02,0.0,80.0,55.0,1.4,17.234,2.248,49.668,0.703,69.57,72.164,73.022,71.568,67.962,0.0,0.036,0.087,20.0,20.0,59.265,48.479,0.0,73.325,75.348,73.896,77.691,52.189,62.6,56.827,-10.82,49.813,58.781,71.813,72.375,70.25,71.063,0.0,0.0,72.0,70.0,1000.0,200.0,0.0,17.344,71.938,70.75,-0.052,76.938,75.938,71.0,75.063,0.0,100.0,72.0,70.0,1000.0,200.0,-0.002,0.0,78.313,77.938,0.01,75.063,74.875,71.125,74.563,0.0,62.438,72.0,70.0,1000.0,200.0,-0.001,0.0,76.688,76.625,0.017,73.063,75.75,72.313,74.563,0.0,27.0,72.0,70.0,1000.0,200.0,0.0,0.0,75.0,75.0,-0.004,0.0,0.0,0.0,0.0,0.0,0.0,0.0,0.0,0.0,0.0,0.0,0.0,0.0,0.0,0.0,0.0,0.017,0.031,0.011,0.034,0.0,0.0,0.0,0.0,0.0,0.0,0.0,0.0,0.0,0.0,0.0,0.0,0.0,0.0,0.0,0.0,0.147,-0.149,0.0,0.0,0.149,0.001,0.0,0.001,-0.019,0.009,0.0,0.0,0.034,0.035,-0.009,0.001,0.0,0.0
9072007,2242,0.0,1.0,1.0,1.0,100.0,0.0,0.0,0.0,0.0,0.0,0.0,33.968,35.139,0.012,0.034,0.0,80.0,55.0,1.4,17.234,2.248,67.121,0.184,69.678,72.164,73.127,71.568,67.962,0.0,0.036,0.087,20.0,20.0,59.293,48.339,0.0,73.325,75.348,74.002,77.691,52.262,62.705,56.9,-10.82,49.844,58.438,71.938,72.25,70.313,71.063,0.0,0.0,72.0,70.0,1000.0,200.0,0.0,17.359,71.938,70.75,-0.052,76.938,76.063,71.0,75.063,0.0,100.0,72.0,70.0,1000.0,200.0,-0.002,0.0,78.125,78.063,0.01,75.063,74.875,71.25,74.563,0.0,62.438,72.0,70.0,1000.0,200.0,-0.001,0.0,76.688,76.625,0.017,73.063,75.75,72.375,74.563,0.0,27.0,72.0,70.0,1000.0,200.0,0.0,0.0,75.0,74.875,-0.004,0.0,0.0,0.0,0.0,0.0,0.0,0.0,0.0,0.0,0.0,0.0,0.0,0.0,0.0,0.0,0.0,0.017,0.031,0.011,0.034,0.0,0.0,0.0,0.0,0.0,0.0,0.0,0.0,0.0,0.0,0.0,0.0,0.0,0.0,0.0,0.0,0.0,-0.149,-0.148,0.0,0.001,0.001,-0.148,0.149,-0.021,0.015,0.0,0.0,0.034,0.035,-0.009,0.0,0.0,-0.0
9072007,2243,0.0,1.0,1.0,1.0,100.0,0.0,0.0,0.0,0.0,0.0,0.0,33.968,35.139,0.012,0.02,0.0,80.0,55.0,1.4,17.453,2.248,79.302,0.573,69.786,72.058,73.127,71.568,67.962,0.0,0.036,0.087,20.0,20.0,59.433,48.311,0.0,73.218,75.348,73.896,77.691,52.262,62.705,56.9,-10.828,49.844,58.031,71.813,72.375,70.313,71.125,0.0,0.0,72.0,70.0,1000.0,200.0,0.0,17.375,71.938,70.75,-0.052,76.938,75.938,71.0,75.063,0.0,100.0,72.0,70.0,1000.0,200.0,-0.002,0.0,78.125,77.938,0.01,75.063,74.875,71.125,74.563,0.0,62.438,72.0,70.0,1000.0,200.0,-0.001,0.0,76.688,76.625,0.017,73.063,75.75,72.375,74.5,0.0,27.0,72.0,70.0,1000.0,200.0,0.0,0.0,75.0,74.875,-0.004,0.0,0.0,0.0,0.0,0.0,0.0,0.0,0.0,0.0,0.0,0.0,0.0,0.0,0.0,0.0,0.0,0.017,0.031,0.011,0.034,0.0,0.0,0.0,0.0,0.0,0.0,0.0,0.0,0.0,0.0,0.0,0.0,0.0,0.0,0.0,0.0,0.147,-0.149,0.0,0.0,0.149,0.001,0.0,0.001,-0.019,0.009,0.0,0.0,0.034,0.035,-0.009,0.0,0.0,-0.0
9072007,2244,0.0,1.0,1.0,1.0,100.0,0.0,0.0,0.0,0.0,0.0,0.0,33.968,35.139,0.012,0.02,0.0,80.0,55.0,1.4,17.313,2.248,70.604,0.672,69.786,72.058,73.127,71.568,68.069,0.0,0.033,0.091,20.0,20.0,59.377,48.283,0.0,73.325,75.422,73.896,77.765,52.409,62.705,56.972,-10.82,49.781,58.0,71.813,72.375,70.313,71.063,0.0,0.0,72.0,70.0,1000.0,200.0,0.0,17.469,71.938,70.75,-0.052,76.813,76.063,71.0,75.063,0.0,100.0,72.0,70.0,1000.0,200.0,-0.002,0.0,78.125,78.063,0.01,75.063,74.875,71.25,74.563,0.0,62.438,72.0,70.0,1000.0,200.0,-0.001,0.0,76.688,76.625,0.017,73.0,75.813,72.375,74.5,0.0,27.0,72.0,70.0,1000.0,200.0,0.0,0.0,75.0,74.875,-0.004,0.0,0.0,0.0,0.0,0.0,0.0,0.0,0.0,0.0,0.0,0.0,0.0,0.0,0.0,0.0,0.0,0.017,0.031,0.011,0.032,0.0,0.0,0.0,0.0,0.0,0.0,0.0,0.0,0.0,0.0,0.0,0.0,0.0,0.0,0.0,0.0,0.0,-0.149,-0.148,0.0,0.001,0.149,-0.148,0.149,-0.018,0.009,0.0,0.0,0.034,0.035,-0.009,0.0,0.0,-0.0
9072007,2245,0.0,1.0,1.0,1.0,100.0,0.0,0.0,0.0,0.0,0.0,0.0,33.968,35.139,0.012,0.02,0.0,80.0,55.0,1.4,17.391,2.248,72.345,0.522,69.786,72.164,73.127,71.568,68.069,0.0,0.036,0.087,20.0,20.0,59.125,48.283,0.0,73.218,75.348,73.896,77.691,52.409,62.809,57.045,-10.828,49.75,58.031,71.813,72.375,70.313,71.063,0.0,0.0,72.0,70.0,1000.0,200.0,0.0,17.266,71.938,70.75,-0.052,76.813,76.063,71.0,75.063,0.0,100.0,72.0,70.0,1000.0,200.0,-0.002,0.0,78.313,78.063,0.01,75.063,74.875,71.25,74.563,0.0,62.438,72.0,70.0,1000.0,200.0,-0.001,0.0,76.688,76.563,0.017,73.063,75.75,72.313,74.5,0.0,27.0,72.0,70.0,1000.0,200.0,0.0,0.0,75.0,74.875,-0.004,0.0,0.0,0.0,0.0,0.0,0.0,0.0,0.0,0.0,0.0,0.0,0.0,0.0,0.0,0.0,0.0,0.017,0.031,0.011,0.034,0.0,0.0,0.0,0.0,0.0,0.0,0.0,0.0,0.0,0.0,0.0,0.0,0.0,0.0,0.0,0.0,0.147,-0.149,0.0,0.0,0.149,0.001,-0.148,0.149,-0.019,0.009,0.0,0.0,0.034,0.035,-0.009,0.0,0.0,-0.0
9072007,2246,0.0,1.0,1.0,1.0,100.0,0.0,0.0,0.0,0.0,0.0,0.0,33.968,35.139,0.012,0.02,0.0,80.0,55.0,1.4,17.391,2.248,75.824,-0.013,69.786,72.164,73.232,71.568,68.176,0.0,0.036,0.091,20.0,20.0,59.096,48.283,0.0,73.325,75.348,74.002,77.691,52.409,62.809,57.045,-10.82,49.75,57.938,71.813,72.375,70.313,71.063,0.0,0.0,72.0,70.0,1000.0,200.0,0.0,17.281,71.938,70.75,-0.052,76.813,75.938,71.0,75.063,0.0,100.0,72.0,70.0,1000.0,200.0,-0.002,0.0,78.125,77.938,0.01,75.063,74.875,71.25,74.563,0.0,62.438,72.0,70.0,1000.0,200.0,-0.001,0.0,76.688,76.625,0.017,73.063,75.813,72.375,74.563,0.0,27.0,72.0,70.0,1000.0,200.0,0.0,0.0,75.125,74.875,-0.004,0.0,0.0,0.0,0.0,0.0,0.0,0.0,0.0,0.0,0.0,0.0,0.0,0.0,0.0,0.0,0.0,0.017,0.031,0.011,0.032,0.0,0.0,0.0,0.0,0.0,0.0,0.0,0.0,0.0,0.0,0.0,0.0,0.0,0.0,0.0,0.0,0.147,-0.149,0.0,0.0,0.149,0.149,-0.148,0.149,-0.021,0.009,0.0,0.0,0.034,0.035,-0.009,0.0,0.0,-0.0
9072007,2247,0.0,1.0,1.0,1.0,100.0,0.0,0.0,0.0,0.0,0.0,0.0,33.968,35.139,0.012,0.02,0.0,80.0,55.0,1.4,17.406,2.248,74.085,0.245,69.786,72.164,73.232,71.78,68.176,0.0,0.036,0.091,20.0,20.0,59.096,48.283,0.0,73.325,75.274,74.002,77.617,52.409,62.809,57.045,-10.82,49.719,57.75,71.813,72.375,70.313,71.125,0.0,0.0,72.0,70.0,1000.0,200.0,0.0,17.391,71.938,70.875,-0.052,76.813,75.938,71.0,75.063,0.0,100.0,72.0,70.0,1000.0,200.0,-0.002,0.0,78.125,77.938,0.01,75.063,75.0,71.25,74.563,0.0,62.438,72.0,70.0,1000.0,200.0,-0.001,0.0,76.625,76.625,0.017,73.0,75.813,72.375,74.563,0.0,27.0,72.0,70.0,1000.0,200.0,0.0,0.0,75.0,74.875,-0.004,0.0,0.0,0.0,0.0,0.0,0.0,0.0,0.0,0.0,0.0,0.0,0.0,0.0,0.0,0.0,0.0,0.017,0.031,0.011,0.032,0.0,0.0,0.0,0.0,0.0,0.0,0.0,0.0,0.0,0.0,0.0,0.0,0.0,0.0,0.0,0.0,0.147,-0.149,-0.148,0.0,0.149,0.001,-0.148,0.149,-0.022,0.009,0.0,0.0,0.034,0.035,-0.008,0.0,0.0,-0.0
9072007,2248,0.0,1.0,1.0,1.0,100.0,0.0,0.0,0.0,0.0,0.0,0.0,33.968,35.139,0.012,0.02,0.0,80.0,55.0,1.4,17.313,2.248,70.604,2.029,69.678,72.164,73.127,71.568,68.176,0.0,0.036,0.087,20.0,20.0,59.04,48.255,0.0,73.218,75.348,73.896,77.691,52.482,62.809,57.118,-10.82,49.719,57.875,71.813,72.375,70.313,71.063,0.0,0.0,72.0,70.0,1000.0,200.0,0.0,17.391,71.938,70.75,-0.052,76.813,75.938,71.0,75.063,0.0,100.0,72.0,70.0,1000.0,200.0,-0.002,0.0,78.125,77.938,0.01,75.063,74.875,71.438,74.563,0.0,62.438,72.0,70.0,1000.0,200.0,-0.001,0.0,76.688,76.625,0.017,73.0,75.75,72.375,74.5,0.0,27.0,72.0,70.0,1000.0,200.0,0.0,0.0,75.0,75.0,-0.004,0.0,0.0,0.0,0.0,0.0,0.0,0.0,0.0,0.0,0.0,0.0,0.0,0.0,0.0,0.0,0.0,0.017,0.031,0.011,0.034,0.0,0.0,0.0,0.0,0.0,0.0,0.0,0.0,0.0,0.0,0.0,0.0,0.0,0.0,0.0,0.0,0.147,-0.001,-0.148,0.0,0.001,0.149,-0.148,0.149,-0.019,0.009,0.0,0.0,0.034,0.035,-0.009,0.0,0.0,0.0
9072007,2249,0.0,1.0,1.0,1.0,100.0,0.0,0.0,0.0,0.0,0.0,0.0,33.968,35.139,0.012,0.02,0.0,80.0,55.0,1.4,17.406,2.248,70.604,-0.192,69.678,72.164,73.127,71.674,68.176,0.0,0.04,0.091,20.0,20.0,59.012,48.283,0.0,73.325,75.274,74.002,77.617,52.556,63.123,57.118,-10.82,49.688,57.75,71.813,72.438,70.313,71.125,0.0,0.0,72.0,70.0,1000.0,200.0,0.0,17.266,72.063,70.75,-0.052,76.625,75.875,71.0,75.063,0.0,100.0,72.0,70.0,1000.0,200.0,-0.002,0.0,78.125,77.938,0.01,75.063,74.875,71.25,74.563,0.0,62.438,72.0,70.0,1000.0,200.0,-0.001,0.0,76.688,76.625,0.017,73.063,75.813,72.375,74.563,0.0,27.0,72.0,70.0,1000.0,200.0,0.0,0.0,75.0,74.875,-0.004,0.0,0.0,0.0,0.0,0.0,0.0,0.0,0.0,0.0,0.0,0.0,0.0,0.0,0.0,0.0,0.0,0.017,0.031,0.011,0.032,0.0,0.0,0.0,0.0,0.0,0.0,0.0,0.0,0.0,0.0,0.0,0.0,0.0,0.0,0.0,0.0,0.147,-0.223,-0.148,0.0,0.149,0.001,0.0,0.001,-0.022,0.009,0.0,0.0,0.034,0.035,-0.01,0.0,0.0,-0.0
9072007,2250,0.0,1.0,1.0,1.0,100.0,0.0,0.0,0.0,0.0,0.0,0.0,33.968,35.139,0.012,0.02,0.0,80.0,55.0,1.4,17.281,2.248,72.345,0.378,69.786,72.164,73.127,71.568,68.176,0.0,0.036,0.091,20.0,20.0,58.984,48.283,0.0,73.218,75.348,73.896,77.691,52.629,62.914,57.191,-10.82,49.688,57.625,71.938,72.25,70.313,71.063,0.0,0.0,72.0,70.0,1000.0,200.0,0.0,17.484,71.938,70.625,-0.052,76.625,75.875,71.0,74.875,0.0,100.0,72.0,70.0,1000.0,200.0,-0.002,0.0,78.313,78.063,0.01,75.063,74.875,71.25,74.563,0.0,62.438,72.0,70.0,1000.0,200.0,-0.001,0.0,76.688,76.563,0.017,73.063,75.75,72.375,74.563,0.0,27.0,72.0,70.0,1000.0,200.0,0.0,0.0,75.0,74.875,-0.004,0.0,0.0,0.0,0.0,0.0,0.0,0.0,0.0,0.0,0.0,0.0,0.0,0.0,0.0,0.0,0.0,0.017,0.031,0.011,0.034,0.0,0.0,0.0,0.0,0.0,0.0,0.0,0.0,0.0,0.0,0.0,0.0,0.0,0.0,0.0,0.0,0.147,-0.149,0.0,0.0,0.001,0.149,-0.148,0.149,-0.019,0.009,0.0,0.0,0.034,0.035,-0.01,0.0,0.0,-0.0
9072007,2251,0.0,1.0,1.0,1.0,100.0,0.0,0.0,0.0,0.0,0.0,0.0,33.968,35.139,0.012,0.02,0.0,80.0,55.0,1.4,17.375,2.248,72.345,0.686,69.893,72.058,73.127,71.674,68.283,0.0,0.036,0.091,20.0,20.0,58.928,48.311,0.0,73.218,75.348,73.896,77.617,52.629,62.914,57.118,-10.82,49.688,57.75,71.813,72.375,70.313,71.063,0.0,0.0,72.0,70.0,1000.0,200.0,0.0,17.234,71.938,70.75,-0.052,76.625,75.875,71.0,74.875,0.0,100.0,72.0,70.0,1000.0,200.0,-0.002,0.0,78.125,78.063,0.01,75.063,74.875,71.25,74.563,0.0,62.438,72.0,70.0,1000.0,200.0,-0.001,0.0,76.688,76.563,0.017,73.063,75.75,72.375,74.563,0.0,27.0,72.0,70.0,1000.0,200.0,0.0,0.0,75.125,75.0,-0.004,0.0,0.0,0.0,0.0,0.0,0.0,0.0,0.0,0.0,0.0,0.0,0.0,0.0,0.0,0.0,0.0,0.017,0.031,0.011,0.034,0.0,0.0,0.0,0.0,0.0,0.0,0.0,0.0,0.0,0.0,0.0,0.0,0.0,0.0,0.0,0.0,0.147,-0.149,-0.148,0.0,0.149,0.001,0.0,0.001,-0.019,0.009,0.0,0.0,0.034,0.035,-0.009,0.0,0.0,-0.0
9072007,2252,0.0,1.0,1.0,1.0,100.0,0.0,0.0,0.0,0.0,0.0,0.0,33.968,35.139,0.012,0.02,0.0,80.0,55.0,1.4,17.375,2.248,65.378,1.728,69.786,72.164,73.127,71.568,68.176,0.0,0.036,0.091,20.0,20.0,58.844,48.311,0.0,73.218,75.348,73.896,77.617,52.702,62.914,57.264,-10.82,49.656,57.688,71.813,72.25,70.25,71.063,0.0,0.0,72.0,70.0,1000.0,200.0,0.0,17.359,71.938,70.75,-0.052,76.563,75.875,71.0,74.875,0.0,100.0,72.0,70.0,1000.0,200.0,-0.002,0.0,78.125,77.938,0.01,75.063,74.875,71.25,74.563,0.0,62.438,72.0,70.0,1000.0,200.0,-0.001,0.0,76.688,76.625,0.017,73.0,75.75,72.375,74.563,0.0,27.0,72.0,70.0,1000.0,200.0,0.0,0.0,75.0,74.875,-0.004,0.0,0.0,0.0,0.0,0.0,0.0,0.0,0.0,0.0,0.0,0.0,0.0,0.0,0.0,0.0,0.0,0.017,0.031,0.011,0.034,0.0,0.0,0.0,0.0,0.0,0.0,0.0,0.0,0.0,0.0,0.0,0.0,0.0,0.0,0.0,0.0,0.147,-0.149,0.0,0.0,0.001,0.149,-0.148,0.149,-0.019,0.009,0.0,0.0,0.034,0.035,-0.009,0.0,0.0,-0.0
9072007,2253,0.0,1.0,1.0,1.0,100.0,0.0,0.0,0.0,0.0,0.0,0.0,33.968,35.139,0.022,0.02,0.0,80.0,55.0,1.4,17.375,2.248,65.378,0.264,69.786,72.058,73.022,71.463,68.283,0.0,0.036,0.087,20.0,20.0,58.872,48.339,0.0,73.325,75.274,73.896,77.617,52.775,63.018,57.337,-10.82,49.656,57.688,71.813,72.25,70.313,71.063,0.0,0.0,72.0,70.0,1000.0,200.0,0.0,17.234,71.938,70.75,-0.052,76.625,75.875,71.0,75.063,0.0,100.0,72.0,70.0,1000.0,200.0,-0.002,0.0,78.125,78.063,0.01,74.875,74.813,71.438,74.563,0.0,62.438,72.0,70.0,1000.0,200.0,-0.001,0.0,76.688,76.625,0.017,73.063,75.75,72.375,74.5,0.0,27.0,72.0,70.0,1000.0,200.0,0.0,0.0,75.0,74.875,-0.004,0.0,0.0,0.0,0.0,0.0,0.0,0.0,0.0,0.0,0.0,0.0,0.0,0.0,0.0,0.0,0.0,0.017,0.031,0.011,0.034,0.0,0.0,0.0,0.0,0.0,0.0,0.0,0.0,0.0,0.0,0.0,0.0,0.0,0.0,0.0,0.0,0.0,-0.149,-0.148,0.0,0.149,0.001,-0.148,0.149,-0.037,0.009,0.0,0.0,0.034,0.035,-0.009,0.0,0.0,-0.0
9072007,2254,0.0,1.0,1.0,1.0,100.0,0.0,0.0,0.0,0.0,0.0,0.0,33.968,35.139,0.012,0.02,0.0,80.0,55.0,1.4,17.25,2.248,75.824,1.783,69.893,72.164,73.127,71.674,68.283,0.0,0.036,0.087,20.0,20.0,58.816,48.367,0.0,73.218,75.274,73.896,77.691,52.775,63.018,57.409,-10.82,49.656,57.5,71.938,72.25,70.313,71.063,0.0,0.0,72.0,70.0,1000.0,200.0,0.0,17.313,72.063,70.875,-0.052,76.625,75.938,71.063,75.063,0.0,100.0,72.0,70.0,1000.0,200.0,-0.002,0.0,78.125,77.938,0.01,75.063,74.875,71.438,74.688,0.0,62.438,72.0,70.0,1000.0,200.0,-0.001,0.0,76.688,76.625,0.017,73.063,75.75,72.375,74.5,0.0,27.0,72.0,70.0,1000.0,200.0,0.0,0.0,75.125,75.0,-0.004,0.0,0.0,0.0,0.0,0.0,0.0,0.0,0.0,0.0,0.0,0.0,0.0,0.0,0.0,0.0,0.0,0.017,0.031,0.011,0.034,0.0,0.0,0.0,0.0,0.0,0.0,0.0,0.0,0.0,0.0,0.0,0.0,0.0,0.0,0.0,0.0,0.147,-0.001,-0.148,0.0,0.149,0.001,-0.148,0.149,-0.021,0.009,0.0,0.0,0.034,0.035,-0.009,0.0,0.0,-0.0
9072007,2255,0.0,1.0,1.0,1.0,100.0,0.0,0.0,0.0,0.0,0.0,0.0,33.968,35.139,0.012,0.02,0.0,80.0,55.0,1.4,17.328,2.248,74.085,2.328,69.893,72.058,73.022,71.568,68.283,0.0,0.036,0.087,20.0,20.0,58.872,48.339,0.0,73.218,75.2,73.896,77.543,52.775,63.018,57.409,-10.82,49.625,57.469,71.813,72.25,70.313,71.063,0.0,0.0,72.0,70.0,1000.0,200.0,0.0,17.328,71.938,70.75,-0.052,76.625,75.938,71.0,75.063,0.0,100.0,72.0,70.0,1000.0,200.0,-0.002,0.0,78.125,77.875,0.01,75.063,74.875,71.438,74.563,0.0,62.438,72.0,70.0,1000.0,200.0,-0.001,0.0,76.688,76.625,0.017,73.0,75.813,72.5,74.563,0.0,27.0,72.0,70.0,1000.0,200.0,0.0,0.0,75.125,75.0,-0.004,0.0,0.0,0.0,0.0,0.0,0.0,0.0,0.0,0.0,0.0,0.0,0.0,0.0,0.0,0.0,0.0,0.017,0.031,0.011,0.034,0.0,0.0,0.0,0.0,0.0,0.0,0.0,0.0,0.0,0.0,0.0,0.0,0.0,0.0,0.0,0.0,0.147,-0.149,-0.148,0.0,0.149,0.149,-0.148,0.149,-0.022,0.009,0.0,0.0,0.034,0.035,-0.009,0.0,0.0,-0.0
9072007,2256,0.0,1.0,1.0,1.0,100.0,0.0,0.0,0.0,0.0,0.0,0.0,33.968,35.139,0.012,0.02,0.0,80.0,55.0,1.4,17.391,2.248,72.345,0.562,69.893,72.164,73.022,71.674,68.39,0.0,0.036,0.087,20.0,20.0,58.844,48.395,0.0,73.218,75.2,73.896,77.617,52.849,63.123,57.337,-10.82,49.625,57.375,71.813,72.25,70.313,71.063,0.0,0.0,72.0,70.0,1000.0,200.0,0.0,17.297,71.938,70.875,-0.052,76.625,75.938,71.063,74.875,0.0,100.0,72.0,70.0,1000.0,200.0,-0.002,0.0,78.125,77.938,0.01,75.063,74.875,71.25,74.563,0.0,62.438,72.0,70.0,1000.0,200.0,-0.001,0.0,76.688,76.625,0.017,73.063,75.75,72.5,74.563,0.0,27.0,72.0,70.0,1000.0,200.0,0.0,0.0,75.125,74.875,-0.004,0.0,0.0,0.0,0.0,0.0,0.0,0.0,0.0,0.0,0.0,0.0,0.0,0.0,0.0,0.0,0.0,0.017,0.031,0.011,0.032,0.0,0.0,0.0,0.0,0.0,0.0,0.0,0.0,0.0,0.0,0.0,0.0,0.0,0.0,0.0,0.0,0.147,-0.149,-0.148,0.0,0.001,0.149,-0.148,0.149,-0.022,0.009,0.0,0.0,0.034,0.035,-0.008,0.0,0.0,-0.0
9072007,2257,0.0,1.0,1.0,1.0,100.0,0.0,0.0,0.0,0.0,0.0,0.0,33.968,35.139,0.012,0.02,0.0,80.0,55.0,1.4,17.391,2.248,74.085,0.687,69.893,72.164,73.022,71.568,68.39,0.0,0.036,0.087,20.0,20.0,58.704,48.423,0.0,73.325,75.2,74.002,77.543,52.922,63.123,57.409,-10.82,49.625,57.25,71.813,72.25,70.438,71.063,0.0,0.0,72.0,70.0,1000.0,200.0,0.0,17.328,72.063,70.75,-0.052,76.563,75.938,71.063,74.875,0.0,100.0,72.0,70.0,1000.0,200.0,-0.002,0.0,78.125,77.875,0.01,75.063,74.875,71.438,74.563,0.0,62.438,72.0,70.0,1000.0,200.0,-0.001,0.0,76.688,76.625,0.015,73.063,75.75,72.375,74.5,0.0,27.0,72.0,70.0,1000.0,200.0,0.0,0.0,75.0,74.875,-0.004,0.0,0.0,0.0,0.0,0.0,0.0,0.0,0.0,0.0,0.0,0.0,0.0,0.0,0.0,0.0,0.0,0.017,0.031,0.011,0.034,0.0,0.0,0.0,0.0,0.0,0.0,0.0,0.0,0.0,0.0,0.0,0.0,0.0,0.0,0.0,0.0,0.147,-0.149,0.0,0.0,0.149,0.001,0.0,0.001,-0.023,0.009,0.0,0.0,0.034,0.035,-0.01,0.0,0.0,-0.0
9072007,2258,0.0,1.0,1.0,1.0,100.0,0.0,0.0,0.0,0.0,0.0,0.0,33.968,35.139,0.022,0.02,0.0,80.0,55.0,1.4,17.234,2.248,75.824,1.693,69.893,72.058,73.022,71.674,68.39,0.0,0.036,0.087,20.0,20.0,58.704,48.451,0.0,73.325,75.2,73.896,77.543,52.922,63.123,57.482,-10.82,49.594,57.313,71.813,72.25,70.313,71.063,0.0,0.0,72.0,70.0,1000.0,200.0,0.0,17.172,71.938,70.625,-0.052,76.563,75.938,71.063,74.875,0.0,100.0,72.0,70.0,1000.0,200.0,-0.002,0.0,78.125,78.063,0.01,75.063,75.0,71.438,74.563,0.0,62.438,72.0,70.0,1000.0,200.0,-0.001,0.0,76.688,76.563,0.017,73.0,75.75,72.5,74.563,0.0,27.0,72.0,70.0,1000.0,200.0,0.0,0.0,75.125,74.875,-0.004,0.0,0.0,0.0,0.0,0.0,0.0,0.0,0.0,0.0,0.0,0.0,0.0,0.0,0.0,0.0,0.0,0.017,0.031,0.011,0.034,0.0,0.0,0.0,0.0,0.0,0.0,0.0,0.0,0.0,0.0,0.0,0.0,0.0,0.0,0.0,0.0,0.0,-0.149,-0.148,0.147,0.149,0.001,-0.148,0.149,-0.04,0.009,0.0,0.0,0.034,0.035,-0.01,0.0,0.0,-0.0
9072007,2259,0.0,1.0,1.0,1.0,100.0,0.0,0.0,0.0,0.0,0.0,0.0,33.968,35.139,0.012,0.02,0.0,80.0,55.0,1.4,17.203,2.248,82.776,0.458,69.893,72.164,73.022,71.568,68.497,0.0,0.036,0.087,20.0,20.0,58.648,48.451,0.0,73.218,75.274,73.896,77.617,52.995,63.332,57.482,-10.828,49.594,57.188,71.938,72.25,70.313,71.063,0.0,0.0,72.0,70.0,1000.0,200.0,0.0,17.297,72.063,70.875,-0.052,76.563,75.938,71.063,74.75,0.0,100.0,72.0,70.0,1000.0,200.0,-0.002,0.0,78.125,77.938,0.01,74.875,74.875,71.438,74.688,0.0,62.438,72.0,70.0,1000.0,200.0,-0.001,0.0,76.688,76.625,0.017,73.0,75.813,72.5,74.5,0.0,27.0,72.0,70.0,1000.0,200.0,0.0,0.0,75.0,75.0,-0.004,0.0,0.0,0.0,0.0,0.0,0.0,0.0,0.0,0.0,0.0,0.0,0.0,0.0,0.0,0.0,0.0,0.017,0.031,0.011,0.034,0.0,0.0,0.0,0.0,0.0,0.0,0.0,0.0,0.0,0.0,0.0,0.0,0.0,0.0,0.0,0.0,0.0,-0.149,0.0,0.0,0.001,0.149,-0.148,0.001,-0.02,0.009,0.0,0.0,0.034,0.035,-0.009,0.0,0.0,0.0
9072007,2300,0.0,1.0,1.0,1.0,100.0,0.0,0.0,0.0,0.0,0.0,0.0,33.968,35.139,0.012,0.02,0.0,80.0,55.0,1.4,17.203,2.248,75.824,0.42,69.893,72.164,73.022,71.674,68.39,0.0,0.036,0.087,20.0,20.0,58.62,48.451,0.0,73.325,75.2,73.79,77.543,52.995,63.227,57.482,-10.82,49.594,57.125,71.813,72.25,70.313,71.063,0.0,0.0,72.0,70.0,1000.0,200.0,0.0,17.313,72.063,70.75,-0.052,76.563,75.938,71.063,74.875,0.0,100.0,72.0,70.0,1000.0,200.0,-0.002,0.0,78.125,77.938,0.01,74.875,74.875,71.438,74.563,0.0,62.438,72.0,70.0,1000.0,200.0,-0.001,0.0,76.688,76.625,0.017,72.875,75.813,72.5,74.5,0.0,27.0,72.0,70.0,1000.0,200.0,0.0,0.0,75.125,74.875,-0.004,0.0,0.0,0.0,0.0,0.0,0.0,0.0,0.0,0.0,0.0,0.0,0.0,0.0,0.0,0.0,0.0,0.017,0.031,0.011,0.032,0.0,0.0,0.0,0.0,0.0,0.0,0.0,0.0,0.0,0.0,0.0,0.0,0.0,0.0,0.0,0.0,0.147,-0.149,0.0,0.0,0.149,0.001,0.0,0.001,-0.02,0.009,0.0,0.0,0.034,0.035,-0.01,0.0,0.0,-0.0
9072007,2301,0.0,1.0,1.0,1.0,100.0,0.0,0.0,0.0,0.0,0.0,0.0,35.139,35.139,0.012,0.02,0.0,80.0,55.0,1.4,17.359,2.248,68.863,1.706,70.001,72.058,73.022,71.568,68.497,0.0,0.036,0.087,20.0,20.0,58.592,48.479,0.0,73.218,75.274,73.79,77.617,53.068,63.436,57.555,-10.82,49.563,57.094,71.813,72.25,70.313,71.063,0.0,0.0,72.0,70.0,1000.0,200.0,0.0,17.422,71.938,70.75,-0.052,76.563,75.938,71.0,74.875,0.0,100.0,72.0,70.0,1000.0,200.0,-0.002,0.0,78.125,77.875,0.01,74.875,74.875,71.438,74.563,0.0,62.438,72.0,70.0,1000.0,200.0,-0.001,0.0,76.688,76.625,0.017,73.0,75.75,72.5,74.5,0.0,27.0,72.0,70.0,1000.0,200.0,0.0,0.0,75.0,75.0,-0.004,0.0,0.0,0.0,0.0,0.0,0.0,0.0,0.0,0.0,0.0,0.0,0.0,0.0,0.0,0.0,0.0,0.017,0.031,0.011,0.034,0.0,0.0,0.0,0.0,0.0,0.0,0.0,0.0,0.0,0.0,0.0,0.0,0.0,0.0,0.0,0.0,0.147,-0.149,0.0,0.0,0.149,0.149,-0.148,0.149,-0.019,0.009,0.0,0.0,0.035,0.035,-0.009,0.0,0.0,0.0
9072007,2302,0.0,1.0,1.0,1.0,100.0,0.0,0.0,0.0,0.0,0.0,0.0,35.139,35.139,0.012,0.02,0.0,80.0,55.0,1.4,17.453,2.248,75.824,2.094,69.893,72.164,72.917,71.568,68.497,0.0,0.036,0.087,20.0,20.0,58.536,48.479,0.0,73.218,75.274,73.79,77.617,53.215,63.436,57.628,-10.828,49.563,57.125,71.813,72.25,70.438,71.063,0.0,0.0,72.0,70.0,1000.0,200.0,0.0,17.328,72.063,70.75,-0.052,76.563,75.938,71.063,74.875,0.0,100.0,72.0,70.0,1000.0,200.0,-0.002,0.0,78.125,77.938,0.01,74.875,75.0,71.438,74.688,0.0,62.438,72.0,70.0,1000.0,200.0,-0.001,0.0,76.688,76.563,0.017,73.0,75.75,72.5,74.5,0.0,27.0,72.0,70.0,1000.0,200.0,0.0,0.0,75.125,74.875,-0.004,0.0,0.0,0.0,0.0,0.0,0.0,0.0,0.0,0.0,0.0,0.0,0.0,0.0,0.0,0.0,0.0,0.017,0.031,0.011,0.034,0.0,0.0,0.0,0.0,0.0,0.0,0.0,0.0,0.0,0.0,0.0,0.0,0.0,0.0,0.0,0.0,0.147,-0.223,0.0,0.0,0.149,0.001,-0.148,0.001,-0.019,0.009,0.0,0.0,0.035,0.035,-0.01,0.0,0.0,-0.0
9072007,2303,0.0,1.0,1.0,1.0,100.0,0.0,0.0,0.0,0.0,0.0,0.0,33.968,35.139,0.012,0.034,0.0,80.0,55.0,1.4,17.375,2.248,74.085,2.842,70.001,72.058,72.917,71.674,68.497,0.0,0.036,0.087,20.0,20.0,58.592,48.507,0.0,73.218,75.2,73.896,77.617,53.288,63.227,57.701,-10.82,49.563,56.875,71.75,72.25,70.313,71.063,0.0,0.0,72.0,70.0,1000.0,200.0,0.0,17.391,71.938,70.75,-0.052,76.625,75.938,71.063,74.875,0.0,100.0,72.0,70.0,1000.0,200.0,-0.002,0.0,78.125,77.938,0.01,75.063,74.875,71.5,74.563,0.0,62.438,72.0,70.0,1000.0,200.0,-0.001,0.0,76.688,76.625,0.017,73.0,75.75,72.375,74.5,0.0,27.0,72.0,70.0,1000.0,200.0,0.0,0.0,75.0,74.875,-0.004,0.0,0.0,0.0,0.0,0.0,0.0,0.0,0.0,0.0,0.0,0.0,0.0,0.0,0.0,0.0,0.0,0.017,0.031,0.011,0.034,0.0,0.0,0.0,0.0,0.0,0.0,0.0,0.0,0.0,0.0,0.0,0.0,0.0,0.0,0.0,0.0,0.147,-0.149,-0.148,0.0,0.149,0.149,-0.148,0.149,-0.022,0.015,0.0,0.0,0.034,0.035,-0.009,0.0,0.0,-0.0
9072007,2304,0.0,1.0,1.0,1.0,100.0,0.0,0.0,0.0,0.0,0.0,0.0,35.139,36.31,0.012,0.034,0.0,80.0,55.0,1.4,17.375,2.248,68.863,2.137,70.001,72.164,72.917,71.674,68.604,0.0,0.036,0.087,20.0,20.0,58.564,48.507,0.0,73.218,75.126,74.002,77.543,53.215,63.332,57.628,-10.82,49.563,56.969,71.813,72.25,70.438,71.125,0.0,0.0,72.0,70.0,1000.0,200.0,0.0,17.203,72.063,70.75,-0.052,76.438,76.063,71.063,74.875,0.0,100.0,72.0,70.0,1000.0,200.0,-0.002,0.0,78.125,77.938,0.01,74.875,74.875,71.5,74.563,0.0,62.438,72.0,70.0,1000.0,200.0,-0.001,0.0,76.688,76.563,0.017,73.0,75.75,72.5,74.5,0.0,27.0,72.0,70.0,1000.0,200.0,0.0,0.0,75.0,75.0,-0.004,0.0,0.0,0.0,0.0,0.0,0.0,0.0,0.0,0.0,0.0,0.0,0.0,0.0,0.0,0.0,0.0,0.017,0.031,0.011,0.034,0.0,0.0,0.0,0.0,0.0,0.0,0.0,0.0,0.0,0.0,0.0,0.0,0.0,0.0,0.0,0.0,0.147,-0.149,-0.148,-0.074,0.149,0.001,0.0,0.001,-0.026,0.015,0.0,0.0,0.035,0.036,-0.01,0.0,0.0,0.0
9072007,2305,0.0,1.0,1.0,1.0,100.0,0.0,0.0,0.0,0.0,0.0,0.0,33.968,35.139,0.012,0.02,0.0,80.0,55.0,1.4,17.203,2.248,77.563,0.364,70.001,72.058,72.917,71.568,68.604,0.0,0.036,0.091,20.0,20.0,58.507,48.564,0.0,73.325,75.126,73.79,77.543,53.288,63.332,57.846,-10.82,49.563,56.781,71.813,72.25,70.313,71.063,0.0,0.0,72.0,70.0,1000.0,200.0,0.0,17.281,72.063,70.875,-0.052,76.438,75.938,71.063,74.875,0.0,100.0,72.0,70.0,1000.0,200.0,-0.002,0.0,78.125,78.063,0.01,74.875,74.875,71.438,74.563,0.0,62.438,72.0,70.0,1000.0,200.0,-0.001,0.0,76.688,76.625,0.017,73.0,75.75,72.5,74.563,0.0,27.0,72.0,70.0,1000.0,200.0,0.0,0.0,75.125,74.875,-0.004,0.0,0.0,0.0,0.0,0.0,0.0,0.0,0.0,0.0,0.0,0.0,0.0,0.0,0.0,0.0,0.0,0.017,0.031,0.011,0.034,0.0,0.0,0.0,0.0,0.0,0.0,0.0,0.0,0.0,0.0,0.0,0.0,0.0,0.0,0.0,0.0,0.147,-0.149,0.0,0.0,0.001,0.001,-0.148,0.149,-0.022,0.009,0.0,0.0,0.034,0.035,-0.009,0.0,0.0,-0.0
9072007,2306,0.0,1.0,1.0,1.0,100.0,0.0,0.0,0.0,0.0,0.0,0.0,33.968,35.139,0.012,0.02,0.0,80.0,55.0,1.4,17.281,2.248,74.085,1.937,70.001,72.058,72.917,71.568,68.497,0.0,0.036,0.087,20.0,20.0,58.536,48.592,0.0,73.325,75.126,73.896,77.469,53.215,63.541,57.701,-10.82,49.563,56.875,71.813,72.25,70.313,71.063,0.0,0.0,72.0,70.0,1000.0,200.0,0.0,17.359,72.063,70.75,-0.052,76.438,75.938,71.063,74.875,0.0,100.0,72.0,70.0,1000.0,200.0,-0.002,0.0,78.125,77.938,0.01,74.875,74.875,71.5,74.688,0.0,62.438,72.0,70.0,1000.0,200.0,-0.001,0.0,76.688,76.563,0.017,73.0,75.813,72.5,74.563,0.0,27.0,72.0,70.0,1000.0,200.0,0.0,0.0,75.125,74.875,-0.004,0.0,0.0,0.0,0.0,0.0,0.0,0.0,0.0,0.0,0.0,0.0,0.0,0.0,0.0,0.0,0.0,0.017,0.031,0.011,0.034,0.0,0.0,0.0,0.0,0.0,0.0,0.0,0.0,0.0,0.0,0.0,0.0,0.0,0.0,0.0,0.0,0.147,-0.149,0.0,0.0,0.001,0.149,0.0,0.149,-0.023,0.009,0.0,0.0,0.034,0.035,-0.01,0.0,0.0,-0.0
9072007,2307,0.0,1.0,1.0,1.0,100.0,0.0,0.0,0.0,0.0,0.0,0.0,33.968,35.139,0.012,0.02,0.0,80.0,55.0,1.4,17.531,2.248,75.824,1.748,70.001,72.164,72.812,71.568,68.604,0.0,0.036,0.087,20.0,20.0,58.423,48.592,0.0,73.218,75.126,74.002,77.543,53.435,63.332,57.846,-10.82,49.563,56.813,71.813,72.25,70.438,71.125,0.0,0.0,72.0,70.0,1000.0,200.0,0.0,17.25,72.063,70.875,-0.052,76.438,75.938,71.063,74.875,0.0,100.0,72.0,70.0,1000.0,200.0,-0.002,0.0,78.125,77.938,0.01,74.875,74.875,71.5,74.688,0.0,62.438,72.0,70.0,1000.0,200.0,-0.001,0.0,76.688,76.625,0.017,73.0,75.75,72.5,74.5,0.0,27.0,72.0,70.0,1000.0,200.0,0.0,0.0,75.125,74.875,-0.004,0.0,0.0,0.0,0.0,0.0,0.0,0.0,0.0,0.0,0.0,0.0,0.0,0.0,0.0,0.0,0.0,0.019,0.031,0.01,0.034,0.0,0.0,0.0,0.0,0.0,0.0,0.0,0.0,0.0,0.0,0.0,0.0,0.0,0.0,0.0,0.0,0.147,-0.149,0.0,0.0,0.001,0.149,-0.148,0.001,-0.026,0.009,0.0,0.0,0.034,0.035,-0.009,0.0,0.0,-0.0
9072007,2308,0.0,1.0,1.0,1.0,100.0,0.0,0.0,0.0,0.0,0.0,0.0,33.968,35.139,0.022,0.02,0.0,80.0,55.0,1.4,17.406,2.248,75.824,0.42,70.001,72.058,72.812,71.674,68.604,0.0,0.036,0.091,20.0,20.0,58.395,48.592,0.0,73.11,75.2,73.896,77.617,53.435,63.436,57.846,-10.828,49.563,56.75,71.813,72.25,70.438,71.125,0.0,0.0,72.0,70.0,1000.0,200.0,0.0,17.453,72.188,70.875,-0.052,76.438,75.938,71.063,74.875,0.0,100.0,72.0,70.0,1000.0,200.0,-0.002,0.0,78.125,77.938,0.01,74.875,75.0,71.5,74.688,0.0,62.438,72.0,70.0,1000.0,200.0,-0.001,0.0,76.688,76.563,0.017,73.0,75.75,72.5,74.5,0.0,27.0,72.0,70.0,1000.0,200.0,0.0,0.0,75.125,74.875,-0.004,0.0,0.0,0.0,0.0,0.0,0.0,0.0,0.0,0.0,0.0,0.0,0.0,0.0,0.0,0.0,0.0,0.017,0.032,0.01,0.034,0.0,0.0,0.0,0.0,0.0,0.0,0.0,0.0,0.0,0.0,0.0,0.0,0.0,0.0,0.0,0.0,0.147,-0.149,0.0,0.0,0.001,0.149,-0.148,0.149,-0.041,0.009,0.0,0.0,0.034,0.035,-0.01,0.0,0.0,-0.0
9072007,2309,0.0,1.0,1.0,1.0,100.0,0.0,0.0,0.0,0.0,0.0,0.0,33.968,35.139,0.022,0.02,0.0,80.0,55.0,1.4,17.297,2.248,75.824,1.06,70.001,72.058,72.812,71.674,68.604,0.0,0.036,0.087,20.0,20.0,58.367,48.62,0.0,73.218,75.2,73.79,77.617,53.435,63.436,57.846,-10.828,49.563,56.531,71.813,72.25,70.438,71.125,0.0,0.0,72.0,70.0,1000.0,200.0,0.0,17.453,72.063,70.875,-0.052,76.438,75.875,71.188,74.75,0.0,100.0,72.0,70.0,1000.0,200.0,-0.002,0.0,78.125,77.938,0.01,74.875,74.875,71.5,74.563,0.0,62.438,72.0,70.0,1000.0,200.0,-0.001,0.0,76.688,76.563,0.012,73.0,75.75,72.5,74.563,0.0,27.0,72.0,70.0,1000.0,200.0,0.0,0.0,75.125,74.875,-0.004,0.0,0.0,0.0,0.0,0.0,0.0,0.0,0.0,0.0,0.0,0.0,0.0,0.0,0.0,0.0,0.0,0.017,0.031,0.011,0.034,0.0,0.0,0.0,0.0,0.0,0.0,0.0,0.0,0.0,0.0,0.0,0.0,0.0,0.0,0.0,0.0,0.147,-0.223,0.0,0.0,0.001,0.001,-0.148,0.001,-0.038,0.009,0.0,0.0,0.034,0.035,-0.009,0.0,0.0,-0.0
9072007,2310,0.0,1.0,1.0,1.0,100.0,0.0,0.0,0.0,0.0,0.0,0.0,35.139,35.139,0.012,0.02,0.0,80.0,55.0,1.4,17.297,2.248,68.863,0.206,70.001,72.058,72.812,71.674,68.711,0.0,0.036,0.091,20.0,20.0,58.339,48.676,0.0,73.11,75.2,73.79,77.543,53.435,63.436,57.774,-10.82,49.563,56.75,71.813,72.25,70.438,71.063,0.0,0.0,72.0,70.0,1000.0,200.0,0.0,17.328,72.063,70.875,-0.052,76.438,75.938,71.063,74.875,0.0,100.0,72.0,70.0,1000.0,200.0,-0.002,0.0,78.125,77.938,0.01,75.063,75.0,71.5,74.688,0.0,62.438,72.0,70.0,1000.0,200.0,-0.001,0.0,76.688,76.563,0.017,73.0,75.75,72.5,74.563,0.0,27.0,72.0,70.0,1000.0,200.0,0.0,0.0,75.125,74.875,-0.004,0.0,0.0,0.0,0.0,0.0,0.0,0.0,0.0,0.0,0.0,0.0,0.0,0.0,0.0,0.0,0.0,0.017,0.031,0.011,0.034,0.0,0.0,0.0,0.0,0.0,0.0,0.0,0.0,0.0,0.0,0.0,0.0,0.0,0.0,0.0,0.0,0.0,-0.149,-0.222,0.0,0.001,0.001,-0.148,0.149,-0.02,0.009,0.0,0.0,0.035,0.035,-0.009,0.0,0.0,-0.0
9072007,2311,0.0,1.0,1.0,1.0,100.0,0.0,0.0,0.0,0.0,0.0,0.0,35.139,35.139,0.012,0.02,0.0,80.0,55.0,1.4,17.313,2.248,67.121,0.339,70.109,72.164,72.812,71.568,68.818,0.0,0.04,0.087,20.0,20.0,58.255,48.648,0.0,73.218,75.2,73.896,77.543,53.581,63.436,57.992,-10.82,49.563,56.656,71.813,72.25,70.313,71.063,0.0,0.0,72.0,70.0,1000.0,200.0,0.0,17.406,72.063,70.875,-0.052,76.313,75.938,71.188,74.75,0.0,100.0,72.0,70.0,1000.0,200.0,-0.002,0.0,78.125,77.938,0.01,74.875,74.875,71.5,74.688,0.0,62.438,72.0,70.0,1000.0,200.0,-0.001,0.0,76.688,76.625,0.017,73.0,75.75,72.5,74.5,0.0,27.0,72.0,70.0,1000.0,200.0,0.0,0.0,75.0,74.875,-0.004,0.0,0.0,0.0,0.0,0.0,0.0,0.0,0.0,0.0,0.0,0.0,0.0,0.0,0.0,0.0,0.0,0.017,0.031,0.011,0.032,0.0,0.0,0.0,0.0,0.0,0.0,0.0,0.0,0.0,0.0,0.0,0.0,0.0,0.0,0.0,0.0,0.147,-0.149,-0.148,0.0,0.149,0.001,0.0,0.001,-0.022,0.009,0.0,0.0,0.035,0.035,-0.009,0.0,0.0,-0.0
9072007,2312,0.0,1.0,1.0,1.0,100.0,0.0,0.0,0.0,0.0,0.0,0.0,33.968,35.139,0.022,0.02,0.0,80.0,55.0,1.4,17.406,4.493,91.452,2.155,70.109,71.952,72.812,71.568,68.818,0.0,0.036,0.091,20.0,20.0,58.255,48.62,0.0,73.218,75.126,73.79,77.469,53.508,63.541,57.919,-10.82,49.594,56.5,71.813,72.25,70.438,71.063,0.0,0.0,72.0,70.0,1000.0,200.0,0.0,17.453,71.938,70.75,-0.052,76.313,75.938,71.063,74.875,0.0,100.0,72.0,70.0,1000.0,200.0,-0.002,0.0,78.125,77.938,0.01,74.875,74.875,71.5,74.688,0.0,62.438,72.0,70.0,1000.0,200.0,-0.001,0.0,76.688,76.625,0.017,73.0,75.75,72.5,74.563,0.0,27.0,72.0,70.0,1000.0,200.0,0.0,0.0,75.125,74.875,-0.004,0.0,0.0,0.0,0.0,0.0,0.0,0.0,0.0,0.0,0.0,0.0,0.0,0.0,0.0,0.0,0.0,0.017,0.031,0.011,0.034,0.0,0.0,0.0,0.0,0.0,0.0,0.0,0.0,0.0,0.0,0.0,0.0,0.0,0.0,0.0,0.0,0.0,-0.149,-0.148,0.0,0.149,0.149,-0.148,0.149,-0.039,0.009,0.0,0.0,0.034,0.035,-0.009,0.0,0.0,-0.0
9072007,2313,0.0,1.0,1.0,1.0,100.0,0.0,0.0,0.0,0.0,0.0,0.0,33.968,35.139,0.022,0.02,0.0,80.0,55.0,1.4,17.422,2.248,75.824,3.764,70.109,72.164,72.917,71.674,68.711,0.0,0.036,0.091,20.0,20.0,58.283,48.592,0.0,73.11,75.2,73.79,77.543,53.728,63.436,57.992,-10.82,49.594,56.313,71.813,72.25,70.438,71.063,0.0,0.0,72.0,70.0,1000.0,200.0,0.0,17.281,72.063,70.875,-0.052,76.438,75.938,71.188,74.75,0.0,100.0,72.0,70.0,1000.0,200.0,-0.002,0.0,78.125,77.938,0.01,74.875,74.875,71.5,74.563,0.0,62.438,72.0,70.0,1000.0,200.0,-0.001,0.0,76.688,76.563,0.017,73.0,75.813,72.625,74.563,0.0,27.0,72.0,70.0,1000.0,200.0,0.0,0.0,75.125,74.875,-0.004,0.0,0.0,0.0,0.0,0.0,0.0,0.0,0.0,0.0,0.0,0.0,0.0,0.0,0.0,0.0,0.0,0.017,0.031,0.011,0.034,0.0,0.0,0.0,0.0,0.0,0.0,0.0,0.0,0.0,0.0,0.0,0.0,0.0,0.0,0.0,0.0,0.0,-0.149,-0.148,0.0,0.149,0.001,-0.148,0.001,-0.037,0.009,0.0,0.0,0.034,0.035,-0.009,0.0,0.0,-0.0
9072007,2314,0.0,1.0,1.0,1.0,100.0,0.0,0.0,0.0,0.0,0.0,0.0,35.139,36.31,0.012,0.02,0.0,80.0,55.0,1.4,17.219,2.248,65.378,0.495,70.109,72.164,72.917,71.674,68.711,0.0,0.036,0.087,20.0,20.0,58.171,48.564,0.0,73.11,75.126,73.896,77.469,53.728,63.541,58.065,-10.82,49.594,56.781,71.813,72.25,70.438,71.063,0.0,0.0,72.0,70.0,1000.0,200.0,0.0,17.313,72.188,70.75,-0.052,76.313,75.875,71.188,74.75,0.0,100.0,72.0,70.0,1000.0,200.0,-0.002,0.0,78.313,77.938,0.01,74.875,74.875,71.5,74.563,0.0,62.438,72.0,70.0,1000.0,200.0,-0.001,0.0,76.688,76.563,0.017,73.0,75.75,72.5,74.5,0.0,27.0,72.0,70.0,1000.0,200.0,0.0,0.0,75.0,75.0,-0.004,0.0,0.0,0.0,0.0,0.0,0.0,0.0,0.0,0.0,0.0,0.0,0.0,0.0,0.0,0.0,0.0,0.017,0.031,0.011,0.034,0.0,0.0,0.0,0.0,0.0,0.0,0.0,0.0,0.0,0.0,0.0,0.0,0.0,0.0,0.0,0.0,0.147,-0.149,0.0,0.0,0.149,0.001,0.0,0.001,-0.023,0.009,0.0,0.0,0.035,0.036,-0.011,0.001,0.0,0.0
9072007,2315,0.0,1.0,1.0,1.0,100.0,0.0,0.0,0.0,0.0,0.0,0.0,35.139,35.139,0.012,0.02,0.0,80.0,55.0,1.4,17.297,2.248,67.121,1.58,70.109,72.164,73.022,71.674,68.818,0.0,0.036,0.087,20.0,20.0,58.143,48.536,0.0,73.11,75.2,73.79,77.543,53.728,63.541,58.065,-10.828,49.563,56.688,71.813,72.25,70.438,71.063,0.0,0.0,72.0,70.0,1000.0,200.0,0.0,17.328,72.063,70.75,-0.052,76.188,75.938,71.188,74.875,0.0,100.0,72.0,70.0,1000.0,200.0,-0.002,0.0,78.125,77.938,0.01,74.875,74.875,71.5,74.563,0.0,62.438,72.0,70.0,1000.0,200.0,-0.001,0.0,76.688,76.563,0.017,73.0,75.75,72.5,74.5,0.0,27.0,72.0,70.0,1000.0,200.0,0.0,0.0,75.313,74.875,-0.004,0.0,0.0,0.0,0.0,0.0,0.0,0.0,0.0,0.0,0.0,0.0,0.0,0.0,0.0,0.0,0.0,0.017,0.031,0.011,0.034,0.0,0.0,0.0,0.0,0.0,0.0,0.0,0.0,0.0,0.0,0.0,0.0,0.0,0.0,0.0,0.0,0.0,-0.149,0.0,0.0,0.149,0.001,-0.148,0.001,-0.02,0.009,0.0,0.0,0.035,0.035,-0.01,0.0,0.0,-0.0
9072007,2316,0.0,1.0,1.0,1.0,100.0,0.0,0.0,0.0,0.0,0.0,0.0,33.968,35.139,0.012,0.02,0.0,80.0,55.0,1.4,17.266,2.248,54.91,0.502,70.109,72.164,73.127,71.674,68.818,0.0,0.036,0.087,20.0,20.0,58.283,48.395,0.0,73.218,75.2,73.79,77.543,53.801,63.645,58.138,-10.82,49.531,56.875,71.813,72.25,70.438,71.063,0.0,0.0,72.0,70.0,1000.0,200.0,0.0,17.234,72.188,70.875,-0.052,76.313,75.938,71.188,74.875,0.0,100.0,72.0,70.0,1000.0,200.0,-0.002,0.0,78.125,77.938,0.01,74.813,74.875,71.5,74.688,0.0,62.438,72.0,70.0,1000.0,200.0,-0.001,0.0,76.688,76.563,0.017,73.0,75.75,72.625,74.563,0.0,27.0,72.0,70.0,1000.0,200.0,0.0,0.0,75.125,74.875,-0.004,0.0,0.0,0.0,0.0,0.0,0.0,0.0,0.0,0.0,0.0,0.0,0.0,0.0,0.0,0.0,0.0,0.017,0.031,0.011,0.034,0.0,0.0,0.0,0.0,0.0,0.0,0.0,0.0,0.0,0.0,0.0,0.0,0.0,0.0,0.0,0.0,0.147,-0.149,-0.148,0.0,0.149,0.001,0.0,0.001,-0.02,0.009,0.0,0.0,0.034,0.035,-0.01,0.0,0.0,-0.0
9072007,2317,0.0,1.0,1.0,1.0,100.0,0.0,0.0,0.0,0.0,0.0,0.0,33.968,35.139,0.012,0.02,0.0,80.0,55.0,1.4,17.266,2.248,67.121,0.595,70.109,72.164,73.127,71.674,68.818,0.0,0.036,0.087,20.0,20.0,58.199,48.395,0.0,73.218,75.052,73.79,77.543,53.874,63.854,58.138,-10.82,49.563,56.563,71.813,72.375,70.438,71.063,0.0,0.0,72.0,70.0,1000.0,200.0,0.0,17.359,72.063,70.875,-0.052,76.188,75.875,71.188,74.875,0.0,100.0,72.0,70.0,1000.0,200.0,-0.002,0.0,78.125,78.063,0.01,74.875,74.875,71.625,74.688,0.0,62.438,72.0,70.0,1000.0,200.0,-0.001,0.0,76.688,76.563,0.017,73.0,75.75,72.5,74.5,0.0,27.0,72.0,70.0,1000.0,200.0,0.0,0.0,75.125,74.875,-0.004,0.0,0.0,0.0,0.0,0.0,0.0,0.0,0.0,0.0,0.0,0.0,0.0,0.0,0.0,0.0,0.0,0.017,0.031,0.011,0.034,0.0,0.0,0.0,0.0,0.0,0.0,0.0,0.0,0.0,0.0,0.0,0.0,0.0,0.0,0.0,0.0,0.147,-0.149,-0.148,0.0,0.001,0.149,-0.148,0.001,-0.024,0.009,0.0,0.0,0.034,0.035,-0.009,0.0,0.0,-0.0
9072007,2318,0.0,1.0,1.0,1.0,100.0,0.0,0.0,0.0,0.0,0.0,0.0,33.968,35.139,0.012,0.02,0.0,80.0,55.0,1.4,17.266,2.248,74.085,1.609,70.109,72.164,73.127,71.674,68.818,0.0,0.04,0.091,20.0,20.0,58.255,48.339,0.0,73.218,75.126,73.79,77.469,53.874,63.645,58.211,-10.82,49.531,56.313,71.813,72.375,70.313,71.125,0.0,0.0,72.0,70.0,1000.0,200.0,0.0,17.141,72.188,70.875,-0.052,76.313,75.875,71.188,74.875,0.0,100.0,72.0,70.0,1000.0,200.0,-0.002,0.0,78.125,77.938,0.01,74.813,74.875,71.625,74.688,0.0,62.438,72.0,70.0,1000.0,200.0,-0.001,0.0,76.688,76.563,0.017,73.0,75.813,72.625,74.5,0.0,27.0,72.0,70.0,1000.0,200.0,0.0,0.0,75.125,74.875,-0.004,0.0,0.0,0.0,0.0,0.0,0.0,0.0,0.0,0.0,0.0,0.0,0.0,0.0,0.0,0.0,0.0,0.017,0.031,0.011,0.034,0.0,0.0,0.0,0.0,0.0,0.0,0.0,0.0,0.0,0.0,0.0,0.0,0.0,0.0,0.0,0.0,0.147,-0.149,0.0,0.0,0.149,0.001,-0.148,0.001,-0.021,0.009,0.0,0.0,0.034,0.035,-0.01,0.0,0.0,-0.0
9072007,2319,0.0,1.0,1.0,1.0,100.0,0.0,0.0,0.0,0.0,0.0,0.0,33.968,36.31,0.012,0.02,0.0,80.0,55.0,1.4,17.313,2.248,75.824,-1.269,70.109,72.164,73.127,71.674,68.818,0.0,0.036,0.087,20.0,20.0,58.171,48.255,0.0,73.218,75.126,73.896,77.469,53.948,63.854,58.211,-10.82,49.531,56.25,71.813,72.375,70.313,71.125,0.0,0.0,72.0,70.0,1000.0,200.0,0.0,17.359,72.188,70.875,-0.052,76.188,75.938,71.188,74.75,0.0,100.0,72.0,70.0,1000.0,200.0,-0.002,0.0,78.125,77.938,0.01,74.813,74.875,71.5,74.688,0.0,62.438,72.0,70.0,1000.0,200.0,-0.001,0.0,76.688,76.563,0.017,73.0,75.75,72.625,74.5,0.0,27.0,72.0,70.0,1000.0,200.0,0.0,0.0,75.125,74.875,-0.004,0.0,0.0,0.0,0.0,0.0,0.0,0.0,0.0,0.0,0.0,0.0,0.0,0.0,0.0,0.0,0.0,0.015,0.031,0.011,0.035,0.0,0.0,0.0,0.0,0.0,0.0,0.0,0.0,0.0,0.0,0.0,0.0,0.0,0.0,0.0,0.0,0.147,-0.149,0.0,0.0,0.001,0.149,-0.148,0.149,-0.023,0.009,0.0,0.0,0.034,0.036,-0.01,0.0,0.0,-0.0
9072007,2320,0.0,1.0,1.0,1.0,100.0,0.0,0.0,0.0,0.0,0.0,0.0,35.139,35.139,0.012,0.02,0.0,80.0,55.0,1.4,17.313,2.248,74.085,-0.109,70.216,72.27,73.232,71.674,68.818,0.0,0.036,0.091,20.0,20.0,58.059,48.255,0.0,73.218,75.126,73.79,77.543,53.948,63.854,58.284,-10.828,49.5,56.094,71.813,72.375,70.438,71.063,0.0,0.0,72.0,70.0,1000.0,200.0,0.0,17.219,72.188,70.875,-0.052,76.313,75.938,71.188,74.75,0.0,100.0,72.0,70.0,1000.0,200.0,-0.002,0.0,78.125,77.938,0.01,74.875,74.875,71.5,74.688,0.0,62.438,72.0,70.0,1000.0,200.0,-0.001,0.0,76.688,76.563,0.017,73.0,75.75,72.625,74.5,0.0,27.0,72.0,70.0,1000.0,200.0,0.0,0.0,75.125,75.0,-0.004,0.0,0.0,0.0,0.0,0.0,0.0,0.0,0.0,0.0,0.0,0.0,0.0,0.0,0.0,0.0,0.0,0.015,0.031,0.011,0.034,0.0,0.0,0.0,0.0,0.0,0.0,0.0,0.0,0.0,0.0,0.0,0.0,0.0,0.0,0.0,0.0,0.147,-0.149,-0.148,-0.074,0.149,0.001,0.0,0.001,-0.022,0.009,0.0,0.0,0.035,0.035,-0.01,0.0,0.0,-0.0
9072007,2321,0.0,1.0,1.0,1.0,100.0,0.0,0.0,0.0,0.0,0.0,0.0,35.139,36.31,0.012,0.02,0.0,80.0,55.0,1.4,17.203,2.248,74.085,1.951,70.109,72.376,73.337,71.885,68.925,0.0,0.036,0.087,20.0,20.0,57.919,48.255,0.0,73.218,75.126,73.79,77.543,53.948,63.645,58.211,-10.82,49.469,55.969,71.813,72.375,70.313,71.063,0.0,0.0,72.0,70.0,1000.0,200.0,0.0,17.453,72.188,70.875,-0.052,76.188,75.938,71.188,74.75,0.0,100.0,72.0,70.0,1000.0,200.0,-0.002,0.0,78.125,77.938,0.01,74.875,74.813,71.5,74.688,0.0,62.438,72.0,70.0,1000.0,200.0,-0.001,0.0,76.688,76.625,0.017,72.875,75.75,72.625,74.5,0.0,27.0,72.0,70.0,1000.0,200.0,0.0,0.0,75.125,75.0,-0.004,0.0,0.0,0.0,0.0,0.0,0.0,0.0,0.0,0.0,0.0,0.0,0.0,0.0,0.0,0.0,0.0,0.015,0.031,0.011,0.032,0.0,0.0,0.0,0.0,0.0,0.0,0.0,0.0,0.0,0.0,0.0,0.0,0.0,0.0,0.0,0.0,0.147,-0.149,0.0,-0.074,0.149,0.001,-0.148,0.001,-0.022,0.009,0.0,0.0,0.035,0.036,-0.01,0.0,0.0,-0.0
9072007,2322,0.0,1.0,1.0,1.0,100.0,0.0,0.0,0.0,0.0,0.0,0.0,33.968,35.139,0.012,0.02,0.0,80.0,55.0,1.4,17.578,2.248,74.085,1.87,70.109,72.164,73.232,71.78,68.925,0.0,0.036,0.087,20.0,20.0,57.919,48.255,0.0,73.218,75.126,73.79,77.469,54.021,63.749,58.284,-10.82,49.438,56.094,71.813,72.375,70.313,71.063,0.0,0.0,72.0,70.0,1000.0,200.0,0.0,17.484,72.188,70.875,-0.052,76.188,75.938,71.188,74.75,0.0,100.0,72.0,70.0,1000.0,200.0,-0.002,0.0,78.125,77.938,0.01,74.813,74.875,71.5,74.563,0.0,62.438,72.0,70.0,1000.0,200.0,-0.001,0.0,76.688,76.563,0.017,72.875,75.75,72.5,74.5,0.0,27.0,72.0,70.0,1000.0,200.0,0.0,0.0,75.125,75.0,-0.004,0.0,0.0,0.0,0.0,0.0,0.0,0.0,0.0,0.0,0.0,0.0,0.0,0.0,0.0,0.0,0.0,0.015,0.031,0.011,0.034,0.0,0.0,0.0,0.0,0.0,0.0,0.0,0.0,0.0,0.0,0.0,0.0,0.0,0.0,0.0,0.0,0.147,-0.223,0.074,0.0,0.149,0.001,-0.148,0.001,-0.021,0.009,0.0,0.0,0.034,0.035,-0.01,0.0,0.0,-0.0
9072007,2323,0.0,1.0,1.0,1.0,100.0,0.0,0.0,0.0,0.0,0.0,0.0,35.139,35.139,0.022,0.02,0.0,80.0,55.0,1.4,17.531,2.248,67.121,0.729,70.109,72.27,73.127,71.674,68.925,0.0,0.036,0.087,20.0,20.0,57.89,48.255,0.0,73.11,75.2,73.79,77.543,54.094,63.749,58.356,-10.82,49.438,56.219,71.813,72.375,70.313,71.063,0.0,0.0,72.0,70.0,1000.0,200.0,0.0,17.25,72.188,70.875,-0.052,76.188,75.875,71.188,74.75,0.0,100.0,72.0,70.0,1000.0,200.0,-0.002,0.0,78.063,77.938,0.01,74.813,74.875,71.5,74.688,0.0,62.438,72.0,70.0,1000.0,200.0,-0.001,0.0,76.688,76.563,0.017,73.0,75.75,72.625,74.5,0.0,27.0,72.0,70.0,1000.0,200.0,0.0,0.0,75.125,74.875,-0.004,0.0,0.0,0.0,0.0,0.0,0.0,0.0,0.0,0.0,0.0,0.0,0.0,0.0,0.0,0.0,0.0,0.017,0.031,0.011,0.034,0.0,0.0,0.0,0.0,0.0,0.0,0.0,0.0,0.0,0.0,0.0,0.0,0.0,0.0,0.0,0.0,0.0,-0.149,-0.148,0.0,0.001,0.149,-0.148,0.001,-0.037,0.009,0.0,0.0,0.035,0.035,-0.01,0.0,0.0,-0.0
9072007,2324,0.0,1.0,1.0,1.0,100.0,0.0,0.0,0.0,0.0,0.0,0.0,33.968,36.31,0.022,0.02,0.0,80.0,55.0,1.4,17.375,2.248,68.863,1.693,70.109,72.164,73.127,71.78,68.925,0.0,0.036,0.087,20.0,20.0,57.919,48.255,0.0,73.218,74.978,73.79,77.395,54.167,63.854,58.429,-10.82,49.406,56.188,71.813,72.375,70.438,71.125,0.0,0.0,72.0,70.0,1000.0,200.0,0.0,17.484,72.188,70.875,-0.052,76.188,75.875,71.188,74.75,0.0,100.0,72.0,70.0,1000.0,200.0,-0.002,0.0,78.125,77.938,0.01,74.813,74.875,71.5,74.688,0.0,62.438,72.0,70.0,1000.0,200.0,-0.001,0.0,76.688,76.563,0.017,72.875,75.75,72.625,74.5,0.0,27.0,72.0,70.0,1000.0,200.0,0.0,0.0,75.125,74.875,-0.004,0.0,0.0,0.0,0.0,0.0,0.0,0.0,0.0,0.0,0.0,0.0,0.0,0.0,0.0,0.0,0.0,0.015,0.031,0.011,0.032,0.0,0.0,0.0,0.0,0.0,0.0,0.0,0.0,0.0,0.0,0.0,0.0,0.0,0.0,0.0,0.0,0.147,-0.149,0.0,0.0,0.149,0.149,-0.148,0.149,-0.045,0.009,0.0,0.0,0.034,0.036,-0.01,0.0,0.0,-0.0
9072007,2325,0.0,1.0,1.0,1.0,100.0,0.0,0.0,0.0,0.0,0.0,0.0,35.139,35.139,0.022,0.02,0.0,80.0,55.0,1.4,17.328,2.248,70.604,0.523,70.216,72.27,73.127,71.674,68.925,0.0,0.04,0.087,20.0,20.0,57.862,48.255,0.0,73.218,75.052,73.79,77.395,54.094,63.749,58.356,-10.82,49.375,56.188,71.75,72.25,70.438,71.063,0.0,0.0,72.0,70.0,1000.0,200.0,0.0,17.281,72.063,70.875,-0.052,76.188,75.938,71.188,74.75,0.0,100.0,72.0,70.0,1000.0,200.0,-0.002,0.0,78.063,77.938,0.01,74.813,74.875,71.5,74.563,0.0,62.438,72.0,70.0,1000.0,200.0,-0.001,0.0,76.688,76.563,0.017,72.875,75.75,72.625,74.5,0.0,27.0,72.0,70.0,1000.0,200.0,0.0,0.0,75.125,74.875,-0.004,0.0,0.0,0.0,0.0,0.0,0.0,0.0,0.0,0.0,0.0,0.0,0.0,0.0,0.0,0.0,0.0,0.015,0.031,0.011,0.032,0.0,0.0,0.0,0.0,0.0,0.0,0.0,0.0,0.0,0.0,0.0,0.0,0.0,0.0,0.0,0.0,0.0,-0.149,0.0,0.0,0.001,0.001,-0.148,0.149,-0.041,0.009,0.0,0.0,0.035,0.035,-0.009,0.0,0.0,-0.0
9072007,2326,0.0,1.0,1.0,1.0,100.0,0.0,0.0,0.0,0.0,0.0,0.0,35.139,35.139,0.012,0.02,0.0,80.0,55.0,1.4,17.328,2.248,65.378,0.358,70.216,72.058,73.022,71.674,69.032,0.0,0.036,0.087,20.0,20.0,57.89,48.255,0.0,73.11,75.052,73.79,77.469,54.241,63.958,58.429,-10.82,49.406,56.125,71.813,72.375,70.438,71.063,0.0,0.0,72.0,70.0,1000.0,200.0,0.0,17.344,72.063,70.875,-0.052,76.188,75.938,71.188,74.75,0.0,100.0,72.0,70.0,1000.0,200.0,-0.002,0.0,78.125,77.938,0.01,74.875,74.875,71.625,74.75,0.0,62.438,72.0,70.0,1000.0,200.0,-0.001,0.0,76.688,76.563,0.017,72.875,75.75,72.625,74.5,0.0,27.0,72.0,70.0,1000.0,200.0,0.0,0.0,75.125,74.875,-0.004,0.0,0.0,0.0,0.0,0.0,0.0,0.0,0.0,0.0,0.0,0.0,0.0,0.0,0.0,0.0,0.0,0.015,0.031,0.011,0.032,0.0,0.0,0.0,0.0,0.0,0.0,0.0,0.0,0.0,0.0,0.0,0.0,0.0,0.0,0.0,0.0,0.0,-0.149,0.0,0.0,0.149,0.001,0.0,0.001,-0.023,0.009,0.0,0.0,0.035,0.035,-0.009,0.0,0.0,-0.0
9072007,2327,0.0,1.0,1.0,1.0,100.0,0.0,0.0,0.0,0.0,0.0,0.0,35.139,35.139,0.012,0.02,0.0,80.0,55.0,1.4,17.203,2.248,67.121,0.822,70.324,72.164,73.127,71.674,69.032,0.0,0.036,0.087,20.0,20.0,57.862,48.255,0.0,73.11,75.052,73.79,77.469,54.241,63.854,58.429,-10.82,49.375,56.094,71.75,72.375,70.313,71.063,0.0,0.0,72.0,70.0,1000.0,200.0,0.0,17.391,72.188,70.875,-0.052,76.188,75.875,71.188,74.75,0.0,100.0,72.0,70.0,1000.0,200.0,-0.002,0.0,78.063,77.938,0.01,74.875,74.875,71.625,74.563,0.0,62.438,72.0,70.0,1000.0,200.0,-0.001,0.0,76.688,76.563,0.017,72.875,75.75,72.625,74.5,0.0,27.0,72.0,70.0,1000.0,200.0,0.0,0.0,75.125,74.875,-0.004,0.0,0.0,0.0,0.0,0.0,0.0,0.0,0.0,0.0,0.0,0.0,0.0,0.0,0.0,0.0,0.0,0.015,0.031,0.011,0.034,0.0,0.0,0.0,0.0,0.0,0.0,0.0,0.0,0.0,0.0,0.0,0.0,0.0,0.0,0.0,0.0,0.0,-0.001,-0.148,0.0,0.149,0.149,-0.148,0.149,-0.023,0.009,0.0,0.0,0.035,0.035,-0.01,0.0,0.0,-0.0
9072007,2328,0.0,1.0,1.0,1.0,100.0,0.0,0.0,0.0,0.0,0.0,0.0,33.968,35.139,0.012,0.02,0.0,80.0,55.0,1.4,17.484,2.248,67.121,2.853,70.216,72.164,73.127,71.78,69.032,0.0,0.036,0.087,20.0,20.0,57.778,48.283,0.0,73.11,75.052,73.79,77.469,54.314,63.854,58.502,-10.828,49.375,56.125,71.813,72.25,70.438,71.063,0.0,0.0,72.0,70.0,1000.0,200.0,0.0,17.219,72.188,70.875,-0.052,76.0,75.875,71.188,74.75,0.0,100.0,72.0,70.0,1000.0,200.0,-0.002,0.0,78.125,77.938,0.01,74.813,74.875,71.625,74.688,0.0,62.438,72.0,70.0,1000.0,200.0,-0.001,0.0,76.625,76.563,0.017,72.875,75.75,72.625,74.375,0.0,27.0,72.0,70.0,1000.0,200.0,0.0,0.0,75.125,74.875,-0.004,0.0,0.0,0.0,0.0,0.0,0.0,0.0,0.0,0.0,0.0,0.0,0.0,0.0,0.0,0.0,0.0,0.015,0.031,0.011,0.032,0.0,0.0,0.0,0.0,0.0,0.0,0.0,0.0,0.0,0.0,0.0,0.0,0.0,0.0,0.0,0.0,0.147,-0.149,0.0,0.0,0.001,0.001,-0.148,0.149,-0.023,0.009,0.0,0.0,0.034,0.035,-0.01,0.0,0.0,-0.0
9072007,2329,0.0,1.0,1.0,1.0,100.0,0.0,0.0,0.0,0.0,0.0,0.0,33.968,35.139,0.012,0.02,0.0,80.0,55.0,1.4,17.266,2.248,68.863,0.352,70.216,72.164,73.127,71.674,69.032,0.0,0.036,0.087,20.0,20.0,57.806,48.311,0.0,73.11,75.052,73.79,77.469,54.387,63.958,58.575,-10.82,49.375,56.0,71.813,72.25,70.438,71.063,0.0,0.0,72.0,70.0,1000.0,200.0,0.0,17.078,72.188,70.75,-0.052,76.0,75.875,71.188,74.75,0.0,100.0,72.0,70.0,1000.0,200.0,-0.002,0.0,78.063,77.875,0.01,74.813,74.875,71.625,74.563,0.0,62.438,72.0,70.0,1000.0,200.0,-0.001,0.0,76.688,76.563,0.017,72.875,75.75,72.625,74.5,0.0,27.0,72.0,70.0,1000.0,200.0,0.0,0.0,75.125,74.875,-0.004,0.0,0.0,0.0,0.0,0.0,0.0,0.0,0.0,0.0,0.0,0.0,0.0,0.0,0.0,0.0,0.0,0.015,0.031,0.011,0.034,0.0,0.0,0.0,0.0,0.0,0.0,0.0,0.0,0.0,0.0,0.0,0.0,0.0,0.0,0.0,0.0,0.0,-0.149,0.0,-0.074,0.001,0.149,-0.148,0.149,-0.023,0.009,0.0,0.0,0.034,0.035,-0.011,0.0,0.0,-0.0
9072007,2330,0.0,1.0,1.0,1.0,100.0,0.0,0.0,0.0,0.0,0.0,0.0,33.968,35.139,0.012,0.02,0.0,80.0,55.0,1.4,17.266,2.248,67.121,0.906,70.216,72.058,73.127,71.78,69.032,0.0,0.036,0.087,20.0,20.0,57.806,48.283,0.0,73.218,75.052,73.79,77.469,54.387,63.854,58.575,-10.828,49.344,55.938,71.813,72.375,70.438,71.063,0.0,0.0,72.0,70.0,1000.0,200.0,0.0,17.422,72.188,70.875,-0.052,76.0,75.875,71.438,74.75,0.0,100.0,72.0,70.0,1000.0,200.0,-0.002,0.0,78.063,77.938,0.01,74.813,74.875,71.625,74.688,0.0,62.438,72.0,70.0,1000.0,200.0,-0.001,0.0,76.688,76.625,0.017,73.0,75.75,72.625,74.5,0.0,27.0,72.0,70.0,1000.0,200.0,0.0,0.0,75.125,74.875,-0.004,0.0,0.0,0.0,0.0,0.0,0.0,0.0,0.0,0.0,0.0,0.0,0.0,0.0,0.0,0.0,0.0,0.015,0.031,0.011,0.032,0.0,0.0,0.0,0.0,0.0,0.0,0.0,0.0,0.0,0.0,0.0,0.0,0.0,0.0,0.0,0.0,0.0,-0.149,-0.148,0.0,0.149,0.149,-0.148,0.001,-0.023,0.009,0.0,0.0,0.034,0.035,-0.01,0.0,0.0,-0.0
9072007,2331,0.0,1.0,1.0,1.0,100.0,0.0,0.0,0.0,0.0,0.0,0.0,35.139,35.139,0.012,0.02,0.0,80.0,55.0,1.4,17.359,2.248,67.121,0.134,70.216,72.058,73.022,71.674,69.032,0.0,0.036,0.087,20.0,20.0,57.75,48.311,0.0,73.11,74.978,73.896,77.543,54.46,63.958,58.648,-10.82,49.344,55.906,71.813,72.25,70.438,71.063,0.0,0.0,72.0,70.0,1000.0,200.0,0.0,17.266,72.188,70.875,-0.052,76.0,75.875,71.438,74.75,0.0,100.0,72.0,70.0,1000.0,200.0,-0.002,0.0,78.125,77.938,0.01,74.813,74.875,71.625,74.688,0.0,62.438,72.0,70.0,1000.0,200.0,-0.001,0.0,76.625,76.563,0.017,72.875,75.75,72.625,74.5,0.0,27.0,72.0,70.0,1000.0,200.0,0.0,0.0,75.125,74.875,-0.004,0.0,0.0,0.0,0.0,0.0,0.0,0.0,0.0,0.0,0.0,0.0,0.0,0.0,0.0,0.0,0.0,0.015,0.031,0.011,0.034,0.0,0.0,0.0,0.0,0.0,0.0,0.0,0.0,0.0,0.0,0.0,0.0,0.0,0.0,0.0,0.0,0.147,-0.149,0.0,0.0,0.149,0.149,-0.148,0.149,-0.028,0.009,0.0,0.0,0.035,0.035,-0.01,0.0,0.0,-0.0
9072007,2332,0.0,1.0,1.0,1.0,100.0,0.0,0.0,0.0,0.0,0.0,0.0,33.968,35.139,0.012,0.02,0.0,80.0,55.0,1.4,17.313,2.248,65.378,2.943,70.216,72.164,73.127,71.674,69.139,0.0,0.036,0.087,20.0,20.0,57.75,48.339,0.0,73.218,75.126,73.79,77.543,54.534,63.958,58.648,-10.82,49.375,55.969,71.813,72.25,70.438,71.063,0.0,0.0,72.0,70.0,1000.0,200.0,0.0,17.328,72.063,70.875,-0.052,76.0,75.875,71.438,74.75,0.0,100.0,72.0,70.0,1000.0,200.0,-0.002,0.0,78.125,77.938,0.01,74.875,74.875,71.625,74.75,0.0,62.438,72.0,70.0,1000.0,200.0,-0.001,0.0,76.625,76.563,0.017,72.875,75.75,72.625,74.5,0.0,27.0,72.0,70.0,1000.0,200.0,0.0,0.0,75.125,74.875,-0.004,0.0,0.0,0.0,0.0,0.0,0.0,0.0,0.0,0.0,0.0,0.0,0.0,0.0,0.0,0.0,0.0,0.017,0.031,0.011,0.034,0.0,0.0,0.0,0.0,0.0,0.0,0.0,0.0,0.0,0.0,0.0,0.0,0.0,0.0,0.0,0.0,0.147,-0.149,0.0,0.0,0.149,0.149,-0.148,0.149,-0.022,0.009,0.0,0.0,0.034,0.035,-0.009,0.0,0.0,-0.0
9072007,2333,0.0,1.0,1.0,1.0,100.0,0.0,0.0,0.0,0.0,0.0,0.0,33.968,35.139,0.012,0.02,0.0,80.0,55.0,1.4,17.313,2.248,72.345,-0.109,70.324,72.164,73.022,71.78,69.032,0.0,0.036,0.087,20.0,20.0,57.694,48.367,0.0,73.003,75.052,73.79,77.395,54.46,64.167,58.648,-10.82,49.344,55.594,71.75,72.25,70.438,71.125,0.0,0.0,72.0,70.0,1000.0,200.0,0.0,17.266,72.188,70.875,-0.052,76.0,75.875,71.188,74.75,0.0,100.0,72.0,70.0,1000.0,200.0,-0.002,0.0,78.125,77.938,0.01,74.813,74.875,71.625,74.688,0.0,62.438,72.0,70.0,1000.0,200.0,-0.001,0.0,76.688,76.563,0.017,72.875,75.75,72.625,74.5,0.0,27.0,72.0,70.0,1000.0,200.0,0.0,0.0,75.125,75.0,-0.004,0.0,0.0,0.0,0.0,0.0,0.0,0.0,0.0,0.0,0.0,0.0,0.0,0.0,0.0,0.0,0.0,0.015,0.031,0.011,0.032,0.0,0.0,0.0,0.0,0.0,0.0,0.0,0.0,0.0,0.0,0.0,0.0,0.0,0.0,0.0,0.0,0.0,-0.149,-0.148,0.0,0.149,0.149,-0.148,0.001,-0.022,0.009,0.0,0.0,0.034,0.035,-0.01,0.0,0.0,-0.0
9072007,2334,0.0,1.0,1.0,1.0,100.0,0.0,0.0,0.0,0.0,0.0,0.0,33.968,36.31,0.012,0.02,0.0,80.0,55.0,1.4,17.219,2.248,72.345,0.434,70.324,72.164,73.022,71.674,69.139,0.0,0.036,0.087,20.0,20.0,57.694,48.367,0.0,73.11,74.978,73.79,77.395,54.46,64.063,58.648,-10.82,49.344,55.656,71.75,72.25,70.438,71.063,0.0,0.0,72.0,70.0,1000.0,200.0,0.0,17.297,72.188,70.875,-0.052,76.0,75.875,71.438,74.75,0.0,100.0,72.0,70.0,1000.0,200.0,-0.002,0.0,78.125,77.938,0.01,74.813,74.875,71.625,74.688,0.0,62.438,72.0,70.0,1000.0,200.0,-0.001,0.0,76.688,76.563,0.019,72.875,75.75,72.625,74.5,0.0,27.0,72.0,70.0,1000.0,200.0,0.0,0.0,75.125,74.875,-0.004,0.0,0.0,0.0,0.0,0.0,0.0,0.0,0.0,0.0,0.0,0.0,0.0,0.0,0.0,0.0,0.0,0.015,0.031,0.011,0.032,0.0,0.0,0.0,0.0,0.0,0.0,0.0,0.0,0.0,0.0,0.0,0.0,0.0,0.0,0.0,0.0,0.147,-0.223,0.074,0.0,0.149,0.149,-0.148,0.001,-0.024,0.009,0.0,0.0,0.034,0.036,-0.01,0.0,0.0,-0.0
9072007,2335,0.0,1.0,1.0,1.0,100.0,0.0,0.0,0.0,0.0,0.0,0.0,35.139,36.31,0.012,0.02,0.0,80.0,55.0,1.4,17.344,2.248,75.824,1.96,70.324,72.164,73.022,71.78,69.139,0.0,0.036,0.091,20.0,20.0,57.582,48.395,0.0,73.218,75.052,73.684,77.469,54.607,64.063,58.72,-10.82,49.344,55.625,71.813,72.25,70.438,71.063,0.0,0.0,72.0,70.0,1000.0,200.0,0.0,17.328,72.188,70.875,-0.052,75.938,75.875,71.188,74.75,0.0,100.0,72.0,70.0,1000.0,200.0,-0.002,0.0,78.125,77.875,0.01,74.813,74.875,71.625,74.688,0.0,62.438,72.0,70.0,1000.0,200.0,-0.001,0.0,76.688,76.563,0.017,72.875,75.75,72.625,74.5,0.0,27.0,72.0,70.0,1000.0,200.0,0.0,0.0,75.0,74.875,-0.004,0.0,0.0,0.0,0.0,0.0,0.0,0.0,0.0,0.0,0.0,0.0,0.0,0.0,0.0,0.0,0.0,0.015,0.031,0.011,0.032,0.0,0.0,0.0,0.0,0.0,0.0,0.0,0.0,0.0,0.0,0.0,0.0,0.0,0.0,0.0,0.0,0.0,-0.149,-0.148,0.0,0.149,0.001,-0.148,0.001,-0.021,0.009,0.0,0.0,0.035,0.036,-0.01,0.0,0.0,-0.0
9072007,2336,0.0,1.0,1.0,1.0,100.0,0.0,0.0,0.0,0.0,0.0,0.0,35.139,35.139,0.012,0.02,0.0,80.0,55.0,1.4,17.266,2.248,74.085,0.359,70.324,72.058,73.022,71.78,69.139,0.0,0.036,0.087,20.0,20.0,57.554,48.395,0.0,73.11,75.052,73.896,77.469,54.607,64.272,58.793,-10.828,49.344,55.688,71.75,72.25,70.438,71.063,0.0,0.0,72.0,70.0,1000.0,200.0,0.0,17.328,72.188,70.875,-0.052,76.0,75.875,71.438,74.75,0.0,100.0,72.0,70.0,1000.0,200.0,-0.002,0.0,78.125,77.875,0.01,74.875,74.813,71.625,74.688,0.0,62.438,72.0,70.0,1000.0,200.0,-0.001,0.0,76.688,76.563,0.017,72.875,75.75,72.813,74.5,0.0,27.0,72.0,70.0,1000.0,200.0,0.0,0.0,75.125,75.0,-0.004,0.0,0.0,0.0,0.0,0.0,0.0,0.0,0.0,0.0,0.0,0.0,0.0,0.0,0.0,0.0,0.0,0.017,0.031,0.011,0.034,0.0,0.0,0.0,0.0,0.0,0.0,0.0,0.0,0.0,0.0,0.0,0.0,0.0,0.0,0.0,0.0,0.147,-0.149,0.0,0.0,0.149,0.001,-0.148,0.149,-0.025,0.009,0.0,0.0,0.035,0.035,-0.01,0.0,0.0,-0.0
9072007,2337,0.0,1.0,1.0,1.0,100.0,0.0,0.0,0.0,0.0,0.0,0.0,35.139,35.139,0.012,0.02,0.0,80.0,55.0,1.4,17.313,2.248,72.345,0.567,70.324,72.058,72.917,71.568,69.246,0.0,0.033,0.087,20.0,20.0,57.526,48.423,0.0,73.218,74.978,73.79,77.469,54.68,64.272,58.793,-10.82,49.344,55.563,71.813,72.25,70.438,71.063,0.0,0.0,72.0,70.0,1000.0,200.0,0.0,17.266,72.188,70.875,-0.052,76.0,75.688,71.438,74.688,0.0,100.0,72.0,70.0,1000.0,200.0,-0.002,0.0,78.125,77.875,0.01,74.813,74.875,71.625,74.688,0.0,62.438,72.0,70.0,1000.0,200.0,-0.001,0.0,76.688,76.563,0.017,72.875,75.75,72.625,74.5,0.0,27.0,72.0,70.0,1000.0,200.0,0.0,0.0,75.125,74.875,-0.004,0.0,0.0,0.0,0.0,0.0,0.0,0.0,0.0,0.0,0.0,0.0,0.0,0.0,0.0,0.0,0.0,0.015,0.031,0.011,0.032,0.0,0.0,0.0,0.0,0.0,0.0,0.0,0.0,0.0,0.0,0.0,0.0,0.0,0.0,0.0,0.0,0.0,-0.149,-0.148,0.0,0.149,0.149,-0.148,0.001,-0.025,0.009,0.0,0.0,0.035,0.035,-0.01,0.0,0.0,-0.0
9072007,2338,0.0,1.0,1.0,1.0,100.0,0.0,0.0,0.0,0.0,0.0,0.0,33.968,35.139,0.012,0.02,0.0,80.0,55.0,1.4,17.266,2.248,72.345,0.064,70.431,72.164,72.917,71.78,69.139,0.0,0.036,0.087,20.0,20.0,57.498,48.451,0.0,73.218,74.978,73.684,77.395,54.68,64.167,58.793,-10.82,49.313,55.594,71.75,72.188,70.438,71.063,0.0,0.0,72.0,70.0,1000.0,200.0,0.0,17.234,72.188,70.875,-0.052,75.938,75.875,71.188,74.688,0.0,100.0,72.0,70.0,1000.0,200.0,-0.002,0.0,78.063,77.938,0.01,74.813,74.875,71.625,74.688,0.0,62.438,72.0,70.0,1000.0,200.0,-0.001,0.0,76.688,76.563,0.017,72.875,75.75,72.625,74.563,0.0,27.0,72.0,70.0,1000.0,200.0,0.0,0.0,75.125,75.0,-0.004,0.0,0.0,0.0,0.0,0.0,0.0,0.0,0.0,0.0,0.0,0.0,0.0,0.0,0.0,0.0,0.0,0.015,0.031,0.011,0.034,0.0,0.0,0.0,0.0,0.0,0.0,0.0,0.0,0.0,0.0,0.0,0.0,0.0,0.0,0.0,0.0,0.0,-0.149,-0.148,0.0,0.001,0.001,-0.148,0.149,-0.022,0.009,0.0,0.0,0.034,0.035,-0.01,0.0,0.0,-0.0
9072007,2339,0.0,1.0,1.0,1.0,100.0,0.0,0.0,0.0,0.0,0.0,0.0,33.968,35.139,0.012,0.02,0.0,80.0,55.0,1.4,17.266,2.248,74.085,1.505,70.324,72.164,72.917,71.78,69.246,0.0,0.036,0.087,20.0,20.0,57.47,48.451,0.0,73.218,74.978,73.684,77.395,54.753,64.167,58.866,-10.82,49.313,55.563,71.813,72.25,70.438,71.125,0.0,0.0,72.0,70.0,1000.0,200.0,0.0,17.438,72.188,70.875,-0.052,75.938,75.875,71.438,74.75,0.0,100.0,72.0,70.0,1000.0,200.0,-0.002,0.0,78.063,77.875,0.01,74.813,74.875,71.625,74.688,0.0,62.438,72.0,70.0,1000.0,200.0,-0.001,0.0,76.813,76.563,0.017,72.875,75.75,72.625,74.5,0.0,27.0,72.0,70.0,1000.0,200.0,0.0,0.0,75.125,74.875,-0.004,0.0,0.0,0.0,0.0,0.0,0.0,0.0,0.0,0.0,0.0,0.0,0.0,0.0,0.0,0.0,0.0,0.015,0.031,0.011,0.034,0.0,0.0,0.0,0.0,0.0,0.0,0.0,0.0,0.0,0.0,0.0,0.0,0.0,0.0,0.0,0.0,0.147,-0.149,0.0,0.0,0.149,0.001,-0.148,0.001,-0.022,0.009,0.0,0.0,0.034,0.035,-0.01,0.0,0.001,-0.0
9072007,2340,0.0,1.0,1.0,1.0,100.0,0.0,0.0,0.0,0.0,0.0,0.0,35.139,35.139,0.012,0.02,0.0,80.0,55.0,1.4,17.406,2.248,72.345,0.351,70.324,72.164,73.022,71.78,69.246,0.0,0.036,0.087,20.0,20.0,57.526,48.479,0.0,73.11,74.978,73.79,77.321,54.753,64.167,58.793,-10.82,49.313,55.594,71.75,72.25,70.563,71.063,0.0,0.0,72.0,70.0,1000.0,200.0,0.0,17.375,72.188,70.938,-0.052,75.938,75.875,71.188,74.688,0.0,100.0,72.0,70.0,1000.0,200.0,-0.002,0.0,78.125,77.938,0.01,74.813,74.875,71.75,74.688,0.0,62.438,72.0,70.0,1000.0,200.0,-0.001,0.0,76.688,76.563,0.017,72.875,75.75,72.813,74.5,0.0,27.0,72.0,70.0,1000.0,200.0,0.0,0.0,75.125,75.0,-0.004,0.0,0.0,0.0,0.0,0.0,0.0,0.0,0.0,0.0,0.0,0.0,0.0,0.0,0.0,0.0,0.0,0.015,0.031,0.011,0.032,0.0,0.0,0.0,0.0,0.0,0.0,0.0,0.0,0.0,0.0,0.0,0.0,0.0,0.0,0.0,0.0,0.0,-0.001,-0.148,0.147,0.149,0.149,-0.148,0.001,-0.024,0.009,0.0,0.0,0.035,0.035,-0.01,0.0,0.0,-0.0
9072007,2341,0.0,1.0,1.0,1.0,100.0,0.0,0.0,0.0,0.0,0.0,0.0,35.139,35.139,0.022,0.02,0.0,80.0,55.0,1.4,17.578,2.248,70.604,1.103,70.324,72.164,72.917,71.674,69.139,0.0,0.036,0.087,20.0,20.0,57.442,48.507,0.0,73.003,75.052,73.79,77.469,54.9,64.376,59.012,-10.82,49.313,55.469,71.75,72.25,70.438,71.063,0.0,0.0,72.0,70.0,1000.0,200.0,0.0,17.266,72.188,70.938,-0.052,75.938,75.875,71.438,74.688,0.0,100.0,72.0,70.0,1000.0,200.0,-0.002,0.0,78.125,77.875,0.01,74.813,74.875,71.625,74.688,0.0,62.438,72.0,70.0,1000.0,200.0,-0.001,0.0,76.688,76.563,0.017,72.688,75.75,72.625,74.5,0.0,27.0,72.0,70.0,1000.0,200.0,0.0,0.0,75.0,75.0,-0.004,0.0,0.0,0.0,0.0,0.0,0.0,0.0,0.0,0.0,0.0,0.0,0.0,0.0,0.0,0.0,0.0,0.015,0.031,0.011,0.034,0.0,0.0,0.0,0.0,0.0,0.0,0.0,0.0,0.0,0.0,0.0,0.0,0.0,0.0,0.0,0.0,0.0,-0.149,-0.148,0.147,0.001,0.149,-0.148,0.001,-0.042,0.009,0.0,0.0,0.035,0.035,-0.01,0.0,0.0,0.0
9072007,2342,0.0,1.0,1.0,1.0,100.0,0.0,0.0,0.0,0.0,0.0,0.0,35.139,35.139,0.012,0.02,0.0,80.0,55.0,1.4,17.359,2.248,72.345,0.614,70.324,72.164,72.917,71.78,69.139,0.0,0.036,0.087,20.0,20.0,57.442,48.507,0.0,72.895,74.904,73.684,77.321,54.753,64.272,58.866,-10.82,49.281,55.406,71.75,72.25,70.438,71.125,0.0,0.0,72.0,70.0,1000.0,200.0,0.0,17.375,72.188,70.938,-0.052,75.938,75.938,71.438,74.688,0.0,100.0,72.0,70.0,1000.0,200.0,-0.002,0.0,78.063,77.875,0.01,74.813,74.813,71.75,74.688,0.0,62.438,72.0,70.0,1000.0,200.0,-0.001,0.0,76.688,76.563,0.017,72.875,75.75,72.813,74.5,0.0,27.0,72.0,70.0,1000.0,200.0,0.0,0.0,75.125,74.875,-0.004,0.0,0.0,0.0,0.0,0.0,0.0,0.0,0.0,0.0,0.0,0.0,0.0,0.0,0.0,0.0,0.0,0.017,0.031,0.01,0.034,0.0,0.0,0.0,0.0,0.0,0.0,0.0,0.0,0.0,0.0,0.0,0.0,0.0,0.0,0.0,0.0,0.147,-0.149,-0.148,0.0,0.149,0.001,0.0,0.001,-0.024,0.009,0.0,0.0,0.035,0.035,-0.01,0.0,0.0,-0.0
9072007,2343,0.0,1.0,1.0,1.0,100.0,0.0,0.0,0.0,0.0,0.0,0.0,35.139,35.139,0.012,0.02,0.0,80.0,55.0,1.4,17.359,1.126,72.345,0.455,70.324,72.164,72.917,71.78,69.246,0.0,0.036,0.087,20.0,20.0,57.498,48.507,0.0,73.11,74.904,73.684,77.321,54.9,64.272,58.939,-10.82,49.281,55.406,71.75,72.25,70.438,71.125,0.0,0.0,72.0,70.0,1000.0,200.0,0.0,17.328,72.188,70.875,-0.052,75.938,75.875,71.438,74.688,0.0,100.0,72.0,70.0,1000.0,200.0,-0.002,0.0,78.063,77.875,0.01,74.813,74.875,71.625,74.688,0.0,62.438,72.0,70.0,1000.0,200.0,-0.001,0.0,76.625,76.563,0.017,72.688,75.75,72.625,74.563,0.0,27.0,72.0,70.0,1000.0,200.0,0.0,0.0,75.125,75.0,-0.004,0.0,0.0,0.0,0.0,0.0,0.0,0.0,0.0,0.0,0.0,0.0,0.0,0.0,0.0,0.0,0.0,0.017,0.031,0.011,0.032,0.0,0.0,0.0,0.0,0.0,0.0,0.0,0.0,0.0,0.0,0.0,0.0,0.0,0.0,0.0,0.0,0.0,-0.149,0.0,0.0,0.149,0.001,0.0,0.001,-0.024,0.009,0.0,0.0,0.035,0.035,-0.01,0.0,0.0,-0.0
9072007,2344,0.0,1.0,1.0,1.0,100.0,0.0,0.0,0.0,0.0,0.0,0.0,33.968,35.139,0.022,0.02,0.0,80.0,55.0,1.4,17.359,1.126,70.604,2.475,70.431,72.164,72.812,71.674,69.246,0.0,0.036,0.087,20.0,20.0,57.414,48.507,0.0,73.003,74.978,73.79,77.321,54.9,64.272,59.012,-10.82,49.281,55.406,71.813,72.25,70.563,71.125,0.0,0.0,72.0,70.0,1000.0,200.0,0.0,17.234,72.188,70.875,-0.052,75.813,75.875,71.438,74.688,0.0,100.0,72.0,70.0,1000.0,200.0,-0.002,0.0,78.063,77.875,0.01,74.813,74.875,71.625,74.688,0.0,62.438,72.0,70.0,1000.0,200.0,-0.001,0.0,76.625,76.625,0.016,72.875,75.75,72.813,74.5,0.0,27.0,72.0,70.0,1000.0,200.0,0.0,0.0,75.125,74.875,-0.004,0.0,0.0,0.0,0.0,0.0,0.0,0.0,0.0,0.0,0.0,0.0,0.0,0.0,0.0,0.0,0.0,0.017,0.031,0.01,0.032,0.0,0.0,0.0,0.0,0.0,0.0,0.0,0.0,0.0,0.0,0.0,0.0,0.0,0.0,0.0,0.0,0.147,-0.149,0.0,0.0,0.001,0.001,-0.148,0.149,-0.043,0.009,0.0,0.0,0.034,0.035,-0.01,0.0,0.0,-0.0
9072007,2345,0.0,1.0,1.0,1.0,100.0,0.0,0.0,0.0,0.0,0.0,0.0,33.968,35.139,0.012,0.02,0.0,80.0,55.0,1.4,17.297,2.248,72.345,1.245,70.324,72.164,72.917,71.674,69.246,0.0,0.036,0.091,20.0,20.0,57.358,48.564,0.0,73.11,74.978,73.79,77.395,54.9,64.481,58.939,-10.82,49.281,55.406,71.813,72.25,70.563,71.125,0.0,0.0,72.0,70.0,1000.0,200.0,0.0,17.156,72.188,70.938,-0.052,75.813,75.875,71.438,74.688,0.0,100.0,72.0,70.0,1000.0,200.0,-0.002,0.0,78.125,77.938,0.01,74.625,74.875,71.75,74.688,0.0,62.438,72.0,70.0,1000.0,200.0,-0.001,0.0,76.625,76.563,0.017,72.688,75.75,72.625,74.5,0.0,27.0,72.0,70.0,1000.0,200.0,0.0,0.0,75.125,75.0,-0.004,0.0,0.0,0.0,0.0,0.0,0.0,0.0,0.0,0.0,0.0,0.0,0.0,0.0,0.0,0.0,0.0,0.015,0.031,0.011,0.034,0.0,0.0,0.0,0.0,0.0,0.0,0.0,0.0,0.0,0.0,0.0,0.0,0.0,0.0,0.0,0.0,0.147,-0.149,0.0,-0.074,0.001,0.001,-0.148,0.001,-0.024,0.008,0.0,0.0,0.034,0.035,-0.01,0.0,0.0,-0.0
9072007,2346,0.0,1.0,1.0,1.0,100.0,0.0,0.0,0.0,0.0,0.0,0.0,35.139,35.139,0.012,0.02,0.0,80.0,55.0,1.4,17.016,2.248,72.345,1.49,70.324,72.058,72.917,71.674,69.246,0.0,0.036,0.087,20.0,20.0,57.33,48.564,0.0,73.11,74.904,73.79,77.395,54.973,64.376,59.085,-10.82,49.313,55.5,71.813,72.25,70.563,71.063,0.0,0.0,72.0,70.0,1000.0,200.0,0.0,17.25,72.188,70.938,-0.052,75.813,75.875,71.438,74.688,0.0,100.0,72.0,70.0,1000.0,200.0,-0.002,0.0,78.125,77.875,0.01,74.813,74.813,71.625,74.688,0.0,62.438,72.0,70.0,1000.0,200.0,-0.001,0.0,76.625,76.563,0.017,72.688,75.75,72.813,74.5,0.0,27.0,72.0,70.0,1000.0,200.0,0.0,0.0,75.125,74.875,-0.004,0.0,0.0,0.0,0.0,0.0,0.0,0.0,0.0,0.0,0.0,0.0,0.0,0.0,0.0,0.0,0.0,0.015,0.031,0.011,0.032,0.0,0.0,0.0,0.0,0.0,0.0,0.0,0.0,0.0,0.0,0.0,0.0,0.0,0.0,0.0,0.0,0.147,-0.149,0.0,0.0,0.001,0.149,-0.148,0.149,-0.027,0.009,0.0,0.0,0.035,0.035,-0.01,0.0,0.0,-0.0
9072007,2347,0.0,1.0,1.0,1.0,100.0,0.0,0.0,0.0,0.0,0.0,0.0,35.139,35.139,0.012,0.02,0.0,80.0,55.0,1.4,17.016,4.493,74.085,3.724,70.431,72.164,72.917,71.674,69.353,0.0,0.036,0.091,20.0,20.0,57.273,48.564,0.0,73.11,74.978,73.684,77.395,55.12,64.481,59.158,-10.82,49.313,55.5,71.75,72.25,70.563,71.125,0.0,0.0,72.0,70.0,1000.0,200.0,0.0,17.188,72.188,70.938,-0.052,75.813,75.688,71.438,74.688,0.0,100.0,72.0,70.0,1000.0,200.0,-0.002,0.0,78.125,77.875,0.01,74.813,74.813,71.75,74.688,0.0,62.438,72.0,70.0,1000.0,200.0,-0.001,0.0,76.625,76.563,0.017,72.875,75.75,72.813,74.5,0.0,27.0,72.0,70.0,1000.0,200.0,0.0,0.0,75.125,74.875,-0.004,0.0,0.0,0.0,0.0,0.0,0.0,0.0,0.0,0.0,0.0,0.0,0.0,0.0,0.0,0.0,0.0,0.015,0.031,0.01,0.032,0.0,0.0,0.0,0.0,0.0,0.0,0.0,0.0,0.0,0.0,0.0,0.0,0.0,0.0,0.0,0.0,0.0,-0.149,-0.148,0.0,0.001,0.001,-0.148,0.001,-0.022,0.009,0.0,0.0,0.035,0.035,-0.01,0.0,0.0,-0.0
9072007,2348,0.0,1.0,1.0,1.0,100.0,0.0,0.0,0.0,0.0,0.0,0.0,35.139,35.139,0.012,0.02,0.0,80.0,55.0,1.4,17.188,3.37,82.776,0.37,70.431,72.164,72.917,71.78,69.246,0.0,0.036,0.087,20.0,20.0,57.273,48.536,0.0,73.003,74.978,73.79,77.395,55.193,64.585,59.158,-10.82,49.344,55.094,71.75,72.25,70.438,71.125,0.0,0.0,72.0,70.0,1000.0,200.0,0.0,17.25,72.188,70.875,-0.052,75.938,75.875,71.438,74.688,0.0,100.0,72.0,70.0,1000.0,200.0,-0.002,0.0,78.063,77.875,0.01,74.625,74.875,71.625,74.688,0.0,62.438,72.0,70.0,1000.0,200.0,-0.001,0.0,76.625,76.563,0.017,72.688,75.75,72.813,74.5,0.0,27.0,72.0,70.0,1000.0,200.0,0.0,0.0,75.125,74.875,-0.004,0.0,0.0,0.0,0.0,0.0,0.0,0.0,0.0,0.0,0.0,0.0,0.0,0.0,0.0,0.0,0.0,0.017,0.031,0.011,0.034,0.0,0.0,0.0,0.0,0.0,0.0,0.0,0.0,0.0,0.0,0.0,0.0,0.0,0.0,0.0,0.0,0.0,-0.149,-0.148,0.147,0.149,0.001,0.0,0.001,-0.024,0.008,0.0,0.0,0.035,0.035,-0.01,0.0,0.0,-0.0
9072007,2349,0.0,1.0,1.0,1.0,100.0,0.0,0.0,0.0,0.0,0.0,0.0,33.968,35.139,0.022,0.02,0.0,80.0,55.0,1.4,17.313,2.248,68.863,2.577,70.431,72.164,73.022,71.78,69.246,0.0,0.036,0.087,20.0,20.0,57.189,48.507,0.0,73.11,74.978,73.79,77.395,55.193,64.376,59.158,-10.828,49.375,55.406,71.813,72.375,70.438,71.063,0.0,0.0,72.0,70.0,1000.0,200.0,0.0,17.219,72.188,70.938,-0.052,75.813,75.875,71.438,74.688,0.0,100.0,72.0,70.0,1000.0,200.0,-0.002,0.0,78.125,77.875,0.01,74.625,74.813,71.75,74.688,0.0,62.438,72.0,70.0,1000.0,200.0,-0.001,0.0,76.688,76.563,0.017,72.875,75.75,72.813,74.5,0.0,27.0,72.0,70.0,1000.0,200.0,0.0,0.0,75.125,75.0,-0.004,0.0,0.0,0.0,0.0,0.0,0.0,0.0,0.0,0.0,0.0,0.0,0.0,0.0,0.0,0.0,0.0,0.015,0.031,0.011,0.034,0.0,0.0,0.0,0.0,0.0,0.0,0.0,0.0,0.0,0.0,0.0,0.0,0.0,0.0,0.0,0.0,0.147,-0.149,0.0,0.147,0.149,0.001,-0.148,0.149,-0.045,0.009,0.0,0.0,0.034,0.035,-0.01,0.0,0.0,-0.0
9072007,2350,0.0,1.0,1.0,1.0,100.0,0.0,0.0,0.0,0.0,0.0,0.0,35.139,35.139,0.012,0.02,0.0,80.0,55.0,1.4,17.156,2.248,65.378,1.15,70.431,72.164,73.022,71.674,69.246,0.0,0.036,0.087,20.0,20.0,57.245,48.507,0.0,73.003,74.978,73.684,77.395,55.266,64.376,59.23,-10.82,49.375,55.438,71.813,72.25,70.563,71.125,0.0,0.0,72.0,70.0,1000.0,200.0,0.0,17.281,72.313,70.938,-0.052,75.813,75.875,71.438,74.688,0.0,100.0,72.0,70.0,1000.0,200.0,-0.002,0.0,78.063,77.938,0.01,74.625,74.813,71.75,74.688,0.0,62.438,72.0,70.0,1000.0,200.0,-0.001,0.0,76.688,76.563,0.017,72.688,75.75,72.813,74.5,0.0,27.0,72.0,70.0,1000.0,200.0,0.0,0.0,75.0,75.0,-0.004,0.0,0.0,0.0,0.0,0.0,0.0,0.0,0.0,0.0,0.0,0.0,0.0,0.0,0.0,0.0,0.0,0.017,0.031,0.011,0.034,0.0,0.0,0.0,0.0,0.0,0.0,0.0,0.0,0.0,0.0,0.0,0.0,0.0,0.0,0.0,0.0,0.147,-0.149,0.0,0.0,0.149,0.001,0.0,0.001,-0.022,0.009,0.0,0.0,0.035,0.035,-0.01,0.0,0.0,0.0
9072007,2351,0.0,1.0,1.0,1.0,100.0,0.0,0.0,0.0,0.0,0.0,0.0,33.968,35.139,0.012,0.02,0.0,80.0,55.0,1.4,17.156,2.248,61.892,0.159,70.431,72.27,73.127,71.78,69.353,0.0,0.036,0.087,20.0,20.0,57.358,48.423,0.0,73.003,74.904,73.684,77.321,55.193,64.376,59.23,-10.82,49.344,55.563,71.813,72.375,70.563,71.125,0.0,0.0,72.0,70.0,1000.0,200.0,0.0,17.203,72.313,70.938,-0.052,75.813,75.875,71.438,74.688,0.0,100.0,72.0,70.0,1000.0,200.0,-0.002,0.0,78.125,77.875,0.01,74.625,74.875,71.75,74.563,0.0,62.438,72.0,70.0,1000.0,200.0,-0.001,0.0,76.688,76.563,0.017,72.688,75.75,72.813,74.5,0.0,27.0,72.0,70.0,1000.0,200.0,0.0,0.0,75.125,74.875,-0.004,0.0,0.0,0.0,0.0,0.0,0.0,0.0,0.0,0.0,0.0,0.0,0.0,0.0,0.0,0.0,0.0,0.015,0.031,0.011,0.032,0.0,0.0,0.0,0.0,0.0,0.0,0.0,0.0,0.0,0.0,0.0,0.0,0.0,0.0,0.0,0.0,0.147,-0.149,-0.148,0.0,0.149,0.001,-0.148,0.001,-0.024,0.009,0.0,0.0,0.034,0.035,-0.01,0.0,0.0,-0.0
9072007,2352,0.0,1.0,1.0,1.0,100.0,0.0,0.0,0.0,0.0,0.0,0.0,35.139,36.31,0.012,0.02,0.0,80.0,55.0,1.4,17.203,2.248,46.17,3.928,70.431,72.164,73.127,71.78,69.353,0.0,0.036,0.087,20.0,20.0,57.33,48.339,0.0,73.003,74.978,73.79,77.395,55.34,64.481,59.303,-10.828,49.375,55.969,71.75,72.375,70.563,71.125,0.0,0.0,72.0,70.0,1000.0,200.0,0.0,17.344,72.313,70.938,-0.052,75.813,75.875,71.438,74.75,0.0,100.0,72.0,70.0,1000.0,200.0,-0.002,0.0,78.063,77.875,0.01,74.625,74.813,71.75,74.688,0.0,62.438,72.0,70.0,1000.0,200.0,-0.001,0.0,76.688,76.563,0.017,72.875,75.75,72.813,74.5,0.0,27.0,72.0,70.0,1000.0,200.0,0.0,0.0,75.125,74.875,-0.004,0.0,0.0,0.0,0.0,0.0,0.0,0.0,0.0,0.0,0.0,0.0,0.0,0.0,0.0,0.0,0.0,0.015,0.031,0.011,0.034,0.0,0.0,0.0,0.0,0.0,0.0,0.0,0.0,0.0,0.0,0.0,0.0,0.0,0.0,0.0,0.0,0.147,-0.149,0.0,0.0,0.001,0.149,-0.148,0.149,-0.024,0.009,0.0,0.0,0.035,0.036,-0.01,0.0,0.0,-0.0
9072007,2353,0.0,1.0,1.0,1.0,100.0,0.0,0.0,0.0,0.0,0.0,0.0,35.139,35.139,0.012,0.02,0.0,80.0,55.0,1.4,17.328,2.248,61.892,1.227,70.431,72.27,73.127,71.78,69.353,0.0,0.04,0.087,20.0,20.0,57.33,48.283,0.0,73.003,74.904,73.684,77.395,55.34,64.481,59.303,-10.82,49.313,55.594,71.813,72.375,70.563,71.063,0.0,0.0,72.0,70.0,1000.0,200.0,0.0,17.375,72.313,70.938,-0.052,75.813,75.875,71.438,74.688,0.0,100.0,72.0,70.0,1000.0,200.0,-0.002,0.0,78.125,77.875,0.01,74.625,74.813,71.75,74.688,0.0,62.438,72.0,70.0,1000.0,200.0,-0.001,0.0,76.688,76.563,0.017,72.688,75.75,72.813,74.5,0.0,27.0,72.0,70.0,1000.0,200.0,0.0,0.0,75.125,75.125,-0.004,0.0,0.0,0.0,0.0,0.0,0.0,0.0,0.0,0.0,0.0,0.0,0.0,0.0,0.0,0.0,0.0,0.015,0.031,0.011,0.034,0.0,0.0,0.0,0.0,0.0,0.0,0.0,0.0,0.0,0.0,0.0,0.0,0.0,0.0,0.0,0.0,0.147,-0.149,-0.148,0.0,0.149,0.001,0.0,0.001,-0.025,0.009,0.0,0.0,0.035,0.035,-0.01,0.0,0.0,0.0
9072007,2354,0.0,1.0,1.0,1.0,100.0,0.0,0.0,0.0,0.0,0.0,0.0,33.968,36.31,0.012,0.02,0.0,80.0,55.0,1.4,17.344,2.248,63.635,1.92,70.431,72.27,73.127,71.674,69.46,0.0,0.036,0.087,20.0,20.0,57.498,48.255,0.0,73.11,74.978,73.684,77.395,55.413,64.481,59.303,-10.82,49.313,55.438,71.75,72.375,70.438,71.375,0.0,0.0,72.0,70.0,1000.0,200.0,0.0,17.328,72.188,70.938,-0.052,75.813,75.875,71.438,74.688,0.0,100.0,72.0,70.0,1000.0,200.0,-0.002,0.0,78.063,77.875,0.01,74.625,74.875,71.75,74.688,0.0,62.438,72.0,70.0,1000.0,200.0,-0.001,0.0,76.688,76.563,0.017,72.688,75.75,72.813,74.5,0.0,27.0,72.0,70.0,1000.0,200.0,0.0,0.0,75.125,74.875,-0.004,0.0,0.0,0.0,0.0,0.0,0.0,0.0,0.0,0.0,0.0,0.0,0.0,0.0,0.0,0.0,0.0,0.017,0.031,0.011,0.032,0.0,0.0,0.0,0.0,0.0,0.0,0.0,0.0,0.0,0.0,0.0,0.0,0.0,0.0,0.0,0.0,0.147,-0.149,0.0,0.0,0.149,0.001,-0.148,0.001,-0.022,0.009,0.0,0.0,0.034,0.036,-0.01,0.0,0.0,-0.0
9072007,2355,0.0,1.0,1.0,1.0,100.0,0.0,0.0,0.0,0.0,0.0,0.0,33.968,35.139,0.012,0.02,0.0,80.0,55.0,1.4,17.484,2.248,61.892,1.077,70.539,72.27,73.232,71.78,69.46,0.0,0.036,0.091,20.0,20.0,57.414,48.227,0.0,73.003,74.904,73.79,77.395,55.413,64.481,59.303,-10.82,49.313,55.375,71.75,72.375,70.438,71.063,0.0,0.0,72.0,70.0,1000.0,200.0,0.0,17.406,72.188,70.938,-0.052,75.813,75.688,71.563,74.75,0.0,100.0,72.0,70.0,1000.0,200.0,-0.002,0.0,78.063,77.875,0.01,74.625,74.875,71.813,74.688,0.0,62.438,72.0,70.0,1000.0,200.0,-0.001,0.0,76.688,76.563,0.017,72.688,75.75,72.813,74.5,0.0,27.0,72.0,70.0,1000.0,200.0,0.0,0.0,75.0,74.875,-0.004,0.0,0.0,0.0,0.0,0.0,0.0,0.0,0.0,0.0,0.0,0.0,0.0,0.0,0.0,0.0,0.0,0.017,0.031,0.011,0.032,0.0,0.0,0.0,0.0,0.0,0.0,0.0,0.0,0.0,0.0,0.0,0.0,0.0,0.0,0.0,0.0,0.147,-0.149,0.0,0.0,0.149,0.001,0.0,0.001,-0.027,0.009,0.0,0.0,0.034,0.035,-0.01,0.0,0.0,-0.0
9072007,2356,0.0,1.0,1.0,1.0,100.0,0.0,0.0,0.0,0.0,0.0,0.0,35.139,35.139,0.012,0.02,0.0,80.0,55.0,1.4,17.484,2.248,67.121,1.597,70.539,72.482,73.443,71.885,69.46,0.0,0.036,0.087,20.0,20.0,57.245,48.199,0.0,73.11,74.978,73.79,77.395,55.486,64.794,59.449,-10.828,49.281,55.25,71.75,72.375,70.438,71.063,0.0,0.0,72.0,70.0,1000.0,200.0,0.0,17.125,72.313,70.938,-0.052,75.75,75.688,71.563,74.75,0.0,100.0,72.0,70.0,1000.0,200.0,-0.002,0.0,78.063,77.875,0.01,74.813,74.875,71.75,74.688,0.0,62.438,72.0,70.0,1000.0,200.0,-0.001,0.0,76.688,76.563,0.017,72.875,75.75,72.813,74.5,0.0,27.0,72.0,70.0,1000.0,200.0,0.0,0.0,75.125,75.0,-0.004,0.0,0.0,0.0,0.0,0.0,0.0,0.0,0.0,0.0,0.0,0.0,0.0,0.0,0.0,0.0,0.0,0.015,0.031,0.011,0.032,0.0,0.0,0.0,0.0,0.0,0.0,0.0,0.0,0.0,0.0,0.0,0.0,0.0,0.0,0.0,0.0,0.147,-0.149,0.0,0.0,0.001,0.001,-0.148,0.149,-0.024,0.009,0.0,0.0,0.035,0.035,-0.01,0.0,0.0,-0.0
9072007,2357,0.0,1.0,1.0,1.0,100.0,0.0,0.0,0.0,0.0,0.0,0.0,35.139,35.139,0.012,0.02,0.0,80.0,55.0,1.4,17.188,2.248,68.863,3.816,70.539,72.27,73.232,71.78,69.46,0.0,0.036,0.087,20.0,20.0,57.217,48.227,0.0,73.003,74.904,73.684,77.321,55.486,64.585,59.376,-10.82,49.281,55.156,71.75,72.375,70.688,71.125,0.0,0.0,72.0,70.0,1000.0,200.0,0.0,17.328,72.313,70.938,-0.052,75.813,75.563,71.438,74.688,0.0,100.0,72.0,70.0,1000.0,200.0,-0.002,0.0,78.063,77.875,0.009,74.625,74.875,71.813,74.688,0.0,62.438,72.0,70.0,1000.0,200.0,-0.001,0.0,76.688,76.563,0.017,72.688,75.75,72.813,74.5,0.0,27.0,72.0,70.0,1000.0,200.0,0.0,0.0,75.125,74.875,-0.004,0.0,0.0,0.0,0.0,0.0,0.0,0.0,0.0,0.0,0.0,0.0,0.0,0.0,0.0,0.0,0.0,0.015,0.031,0.011,0.032,0.0,0.0,0.0,0.0,0.0,0.0,0.0,0.0,0.0,0.0,0.0,0.0,0.0,0.0,0.0,0.0,0.0,-0.149,-0.148,0.0,0.149,0.001,0.074,0.149,-0.024,0.009,0.0,0.0,0.035,0.035,-0.01,0.0,0.0,-0.0
9072007,2358,0.0,1.0,1.0,1.0,100.0,0.0,0.0,0.0,0.0,0.0,0.0,35.139,35.139,0.012,0.02,0.0,80.0,55.0,1.4,17.25,2.248,67.121,2.141,70.431,72.27,73.232,71.78,69.353,0.0,0.036,0.087,20.0,20.0,57.105,48.227,0.0,72.895,74.904,73.684,77.395,55.486,64.585,59.449,-10.828,49.281,55.094,71.75,72.438,70.563,71.125,0.0,0.0,72.0,70.0,1000.0,200.0,0.0,17.188,72.313,70.938,-0.052,75.75,75.688,71.438,74.688,0.0,100.0,72.0,70.0,1000.0,200.0,-0.002,0.0,78.063,77.875,0.009,74.625,74.875,71.75,74.688,0.0,62.438,72.0,70.0,1000.0,200.0,-0.001,0.0,76.625,76.563,0.017,72.688,75.75,72.813,74.5,0.0,27.0,72.0,70.0,1000.0,200.0,0.0,0.0,75.125,75.0,-0.004,0.0,0.0,0.0,0.0,0.0,0.0,0.0,0.0,0.0,0.0,0.0,0.0,0.0,0.0,0.0,0.0,0.015,0.031,0.011,0.032,0.0,0.0,0.0,0.0,0.0,0.0,0.0,0.0,0.0,0.0,0.0,0.0,0.0,0.0,0.0,0.0,0.147,-0.149,0.0,0.0,0.001,0.149,-0.148,0.149,-0.025,0.009,0.0,0.0,0.035,0.035,-0.01,0.0,0.0,-0.0
9072007,2359,0.0,1.0,1.0,1.0,100.0,0.0,0.0,0.0,0.0,0.0,0.0,35.139,36.31,0.022,0.02,0.0,80.0,55.0,1.4,17.188,2.248,70.604,1.416,70.539,72.27,73.127,71.78,69.46,0.0,0.036,0.087,20.0,20.0,57.133,48.255,0.0,73.003,74.978,73.684,77.395,55.559,64.585,59.449,-10.82,49.25,55.094,71.75,72.375,70.563,71.125,0.0,0.0,72.0,70.0,1000.0,200.0,0.0,17.203,72.188,71.125,-0.052,75.625,75.688,71.563,74.688,0.0,100.0,72.0,70.0,1000.0,200.0,-0.002,0.0,78.063,77.875,0.009,74.625,74.875,71.75,74.688,0.0,62.438,72.0,70.0,1000.0,200.0,-0.001,0.0,76.688,76.563,0.017,72.875,75.75,72.813,74.5,0.0,27.0,72.0,70.0,1000.0,200.0,0.0,0.0,75.0,74.875,-0.004,0.0,0.0,0.0,0.0,0.0,0.0,0.0,0.0,0.0,0.0,0.0,0.0,0.0,0.0,0.0,0.0,0.015,0.031,0.011,0.034,0.0,0.0,0.0,0.0,0.0,0.0,0.0,0.0,0.0,0.0,0.0,0.0,0.0,0.0,0.0,0.0,0.147,-0.149,0.0,0.0,0.001,0.149,-0.148,0.149,-0.041,0.009,0.0,0.0,0.035,0.036,-0.008,0.0,0.0,-0.0
